SpatialCondition,treatment,SNR,nTrials,nCorrect,pCorrect,iteration
colocated,False,-4.0,116,58,50.0,0
colocated,False,-2.0,116,62,53.44827586206896,0
colocated,False,0.0,116,70,60.3448275862069,0
colocated,False,1.0,116,81,69.82758620689656,0
colocated,False,2.0,116,82,70.6896551724138,0
colocated,False,3.0,116,64,55.172413793103445,0
colocated,False,4.0,116,81,69.82758620689656,0
colocated,False,5.0,116,74,63.793103448275865,0
separated,False,-4.0,116,63,54.310344827586206,0
separated,False,-2.0,116,73,62.93103448275862,0
separated,False,0.0,116,74,63.793103448275865,0
separated,False,1.0,116,95,81.89655172413794,0
separated,False,2.0,116,73,62.93103448275862,0
separated,False,3.0,116,69,59.48275862068966,0
separated,False,4.0,116,86,74.13793103448276,0
separated,False,5.0,116,82,70.6896551724138,0
single_speaker,False,-4.0,116,83,71.55172413793103,0
single_speaker,False,-2.0,116,79,68.10344827586206,0
single_speaker,False,0.0,116,88,75.86206896551724,0
single_speaker,False,1.0,116,89,76.72413793103449,0
single_speaker,False,2.0,116,94,81.03448275862068,0
single_speaker,False,3.0,116,79,68.10344827586206,0
single_speaker,False,4.0,116,90,77.58620689655173,0
single_speaker,False,5.0,116,78,67.24137931034483,0
colocated,False,-4.0,116,68,58.620689655172406,1
colocated,False,-2.0,116,73,62.93103448275862,1
colocated,False,0.0,116,65,56.03448275862068,1
colocated,False,1.0,116,70,60.3448275862069,1
colocated,False,2.0,116,88,75.86206896551724,1
colocated,False,3.0,116,68,58.620689655172406,1
colocated,False,4.0,116,82,70.6896551724138,1
colocated,False,5.0,116,75,64.65517241379311,1
separated,False,-4.0,116,63,54.310344827586206,1
separated,False,-2.0,116,76,65.51724137931035,1
separated,False,0.0,116,77,66.37931034482759,1
separated,False,1.0,116,92,79.3103448275862,1
separated,False,2.0,116,82,70.6896551724138,1
separated,False,3.0,116,64,55.172413793103445,1
separated,False,4.0,116,79,68.10344827586206,1
separated,False,5.0,116,72,62.06896551724138,1
single_speaker,False,-4.0,116,85,73.27586206896551,1
single_speaker,False,-2.0,116,80,68.96551724137932,1
single_speaker,False,0.0,116,92,79.3103448275862,1
single_speaker,False,1.0,116,96,82.75862068965517,1
single_speaker,False,2.0,116,103,88.79310344827587,1
single_speaker,False,3.0,116,78,67.24137931034483,1
single_speaker,False,4.0,116,98,84.48275862068965,1
single_speaker,False,5.0,116,88,75.86206896551724,1
colocated,False,-4.0,116,72,62.06896551724138,2
colocated,False,-2.0,116,72,62.06896551724138,2
colocated,False,0.0,116,73,62.93103448275862,2
colocated,False,1.0,116,78,67.24137931034483,2
colocated,False,2.0,116,84,72.41379310344827,2
colocated,False,3.0,116,60,51.724137931034484,2
colocated,False,4.0,116,80,68.96551724137932,2
colocated,False,5.0,116,89,76.72413793103449,2
separated,False,-4.0,116,61,52.58620689655172,2
separated,False,-2.0,116,69,59.48275862068966,2
separated,False,0.0,116,73,62.93103448275862,2
separated,False,1.0,116,89,76.72413793103449,2
separated,False,2.0,116,82,70.6896551724138,2
separated,False,3.0,116,66,56.896551724137936,2
separated,False,4.0,116,76,65.51724137931035,2
separated,False,5.0,116,84,72.41379310344827,2
single_speaker,False,-4.0,116,78,67.24137931034483,2
single_speaker,False,-2.0,116,74,63.793103448275865,2
single_speaker,False,0.0,116,79,68.10344827586206,2
single_speaker,False,1.0,116,99,85.34482758620689,2
single_speaker,False,2.0,116,95,81.89655172413794,2
single_speaker,False,3.0,116,82,70.6896551724138,2
single_speaker,False,4.0,116,98,84.48275862068965,2
single_speaker,False,5.0,116,81,69.82758620689656,2
colocated,False,-4.0,116,64,55.172413793103445,3
colocated,False,-2.0,116,70,60.3448275862069,3
colocated,False,0.0,116,72,62.06896551724138,3
colocated,False,1.0,116,83,71.55172413793103,3
colocated,False,2.0,116,91,78.44827586206897,3
colocated,False,3.0,116,67,57.758620689655174,3
colocated,False,4.0,116,80,68.96551724137932,3
colocated,False,5.0,116,81,69.82758620689656,3
separated,False,-4.0,116,66,56.896551724137936,3
separated,False,-2.0,116,73,62.93103448275862,3
separated,False,0.0,116,73,62.93103448275862,3
separated,False,1.0,116,102,87.93103448275862,3
separated,False,2.0,116,73,62.93103448275862,3
separated,False,3.0,116,77,66.37931034482759,3
separated,False,4.0,116,79,68.10344827586206,3
separated,False,5.0,116,82,70.6896551724138,3
single_speaker,False,-4.0,116,91,78.44827586206897,3
single_speaker,False,-2.0,116,70,60.3448275862069,3
single_speaker,False,0.0,116,75,64.65517241379311,3
single_speaker,False,1.0,116,94,81.03448275862068,3
single_speaker,False,2.0,116,99,85.34482758620689,3
single_speaker,False,3.0,116,84,72.41379310344827,3
single_speaker,False,4.0,116,101,87.06896551724138,3
single_speaker,False,5.0,116,87,75.0,3
colocated,False,-4.0,116,71,61.206896551724135,4
colocated,False,-2.0,116,71,61.206896551724135,4
colocated,False,0.0,116,69,59.48275862068966,4
colocated,False,1.0,116,72,62.06896551724138,4
colocated,False,2.0,116,91,78.44827586206897,4
colocated,False,3.0,116,63,54.310344827586206,4
colocated,False,4.0,116,70,60.3448275862069,4
colocated,False,5.0,116,79,68.10344827586206,4
separated,False,-4.0,116,52,44.827586206896555,4
separated,False,-2.0,116,74,63.793103448275865,4
separated,False,0.0,116,78,67.24137931034483,4
separated,False,1.0,116,100,86.20689655172413,4
separated,False,2.0,116,79,68.10344827586206,4
separated,False,3.0,116,74,63.793103448275865,4
separated,False,4.0,116,81,69.82758620689656,4
separated,False,5.0,116,75,64.65517241379311,4
single_speaker,False,-4.0,116,88,75.86206896551724,4
single_speaker,False,-2.0,116,80,68.96551724137932,4
single_speaker,False,0.0,116,77,66.37931034482759,4
single_speaker,False,1.0,116,91,78.44827586206897,4
single_speaker,False,2.0,116,99,85.34482758620689,4
single_speaker,False,3.0,116,83,71.55172413793103,4
single_speaker,False,4.0,116,95,81.89655172413794,4
single_speaker,False,5.0,116,92,79.3103448275862,4
colocated,False,-4.0,116,68,58.620689655172406,5
colocated,False,-2.0,116,66,56.896551724137936,5
colocated,False,0.0,116,73,62.93103448275862,5
colocated,False,1.0,116,81,69.82758620689656,5
colocated,False,2.0,116,83,71.55172413793103,5
colocated,False,3.0,116,74,63.793103448275865,5
colocated,False,4.0,116,82,70.6896551724138,5
colocated,False,5.0,116,84,72.41379310344827,5
separated,False,-4.0,116,55,47.41379310344828,5
separated,False,-2.0,116,72,62.06896551724138,5
separated,False,0.0,116,67,57.758620689655174,5
separated,False,1.0,116,95,81.89655172413794,5
separated,False,2.0,116,72,62.06896551724138,5
separated,False,3.0,116,67,57.758620689655174,5
separated,False,4.0,116,82,70.6896551724138,5
separated,False,5.0,116,77,66.37931034482759,5
single_speaker,False,-4.0,116,95,81.89655172413794,5
single_speaker,False,-2.0,116,80,68.96551724137932,5
single_speaker,False,0.0,116,83,71.55172413793103,5
single_speaker,False,1.0,116,88,75.86206896551724,5
single_speaker,False,2.0,116,97,83.62068965517241,5
single_speaker,False,3.0,116,83,71.55172413793103,5
single_speaker,False,4.0,116,96,82.75862068965517,5
single_speaker,False,5.0,116,74,63.793103448275865,5
colocated,False,-4.0,116,61,52.58620689655172,6
colocated,False,-2.0,116,75,64.65517241379311,6
colocated,False,0.0,116,66,56.896551724137936,6
colocated,False,1.0,116,76,65.51724137931035,6
colocated,False,2.0,116,90,77.58620689655173,6
colocated,False,3.0,116,74,63.793103448275865,6
colocated,False,4.0,116,74,63.793103448275865,6
colocated,False,5.0,116,68,58.620689655172406,6
separated,False,-4.0,116,68,58.620689655172406,6
separated,False,-2.0,116,79,68.10344827586206,6
separated,False,0.0,116,71,61.206896551724135,6
separated,False,1.0,116,90,77.58620689655173,6
separated,False,2.0,116,75,64.65517241379311,6
separated,False,3.0,116,75,64.65517241379311,6
separated,False,4.0,116,80,68.96551724137932,6
separated,False,5.0,116,82,70.6896551724138,6
single_speaker,False,-4.0,116,92,79.3103448275862,6
single_speaker,False,-2.0,116,81,69.82758620689656,6
single_speaker,False,0.0,116,80,68.96551724137932,6
single_speaker,False,1.0,116,92,79.3103448275862,6
single_speaker,False,2.0,116,98,84.48275862068965,6
single_speaker,False,3.0,116,87,75.0,6
single_speaker,False,4.0,116,94,81.03448275862068,6
single_speaker,False,5.0,116,87,75.0,6
colocated,False,-4.0,116,68,58.620689655172406,7
colocated,False,-2.0,116,71,61.206896551724135,7
colocated,False,0.0,116,74,63.793103448275865,7
colocated,False,1.0,116,81,69.82758620689656,7
colocated,False,2.0,116,89,76.72413793103449,7
colocated,False,3.0,116,72,62.06896551724138,7
colocated,False,4.0,116,79,68.10344827586206,7
colocated,False,5.0,116,72,62.06896551724138,7
separated,False,-4.0,116,59,50.86206896551724,7
separated,False,-2.0,116,72,62.06896551724138,7
separated,False,0.0,116,72,62.06896551724138,7
separated,False,1.0,116,89,76.72413793103449,7
separated,False,2.0,116,77,66.37931034482759,7
separated,False,3.0,116,68,58.620689655172406,7
separated,False,4.0,116,83,71.55172413793103,7
separated,False,5.0,116,76,65.51724137931035,7
single_speaker,False,-4.0,116,80,68.96551724137932,7
single_speaker,False,-2.0,116,75,64.65517241379311,7
single_speaker,False,0.0,116,92,79.3103448275862,7
single_speaker,False,1.0,116,96,82.75862068965517,7
single_speaker,False,2.0,116,97,83.62068965517241,7
single_speaker,False,3.0,116,81,69.82758620689656,7
single_speaker,False,4.0,116,97,83.62068965517241,7
single_speaker,False,5.0,116,83,71.55172413793103,7
colocated,False,-4.0,116,65,56.03448275862068,8
colocated,False,-2.0,116,67,57.758620689655174,8
colocated,False,0.0,116,71,61.206896551724135,8
colocated,False,1.0,116,73,62.93103448275862,8
colocated,False,2.0,116,89,76.72413793103449,8
colocated,False,3.0,116,70,60.3448275862069,8
colocated,False,4.0,116,76,65.51724137931035,8
colocated,False,5.0,116,71,61.206896551724135,8
separated,False,-4.0,116,65,56.03448275862068,8
separated,False,-2.0,116,70,60.3448275862069,8
separated,False,0.0,116,81,69.82758620689656,8
separated,False,1.0,116,87,75.0,8
separated,False,2.0,116,79,68.10344827586206,8
separated,False,3.0,116,69,59.48275862068966,8
separated,False,4.0,116,83,71.55172413793103,8
separated,False,5.0,116,77,66.37931034482759,8
single_speaker,False,-4.0,116,90,77.58620689655173,8
single_speaker,False,-2.0,116,75,64.65517241379311,8
single_speaker,False,0.0,116,85,73.27586206896551,8
single_speaker,False,1.0,116,101,87.06896551724138,8
single_speaker,False,2.0,116,99,85.34482758620689,8
single_speaker,False,3.0,116,75,64.65517241379311,8
single_speaker,False,4.0,116,95,81.89655172413794,8
single_speaker,False,5.0,116,84,72.41379310344827,8
colocated,False,-4.0,116,56,48.275862068965516,9
colocated,False,-2.0,116,64,55.172413793103445,9
colocated,False,0.0,116,68,58.620689655172406,9
colocated,False,1.0,116,73,62.93103448275862,9
colocated,False,2.0,116,86,74.13793103448276,9
colocated,False,3.0,116,59,50.86206896551724,9
colocated,False,4.0,116,79,68.10344827586206,9
colocated,False,5.0,116,82,70.6896551724138,9
separated,False,-4.0,116,61,52.58620689655172,9
separated,False,-2.0,116,76,65.51724137931035,9
separated,False,0.0,116,67,57.758620689655174,9
separated,False,1.0,116,98,84.48275862068965,9
separated,False,2.0,116,67,57.758620689655174,9
separated,False,3.0,116,71,61.206896551724135,9
separated,False,4.0,116,88,75.86206896551724,9
separated,False,5.0,116,85,73.27586206896551,9
single_speaker,False,-4.0,116,87,75.0,9
single_speaker,False,-2.0,116,72,62.06896551724138,9
single_speaker,False,0.0,116,87,75.0,9
single_speaker,False,1.0,116,92,79.3103448275862,9
single_speaker,False,2.0,116,101,87.06896551724138,9
single_speaker,False,3.0,116,86,74.13793103448276,9
single_speaker,False,4.0,116,100,86.20689655172413,9
single_speaker,False,5.0,116,86,74.13793103448276,9
colocated,False,-4.0,116,59,50.86206896551724,10
colocated,False,-2.0,116,64,55.172413793103445,10
colocated,False,0.0,116,79,68.10344827586206,10
colocated,False,1.0,116,84,72.41379310344827,10
colocated,False,2.0,116,92,79.3103448275862,10
colocated,False,3.0,116,65,56.03448275862068,10
colocated,False,4.0,116,85,73.27586206896551,10
colocated,False,5.0,116,79,68.10344827586206,10
separated,False,-4.0,116,62,53.44827586206896,10
separated,False,-2.0,116,76,65.51724137931035,10
separated,False,0.0,116,71,61.206896551724135,10
separated,False,1.0,116,97,83.62068965517241,10
separated,False,2.0,116,75,64.65517241379311,10
separated,False,3.0,116,61,52.58620689655172,10
separated,False,4.0,116,85,73.27586206896551,10
separated,False,5.0,116,69,59.48275862068966,10
single_speaker,False,-4.0,116,80,68.96551724137932,10
single_speaker,False,-2.0,116,83,71.55172413793103,10
single_speaker,False,0.0,116,79,68.10344827586206,10
single_speaker,False,1.0,116,91,78.44827586206897,10
single_speaker,False,2.0,116,100,86.20689655172413,10
single_speaker,False,3.0,116,76,65.51724137931035,10
single_speaker,False,4.0,116,89,76.72413793103449,10
single_speaker,False,5.0,116,88,75.86206896551724,10
colocated,False,-4.0,116,64,55.172413793103445,11
colocated,False,-2.0,116,68,58.620689655172406,11
colocated,False,0.0,116,60,51.724137931034484,11
colocated,False,1.0,116,79,68.10344827586206,11
colocated,False,2.0,116,88,75.86206896551724,11
colocated,False,3.0,116,60,51.724137931034484,11
colocated,False,4.0,116,83,71.55172413793103,11
colocated,False,5.0,116,88,75.86206896551724,11
separated,False,-4.0,116,64,55.172413793103445,11
separated,False,-2.0,116,73,62.93103448275862,11
separated,False,0.0,116,69,59.48275862068966,11
separated,False,1.0,116,88,75.86206896551724,11
separated,False,2.0,116,83,71.55172413793103,11
separated,False,3.0,116,70,60.3448275862069,11
separated,False,4.0,116,89,76.72413793103449,11
separated,False,5.0,116,78,67.24137931034483,11
single_speaker,False,-4.0,116,86,74.13793103448276,11
single_speaker,False,-2.0,116,83,71.55172413793103,11
single_speaker,False,0.0,116,83,71.55172413793103,11
single_speaker,False,1.0,116,96,82.75862068965517,11
single_speaker,False,2.0,116,105,90.51724137931035,11
single_speaker,False,3.0,116,84,72.41379310344827,11
single_speaker,False,4.0,116,87,75.0,11
single_speaker,False,5.0,116,75,64.65517241379311,11
colocated,False,-4.0,116,69,59.48275862068966,12
colocated,False,-2.0,116,59,50.86206896551724,12
colocated,False,0.0,116,73,62.93103448275862,12
colocated,False,1.0,116,76,65.51724137931035,12
colocated,False,2.0,116,84,72.41379310344827,12
colocated,False,3.0,116,65,56.03448275862068,12
colocated,False,4.0,116,77,66.37931034482759,12
colocated,False,5.0,116,78,67.24137931034483,12
separated,False,-4.0,116,60,51.724137931034484,12
separated,False,-2.0,116,78,67.24137931034483,12
separated,False,0.0,116,76,65.51724137931035,12
separated,False,1.0,116,84,72.41379310344827,12
separated,False,2.0,116,75,64.65517241379311,12
separated,False,3.0,116,71,61.206896551724135,12
separated,False,4.0,116,70,60.3448275862069,12
separated,False,5.0,116,82,70.6896551724138,12
single_speaker,False,-4.0,116,84,72.41379310344827,12
single_speaker,False,-2.0,116,85,73.27586206896551,12
single_speaker,False,0.0,116,89,76.72413793103449,12
single_speaker,False,1.0,116,99,85.34482758620689,12
single_speaker,False,2.0,116,107,92.24137931034483,12
single_speaker,False,3.0,116,75,64.65517241379311,12
single_speaker,False,4.0,116,93,80.17241379310344,12
single_speaker,False,5.0,116,86,74.13793103448276,12
colocated,False,-4.0,116,66,56.896551724137936,13
colocated,False,-2.0,116,69,59.48275862068966,13
colocated,False,0.0,116,58,50.0,13
colocated,False,1.0,116,77,66.37931034482759,13
colocated,False,2.0,116,83,71.55172413793103,13
colocated,False,3.0,116,67,57.758620689655174,13
colocated,False,4.0,116,88,75.86206896551724,13
colocated,False,5.0,116,72,62.06896551724138,13
separated,False,-4.0,116,57,49.137931034482754,13
separated,False,-2.0,116,81,69.82758620689656,13
separated,False,0.0,116,90,77.58620689655173,13
separated,False,1.0,116,90,77.58620689655173,13
separated,False,2.0,116,70,60.3448275862069,13
separated,False,3.0,116,63,54.310344827586206,13
separated,False,4.0,116,87,75.0,13
separated,False,5.0,116,86,74.13793103448276,13
single_speaker,False,-4.0,116,81,69.82758620689656,13
single_speaker,False,-2.0,116,78,67.24137931034483,13
single_speaker,False,0.0,116,81,69.82758620689656,13
single_speaker,False,1.0,116,94,81.03448275862068,13
single_speaker,False,2.0,116,97,83.62068965517241,13
single_speaker,False,3.0,116,83,71.55172413793103,13
single_speaker,False,4.0,116,92,79.3103448275862,13
single_speaker,False,5.0,116,92,79.3103448275862,13
colocated,False,-4.0,116,63,54.310344827586206,14
colocated,False,-2.0,116,59,50.86206896551724,14
colocated,False,0.0,116,74,63.793103448275865,14
colocated,False,1.0,116,83,71.55172413793103,14
colocated,False,2.0,116,86,74.13793103448276,14
colocated,False,3.0,116,60,51.724137931034484,14
colocated,False,4.0,116,83,71.55172413793103,14
colocated,False,5.0,116,79,68.10344827586206,14
separated,False,-4.0,116,58,50.0,14
separated,False,-2.0,116,72,62.06896551724138,14
separated,False,0.0,116,81,69.82758620689656,14
separated,False,1.0,116,85,73.27586206896551,14
separated,False,2.0,116,80,68.96551724137932,14
separated,False,3.0,116,65,56.03448275862068,14
separated,False,4.0,116,83,71.55172413793103,14
separated,False,5.0,116,74,63.793103448275865,14
single_speaker,False,-4.0,116,77,66.37931034482759,14
single_speaker,False,-2.0,116,69,59.48275862068966,14
single_speaker,False,0.0,116,81,69.82758620689656,14
single_speaker,False,1.0,116,97,83.62068965517241,14
single_speaker,False,2.0,116,98,84.48275862068965,14
single_speaker,False,3.0,116,81,69.82758620689656,14
single_speaker,False,4.0,116,94,81.03448275862068,14
single_speaker,False,5.0,116,89,76.72413793103449,14
colocated,False,-4.0,116,72,62.06896551724138,15
colocated,False,-2.0,116,61,52.58620689655172,15
colocated,False,0.0,116,76,65.51724137931035,15
colocated,False,1.0,116,77,66.37931034482759,15
colocated,False,2.0,116,85,73.27586206896551,15
colocated,False,3.0,116,66,56.896551724137936,15
colocated,False,4.0,116,78,67.24137931034483,15
colocated,False,5.0,116,79,68.10344827586206,15
separated,False,-4.0,116,61,52.58620689655172,15
separated,False,-2.0,116,73,62.93103448275862,15
separated,False,0.0,116,75,64.65517241379311,15
separated,False,1.0,116,98,84.48275862068965,15
separated,False,2.0,116,71,61.206896551724135,15
separated,False,3.0,116,68,58.620689655172406,15
separated,False,4.0,116,68,58.620689655172406,15
separated,False,5.0,116,63,54.310344827586206,15
single_speaker,False,-4.0,116,76,65.51724137931035,15
single_speaker,False,-2.0,116,76,65.51724137931035,15
single_speaker,False,0.0,116,88,75.86206896551724,15
single_speaker,False,1.0,116,89,76.72413793103449,15
single_speaker,False,2.0,116,98,84.48275862068965,15
single_speaker,False,3.0,116,88,75.86206896551724,15
single_speaker,False,4.0,116,95,81.89655172413794,15
single_speaker,False,5.0,116,86,74.13793103448276,15
colocated,False,-4.0,116,67,57.758620689655174,16
colocated,False,-2.0,116,68,58.620689655172406,16
colocated,False,0.0,116,75,64.65517241379311,16
colocated,False,1.0,116,87,75.0,16
colocated,False,2.0,116,91,78.44827586206897,16
colocated,False,3.0,116,66,56.896551724137936,16
colocated,False,4.0,116,72,62.06896551724138,16
colocated,False,5.0,116,79,68.10344827586206,16
separated,False,-4.0,116,63,54.310344827586206,16
separated,False,-2.0,116,73,62.93103448275862,16
separated,False,0.0,116,72,62.06896551724138,16
separated,False,1.0,116,100,86.20689655172413,16
separated,False,2.0,116,82,70.6896551724138,16
separated,False,3.0,116,63,54.310344827586206,16
separated,False,4.0,116,84,72.41379310344827,16
separated,False,5.0,116,76,65.51724137931035,16
single_speaker,False,-4.0,116,83,71.55172413793103,16
single_speaker,False,-2.0,116,77,66.37931034482759,16
single_speaker,False,0.0,116,91,78.44827586206897,16
single_speaker,False,1.0,116,95,81.89655172413794,16
single_speaker,False,2.0,116,96,82.75862068965517,16
single_speaker,False,3.0,116,84,72.41379310344827,16
single_speaker,False,4.0,116,98,84.48275862068965,16
single_speaker,False,5.0,116,84,72.41379310344827,16
colocated,False,-4.0,116,67,57.758620689655174,17
colocated,False,-2.0,116,56,48.275862068965516,17
colocated,False,0.0,116,68,58.620689655172406,17
colocated,False,1.0,116,81,69.82758620689656,17
colocated,False,2.0,116,89,76.72413793103449,17
colocated,False,3.0,116,58,50.0,17
colocated,False,4.0,116,73,62.93103448275862,17
colocated,False,5.0,116,80,68.96551724137932,17
separated,False,-4.0,116,60,51.724137931034484,17
separated,False,-2.0,116,77,66.37931034482759,17
separated,False,0.0,116,78,67.24137931034483,17
separated,False,1.0,116,100,86.20689655172413,17
separated,False,2.0,116,83,71.55172413793103,17
separated,False,3.0,116,64,55.172413793103445,17
separated,False,4.0,116,80,68.96551724137932,17
separated,False,5.0,116,75,64.65517241379311,17
single_speaker,False,-4.0,116,89,76.72413793103449,17
single_speaker,False,-2.0,116,76,65.51724137931035,17
single_speaker,False,0.0,116,95,81.89655172413794,17
single_speaker,False,1.0,116,84,72.41379310344827,17
single_speaker,False,2.0,116,102,87.93103448275862,17
single_speaker,False,3.0,116,86,74.13793103448276,17
single_speaker,False,4.0,116,93,80.17241379310344,17
single_speaker,False,5.0,116,85,73.27586206896551,17
colocated,False,-4.0,116,71,61.206896551724135,18
colocated,False,-2.0,116,73,62.93103448275862,18
colocated,False,0.0,116,75,64.65517241379311,18
colocated,False,1.0,116,84,72.41379310344827,18
colocated,False,2.0,116,84,72.41379310344827,18
colocated,False,3.0,116,72,62.06896551724138,18
colocated,False,4.0,116,89,76.72413793103449,18
colocated,False,5.0,116,89,76.72413793103449,18
separated,False,-4.0,116,64,55.172413793103445,18
separated,False,-2.0,116,76,65.51724137931035,18
separated,False,0.0,116,73,62.93103448275862,18
separated,False,1.0,116,89,76.72413793103449,18
separated,False,2.0,116,72,62.06896551724138,18
separated,False,3.0,116,69,59.48275862068966,18
separated,False,4.0,116,92,79.3103448275862,18
separated,False,5.0,116,76,65.51724137931035,18
single_speaker,False,-4.0,116,84,72.41379310344827,18
single_speaker,False,-2.0,116,81,69.82758620689656,18
single_speaker,False,0.0,116,78,67.24137931034483,18
single_speaker,False,1.0,116,88,75.86206896551724,18
single_speaker,False,2.0,116,103,88.79310344827587,18
single_speaker,False,3.0,116,75,64.65517241379311,18
single_speaker,False,4.0,116,96,82.75862068965517,18
single_speaker,False,5.0,116,79,68.10344827586206,18
colocated,False,-4.0,116,64,55.172413793103445,19
colocated,False,-2.0,116,73,62.93103448275862,19
colocated,False,0.0,116,71,61.206896551724135,19
colocated,False,1.0,116,80,68.96551724137932,19
colocated,False,2.0,116,86,74.13793103448276,19
colocated,False,3.0,116,60,51.724137931034484,19
colocated,False,4.0,116,76,65.51724137931035,19
colocated,False,5.0,116,85,73.27586206896551,19
separated,False,-4.0,116,69,59.48275862068966,19
separated,False,-2.0,116,78,67.24137931034483,19
separated,False,0.0,116,70,60.3448275862069,19
separated,False,1.0,116,87,75.0,19
separated,False,2.0,116,79,68.10344827586206,19
separated,False,3.0,116,73,62.93103448275862,19
separated,False,4.0,116,90,77.58620689655173,19
separated,False,5.0,116,80,68.96551724137932,19
single_speaker,False,-4.0,116,89,76.72413793103449,19
single_speaker,False,-2.0,116,90,77.58620689655173,19
single_speaker,False,0.0,116,86,74.13793103448276,19
single_speaker,False,1.0,116,92,79.3103448275862,19
single_speaker,False,2.0,116,99,85.34482758620689,19
single_speaker,False,3.0,116,84,72.41379310344827,19
single_speaker,False,4.0,116,91,78.44827586206897,19
single_speaker,False,5.0,116,88,75.86206896551724,19
colocated,False,-4.0,116,59,50.86206896551724,20
colocated,False,-2.0,116,61,52.58620689655172,20
colocated,False,0.0,116,81,69.82758620689656,20
colocated,False,1.0,116,86,74.13793103448276,20
colocated,False,2.0,116,79,68.10344827586206,20
colocated,False,3.0,116,63,54.310344827586206,20
colocated,False,4.0,116,84,72.41379310344827,20
colocated,False,5.0,116,82,70.6896551724138,20
separated,False,-4.0,116,59,50.86206896551724,20
separated,False,-2.0,116,72,62.06896551724138,20
separated,False,0.0,116,78,67.24137931034483,20
separated,False,1.0,116,98,84.48275862068965,20
separated,False,2.0,116,75,64.65517241379311,20
separated,False,3.0,116,62,53.44827586206896,20
separated,False,4.0,116,83,71.55172413793103,20
separated,False,5.0,116,76,65.51724137931035,20
single_speaker,False,-4.0,116,81,69.82758620689656,20
single_speaker,False,-2.0,116,72,62.06896551724138,20
single_speaker,False,0.0,116,82,70.6896551724138,20
single_speaker,False,1.0,116,89,76.72413793103449,20
single_speaker,False,2.0,116,100,86.20689655172413,20
single_speaker,False,3.0,116,82,70.6896551724138,20
single_speaker,False,4.0,116,85,73.27586206896551,20
single_speaker,False,5.0,116,92,79.3103448275862,20
colocated,False,-4.0,116,70,60.3448275862069,21
colocated,False,-2.0,116,63,54.310344827586206,21
colocated,False,0.0,116,72,62.06896551724138,21
colocated,False,1.0,116,80,68.96551724137932,21
colocated,False,2.0,116,87,75.0,21
colocated,False,3.0,116,68,58.620689655172406,21
colocated,False,4.0,116,77,66.37931034482759,21
colocated,False,5.0,116,83,71.55172413793103,21
separated,False,-4.0,116,53,45.689655172413794,21
separated,False,-2.0,116,67,57.758620689655174,21
separated,False,0.0,116,78,67.24137931034483,21
separated,False,1.0,116,101,87.06896551724138,21
separated,False,2.0,116,71,61.206896551724135,21
separated,False,3.0,116,81,69.82758620689656,21
separated,False,4.0,116,86,74.13793103448276,21
separated,False,5.0,116,86,74.13793103448276,21
single_speaker,False,-4.0,116,86,74.13793103448276,21
single_speaker,False,-2.0,116,77,66.37931034482759,21
single_speaker,False,0.0,116,90,77.58620689655173,21
single_speaker,False,1.0,116,100,86.20689655172413,21
single_speaker,False,2.0,116,96,82.75862068965517,21
single_speaker,False,3.0,116,84,72.41379310344827,21
single_speaker,False,4.0,116,104,89.65517241379311,21
single_speaker,False,5.0,116,85,73.27586206896551,21
colocated,False,-4.0,116,57,49.137931034482754,22
colocated,False,-2.0,116,66,56.896551724137936,22
colocated,False,0.0,116,75,64.65517241379311,22
colocated,False,1.0,116,77,66.37931034482759,22
colocated,False,2.0,116,85,73.27586206896551,22
colocated,False,3.0,116,68,58.620689655172406,22
colocated,False,4.0,116,76,65.51724137931035,22
colocated,False,5.0,116,86,74.13793103448276,22
separated,False,-4.0,116,69,59.48275862068966,22
separated,False,-2.0,116,66,56.896551724137936,22
separated,False,0.0,116,77,66.37931034482759,22
separated,False,1.0,116,96,82.75862068965517,22
separated,False,2.0,116,78,67.24137931034483,22
separated,False,3.0,116,66,56.896551724137936,22
separated,False,4.0,116,90,77.58620689655173,22
separated,False,5.0,116,83,71.55172413793103,22
single_speaker,False,-4.0,116,83,71.55172413793103,22
single_speaker,False,-2.0,116,87,75.0,22
single_speaker,False,0.0,116,89,76.72413793103449,22
single_speaker,False,1.0,116,99,85.34482758620689,22
single_speaker,False,2.0,116,97,83.62068965517241,22
single_speaker,False,3.0,116,84,72.41379310344827,22
single_speaker,False,4.0,116,94,81.03448275862068,22
single_speaker,False,5.0,116,81,69.82758620689656,22
colocated,False,-4.0,116,64,55.172413793103445,23
colocated,False,-2.0,116,65,56.03448275862068,23
colocated,False,0.0,116,66,56.896551724137936,23
colocated,False,1.0,116,80,68.96551724137932,23
colocated,False,2.0,116,93,80.17241379310344,23
colocated,False,3.0,116,62,53.44827586206896,23
colocated,False,4.0,116,79,68.10344827586206,23
colocated,False,5.0,116,73,62.93103448275862,23
separated,False,-4.0,116,61,52.58620689655172,23
separated,False,-2.0,116,76,65.51724137931035,23
separated,False,0.0,116,83,71.55172413793103,23
separated,False,1.0,116,88,75.86206896551724,23
separated,False,2.0,116,80,68.96551724137932,23
separated,False,3.0,116,61,52.58620689655172,23
separated,False,4.0,116,81,69.82758620689656,23
separated,False,5.0,116,88,75.86206896551724,23
single_speaker,False,-4.0,116,86,74.13793103448276,23
single_speaker,False,-2.0,116,78,67.24137931034483,23
single_speaker,False,0.0,116,92,79.3103448275862,23
single_speaker,False,1.0,116,90,77.58620689655173,23
single_speaker,False,2.0,116,104,89.65517241379311,23
single_speaker,False,3.0,116,84,72.41379310344827,23
single_speaker,False,4.0,116,96,82.75862068965517,23
single_speaker,False,5.0,116,86,74.13793103448276,23
colocated,False,-4.0,116,63,54.310344827586206,24
colocated,False,-2.0,116,65,56.03448275862068,24
colocated,False,0.0,116,73,62.93103448275862,24
colocated,False,1.0,116,78,67.24137931034483,24
colocated,False,2.0,116,84,72.41379310344827,24
colocated,False,3.0,116,68,58.620689655172406,24
colocated,False,4.0,116,72,62.06896551724138,24
colocated,False,5.0,116,84,72.41379310344827,24
separated,False,-4.0,116,54,46.55172413793103,24
separated,False,-2.0,116,74,63.793103448275865,24
separated,False,0.0,116,80,68.96551724137932,24
separated,False,1.0,116,93,80.17241379310344,24
separated,False,2.0,116,68,58.620689655172406,24
separated,False,3.0,116,71,61.206896551724135,24
separated,False,4.0,116,98,84.48275862068965,24
separated,False,5.0,116,80,68.96551724137932,24
single_speaker,False,-4.0,116,82,70.6896551724138,24
single_speaker,False,-2.0,116,79,68.10344827586206,24
single_speaker,False,0.0,116,87,75.0,24
single_speaker,False,1.0,116,98,84.48275862068965,24
single_speaker,False,2.0,116,102,87.93103448275862,24
single_speaker,False,3.0,116,79,68.10344827586206,24
single_speaker,False,4.0,116,92,79.3103448275862,24
single_speaker,False,5.0,116,88,75.86206896551724,24
colocated,False,-4.0,116,64,55.172413793103445,25
colocated,False,-2.0,116,65,56.03448275862068,25
colocated,False,0.0,116,78,67.24137931034483,25
colocated,False,1.0,116,83,71.55172413793103,25
colocated,False,2.0,116,82,70.6896551724138,25
colocated,False,3.0,116,71,61.206896551724135,25
colocated,False,4.0,116,77,66.37931034482759,25
colocated,False,5.0,116,81,69.82758620689656,25
separated,False,-4.0,116,74,63.793103448275865,25
separated,False,-2.0,116,81,69.82758620689656,25
separated,False,0.0,116,75,64.65517241379311,25
separated,False,1.0,116,95,81.89655172413794,25
separated,False,2.0,116,64,55.172413793103445,25
separated,False,3.0,116,77,66.37931034482759,25
separated,False,4.0,116,86,74.13793103448276,25
separated,False,5.0,116,85,73.27586206896551,25
single_speaker,False,-4.0,116,80,68.96551724137932,25
single_speaker,False,-2.0,116,80,68.96551724137932,25
single_speaker,False,0.0,116,81,69.82758620689656,25
single_speaker,False,1.0,116,102,87.93103448275862,25
single_speaker,False,2.0,116,102,87.93103448275862,25
single_speaker,False,3.0,116,79,68.10344827586206,25
single_speaker,False,4.0,116,91,78.44827586206897,25
single_speaker,False,5.0,116,84,72.41379310344827,25
colocated,False,-4.0,116,63,54.310344827586206,26
colocated,False,-2.0,116,65,56.03448275862068,26
colocated,False,0.0,116,76,65.51724137931035,26
colocated,False,1.0,116,84,72.41379310344827,26
colocated,False,2.0,116,85,73.27586206896551,26
colocated,False,3.0,116,64,55.172413793103445,26
colocated,False,4.0,116,69,59.48275862068966,26
colocated,False,5.0,116,81,69.82758620689656,26
separated,False,-4.0,116,60,51.724137931034484,26
separated,False,-2.0,116,81,69.82758620689656,26
separated,False,0.0,116,79,68.10344827586206,26
separated,False,1.0,116,94,81.03448275862068,26
separated,False,2.0,116,70,60.3448275862069,26
separated,False,3.0,116,60,51.724137931034484,26
separated,False,4.0,116,76,65.51724137931035,26
separated,False,5.0,116,74,63.793103448275865,26
single_speaker,False,-4.0,116,80,68.96551724137932,26
single_speaker,False,-2.0,116,93,80.17241379310344,26
single_speaker,False,0.0,116,93,80.17241379310344,26
single_speaker,False,1.0,116,91,78.44827586206897,26
single_speaker,False,2.0,116,99,85.34482758620689,26
single_speaker,False,3.0,116,85,73.27586206896551,26
single_speaker,False,4.0,116,97,83.62068965517241,26
single_speaker,False,5.0,116,82,70.6896551724138,26
colocated,False,-4.0,116,63,54.310344827586206,27
colocated,False,-2.0,116,69,59.48275862068966,27
colocated,False,0.0,116,74,63.793103448275865,27
colocated,False,1.0,116,84,72.41379310344827,27
colocated,False,2.0,116,89,76.72413793103449,27
colocated,False,3.0,116,71,61.206896551724135,27
colocated,False,4.0,116,81,69.82758620689656,27
colocated,False,5.0,116,82,70.6896551724138,27
separated,False,-4.0,116,68,58.620689655172406,27
separated,False,-2.0,116,75,64.65517241379311,27
separated,False,0.0,116,80,68.96551724137932,27
separated,False,1.0,116,85,73.27586206896551,27
separated,False,2.0,116,70,60.3448275862069,27
separated,False,3.0,116,74,63.793103448275865,27
separated,False,4.0,116,84,72.41379310344827,27
separated,False,5.0,116,80,68.96551724137932,27
single_speaker,False,-4.0,116,87,75.0,27
single_speaker,False,-2.0,116,80,68.96551724137932,27
single_speaker,False,0.0,116,91,78.44827586206897,27
single_speaker,False,1.0,116,96,82.75862068965517,27
single_speaker,False,2.0,116,102,87.93103448275862,27
single_speaker,False,3.0,116,77,66.37931034482759,27
single_speaker,False,4.0,116,96,82.75862068965517,27
single_speaker,False,5.0,116,83,71.55172413793103,27
colocated,False,-4.0,116,63,54.310344827586206,28
colocated,False,-2.0,116,67,57.758620689655174,28
colocated,False,0.0,116,67,57.758620689655174,28
colocated,False,1.0,116,86,74.13793103448276,28
colocated,False,2.0,116,90,77.58620689655173,28
colocated,False,3.0,116,58,50.0,28
colocated,False,4.0,116,75,64.65517241379311,28
colocated,False,5.0,116,81,69.82758620689656,28
separated,False,-4.0,116,64,55.172413793103445,28
separated,False,-2.0,116,71,61.206896551724135,28
separated,False,0.0,116,77,66.37931034482759,28
separated,False,1.0,116,95,81.89655172413794,28
separated,False,2.0,116,81,69.82758620689656,28
separated,False,3.0,116,69,59.48275862068966,28
separated,False,4.0,116,86,74.13793103448276,28
separated,False,5.0,116,68,58.620689655172406,28
single_speaker,False,-4.0,116,93,80.17241379310344,28
single_speaker,False,-2.0,116,79,68.10344827586206,28
single_speaker,False,0.0,116,95,81.89655172413794,28
single_speaker,False,1.0,116,88,75.86206896551724,28
single_speaker,False,2.0,116,98,84.48275862068965,28
single_speaker,False,3.0,116,83,71.55172413793103,28
single_speaker,False,4.0,116,95,81.89655172413794,28
single_speaker,False,5.0,116,86,74.13793103448276,28
colocated,False,-4.0,116,68,58.620689655172406,29
colocated,False,-2.0,116,63,54.310344827586206,29
colocated,False,0.0,116,68,58.620689655172406,29
colocated,False,1.0,116,80,68.96551724137932,29
colocated,False,2.0,116,89,76.72413793103449,29
colocated,False,3.0,116,64,55.172413793103445,29
colocated,False,4.0,116,77,66.37931034482759,29
colocated,False,5.0,116,78,67.24137931034483,29
separated,False,-4.0,116,53,45.689655172413794,29
separated,False,-2.0,116,68,58.620689655172406,29
separated,False,0.0,116,83,71.55172413793103,29
separated,False,1.0,116,93,80.17241379310344,29
separated,False,2.0,116,78,67.24137931034483,29
separated,False,3.0,116,72,62.06896551724138,29
separated,False,4.0,116,88,75.86206896551724,29
separated,False,5.0,116,85,73.27586206896551,29
single_speaker,False,-4.0,116,84,72.41379310344827,29
single_speaker,False,-2.0,116,81,69.82758620689656,29
single_speaker,False,0.0,116,82,70.6896551724138,29
single_speaker,False,1.0,116,92,79.3103448275862,29
single_speaker,False,2.0,116,104,89.65517241379311,29
single_speaker,False,3.0,116,87,75.0,29
single_speaker,False,4.0,116,97,83.62068965517241,29
single_speaker,False,5.0,116,90,77.58620689655173,29
colocated,False,-4.0,116,67,57.758620689655174,30
colocated,False,-2.0,116,68,58.620689655172406,30
colocated,False,0.0,116,66,56.896551724137936,30
colocated,False,1.0,116,81,69.82758620689656,30
colocated,False,2.0,116,83,71.55172413793103,30
colocated,False,3.0,116,64,55.172413793103445,30
colocated,False,4.0,116,81,69.82758620689656,30
colocated,False,5.0,116,93,80.17241379310344,30
separated,False,-4.0,116,66,56.896551724137936,30
separated,False,-2.0,116,73,62.93103448275862,30
separated,False,0.0,116,77,66.37931034482759,30
separated,False,1.0,116,94,81.03448275862068,30
separated,False,2.0,116,81,69.82758620689656,30
separated,False,3.0,116,60,51.724137931034484,30
separated,False,4.0,116,85,73.27586206896551,30
separated,False,5.0,116,70,60.3448275862069,30
single_speaker,False,-4.0,116,89,76.72413793103449,30
single_speaker,False,-2.0,116,79,68.10344827586206,30
single_speaker,False,0.0,116,81,69.82758620689656,30
single_speaker,False,1.0,116,92,79.3103448275862,30
single_speaker,False,2.0,116,99,85.34482758620689,30
single_speaker,False,3.0,116,86,74.13793103448276,30
single_speaker,False,4.0,116,95,81.89655172413794,30
single_speaker,False,5.0,116,92,79.3103448275862,30
colocated,False,-4.0,116,65,56.03448275862068,31
colocated,False,-2.0,116,74,63.793103448275865,31
colocated,False,0.0,116,77,66.37931034482759,31
colocated,False,1.0,116,78,67.24137931034483,31
colocated,False,2.0,116,86,74.13793103448276,31
colocated,False,3.0,116,69,59.48275862068966,31
colocated,False,4.0,116,83,71.55172413793103,31
colocated,False,5.0,116,81,69.82758620689656,31
separated,False,-4.0,116,61,52.58620689655172,31
separated,False,-2.0,116,74,63.793103448275865,31
separated,False,0.0,116,68,58.620689655172406,31
separated,False,1.0,116,95,81.89655172413794,31
separated,False,2.0,116,80,68.96551724137932,31
separated,False,3.0,116,67,57.758620689655174,31
separated,False,4.0,116,84,72.41379310344827,31
separated,False,5.0,116,77,66.37931034482759,31
single_speaker,False,-4.0,116,83,71.55172413793103,31
single_speaker,False,-2.0,116,83,71.55172413793103,31
single_speaker,False,0.0,116,83,71.55172413793103,31
single_speaker,False,1.0,116,90,77.58620689655173,31
single_speaker,False,2.0,116,94,81.03448275862068,31
single_speaker,False,3.0,116,85,73.27586206896551,31
single_speaker,False,4.0,116,92,79.3103448275862,31
single_speaker,False,5.0,116,87,75.0,31
colocated,False,-4.0,116,64,55.172413793103445,32
colocated,False,-2.0,116,62,53.44827586206896,32
colocated,False,0.0,116,70,60.3448275862069,32
colocated,False,1.0,116,78,67.24137931034483,32
colocated,False,2.0,116,89,76.72413793103449,32
colocated,False,3.0,116,68,58.620689655172406,32
colocated,False,4.0,116,70,60.3448275862069,32
colocated,False,5.0,116,75,64.65517241379311,32
separated,False,-4.0,116,62,53.44827586206896,32
separated,False,-2.0,116,69,59.48275862068966,32
separated,False,0.0,116,71,61.206896551724135,32
separated,False,1.0,116,91,78.44827586206897,32
separated,False,2.0,116,77,66.37931034482759,32
separated,False,3.0,116,62,53.44827586206896,32
separated,False,4.0,116,85,73.27586206896551,32
separated,False,5.0,116,77,66.37931034482759,32
single_speaker,False,-4.0,116,93,80.17241379310344,32
single_speaker,False,-2.0,116,88,75.86206896551724,32
single_speaker,False,0.0,116,84,72.41379310344827,32
single_speaker,False,1.0,116,90,77.58620689655173,32
single_speaker,False,2.0,116,95,81.89655172413794,32
single_speaker,False,3.0,116,90,77.58620689655173,32
single_speaker,False,4.0,116,91,78.44827586206897,32
single_speaker,False,5.0,116,84,72.41379310344827,32
colocated,False,-4.0,116,65,56.03448275862068,33
colocated,False,-2.0,116,58,50.0,33
colocated,False,0.0,116,71,61.206896551724135,33
colocated,False,1.0,116,78,67.24137931034483,33
colocated,False,2.0,116,91,78.44827586206897,33
colocated,False,3.0,116,69,59.48275862068966,33
colocated,False,4.0,116,77,66.37931034482759,33
colocated,False,5.0,116,75,64.65517241379311,33
separated,False,-4.0,116,65,56.03448275862068,33
separated,False,-2.0,116,79,68.10344827586206,33
separated,False,0.0,116,74,63.793103448275865,33
separated,False,1.0,116,95,81.89655172413794,33
separated,False,2.0,116,78,67.24137931034483,33
separated,False,3.0,116,70,60.3448275862069,33
separated,False,4.0,116,79,68.10344827586206,33
separated,False,5.0,116,78,67.24137931034483,33
single_speaker,False,-4.0,116,89,76.72413793103449,33
single_speaker,False,-2.0,116,83,71.55172413793103,33
single_speaker,False,0.0,116,82,70.6896551724138,33
single_speaker,False,1.0,116,95,81.89655172413794,33
single_speaker,False,2.0,116,102,87.93103448275862,33
single_speaker,False,3.0,116,81,69.82758620689656,33
single_speaker,False,4.0,116,95,81.89655172413794,33
single_speaker,False,5.0,116,86,74.13793103448276,33
colocated,False,-4.0,116,64,55.172413793103445,34
colocated,False,-2.0,116,70,60.3448275862069,34
colocated,False,0.0,116,72,62.06896551724138,34
colocated,False,1.0,116,73,62.93103448275862,34
colocated,False,2.0,116,88,75.86206896551724,34
colocated,False,3.0,116,58,50.0,34
colocated,False,4.0,116,71,61.206896551724135,34
colocated,False,5.0,116,84,72.41379310344827,34
separated,False,-4.0,116,69,59.48275862068966,34
separated,False,-2.0,116,68,58.620689655172406,34
separated,False,0.0,116,81,69.82758620689656,34
separated,False,1.0,116,94,81.03448275862068,34
separated,False,2.0,116,89,76.72413793103449,34
separated,False,3.0,116,65,56.03448275862068,34
separated,False,4.0,116,89,76.72413793103449,34
separated,False,5.0,116,73,62.93103448275862,34
single_speaker,False,-4.0,116,92,79.3103448275862,34
single_speaker,False,-2.0,116,83,71.55172413793103,34
single_speaker,False,0.0,116,82,70.6896551724138,34
single_speaker,False,1.0,116,86,74.13793103448276,34
single_speaker,False,2.0,116,101,87.06896551724138,34
single_speaker,False,3.0,116,76,65.51724137931035,34
single_speaker,False,4.0,116,89,76.72413793103449,34
single_speaker,False,5.0,116,81,69.82758620689656,34
colocated,False,-4.0,116,60,51.724137931034484,35
colocated,False,-2.0,116,62,53.44827586206896,35
colocated,False,0.0,116,75,64.65517241379311,35
colocated,False,1.0,116,85,73.27586206896551,35
colocated,False,2.0,116,94,81.03448275862068,35
colocated,False,3.0,116,68,58.620689655172406,35
colocated,False,4.0,116,77,66.37931034482759,35
colocated,False,5.0,116,82,70.6896551724138,35
separated,False,-4.0,116,61,52.58620689655172,35
separated,False,-2.0,116,75,64.65517241379311,35
separated,False,0.0,116,78,67.24137931034483,35
separated,False,1.0,116,95,81.89655172413794,35
separated,False,2.0,116,75,64.65517241379311,35
separated,False,3.0,116,73,62.93103448275862,35
separated,False,4.0,116,89,76.72413793103449,35
separated,False,5.0,116,73,62.93103448275862,35
single_speaker,False,-4.0,116,90,77.58620689655173,35
single_speaker,False,-2.0,116,73,62.93103448275862,35
single_speaker,False,0.0,116,80,68.96551724137932,35
single_speaker,False,1.0,116,97,83.62068965517241,35
single_speaker,False,2.0,116,99,85.34482758620689,35
single_speaker,False,3.0,116,78,67.24137931034483,35
single_speaker,False,4.0,116,92,79.3103448275862,35
single_speaker,False,5.0,116,85,73.27586206896551,35
colocated,False,-4.0,116,75,64.65517241379311,36
colocated,False,-2.0,116,69,59.48275862068966,36
colocated,False,0.0,116,67,57.758620689655174,36
colocated,False,1.0,116,85,73.27586206896551,36
colocated,False,2.0,116,90,77.58620689655173,36
colocated,False,3.0,116,66,56.896551724137936,36
colocated,False,4.0,116,78,67.24137931034483,36
colocated,False,5.0,116,79,68.10344827586206,36
separated,False,-4.0,116,67,57.758620689655174,36
separated,False,-2.0,116,72,62.06896551724138,36
separated,False,0.0,116,73,62.93103448275862,36
separated,False,1.0,116,86,74.13793103448276,36
separated,False,2.0,116,66,56.896551724137936,36
separated,False,3.0,116,65,56.03448275862068,36
separated,False,4.0,116,87,75.0,36
separated,False,5.0,116,82,70.6896551724138,36
single_speaker,False,-4.0,116,87,75.0,36
single_speaker,False,-2.0,116,80,68.96551724137932,36
single_speaker,False,0.0,116,86,74.13793103448276,36
single_speaker,False,1.0,116,94,81.03448275862068,36
single_speaker,False,2.0,116,88,75.86206896551724,36
single_speaker,False,3.0,116,87,75.0,36
single_speaker,False,4.0,116,98,84.48275862068965,36
single_speaker,False,5.0,116,83,71.55172413793103,36
colocated,False,-4.0,116,57,49.137931034482754,37
colocated,False,-2.0,116,74,63.793103448275865,37
colocated,False,0.0,116,73,62.93103448275862,37
colocated,False,1.0,116,84,72.41379310344827,37
colocated,False,2.0,116,86,74.13793103448276,37
colocated,False,3.0,116,69,59.48275862068966,37
colocated,False,4.0,116,84,72.41379310344827,37
colocated,False,5.0,116,85,73.27586206896551,37
separated,False,-4.0,116,62,53.44827586206896,37
separated,False,-2.0,116,79,68.10344827586206,37
separated,False,0.0,116,77,66.37931034482759,37
separated,False,1.0,116,88,75.86206896551724,37
separated,False,2.0,116,76,65.51724137931035,37
separated,False,3.0,116,70,60.3448275862069,37
separated,False,4.0,116,80,68.96551724137932,37
separated,False,5.0,116,78,67.24137931034483,37
single_speaker,False,-4.0,116,81,69.82758620689656,37
single_speaker,False,-2.0,116,75,64.65517241379311,37
single_speaker,False,0.0,116,84,72.41379310344827,37
single_speaker,False,1.0,116,87,75.0,37
single_speaker,False,2.0,116,100,86.20689655172413,37
single_speaker,False,3.0,116,90,77.58620689655173,37
single_speaker,False,4.0,116,95,81.89655172413794,37
single_speaker,False,5.0,116,74,63.793103448275865,37
colocated,False,-4.0,116,62,53.44827586206896,38
colocated,False,-2.0,116,62,53.44827586206896,38
colocated,False,0.0,116,67,57.758620689655174,38
colocated,False,1.0,116,86,74.13793103448276,38
colocated,False,2.0,116,86,74.13793103448276,38
colocated,False,3.0,116,70,60.3448275862069,38
colocated,False,4.0,116,78,67.24137931034483,38
colocated,False,5.0,116,85,73.27586206896551,38
separated,False,-4.0,116,60,51.724137931034484,38
separated,False,-2.0,116,69,59.48275862068966,38
separated,False,0.0,116,82,70.6896551724138,38
separated,False,1.0,116,92,79.3103448275862,38
separated,False,2.0,116,76,65.51724137931035,38
separated,False,3.0,116,70,60.3448275862069,38
separated,False,4.0,116,85,73.27586206896551,38
separated,False,5.0,116,79,68.10344827586206,38
single_speaker,False,-4.0,116,85,73.27586206896551,38
single_speaker,False,-2.0,116,79,68.10344827586206,38
single_speaker,False,0.0,116,82,70.6896551724138,38
single_speaker,False,1.0,116,98,84.48275862068965,38
single_speaker,False,2.0,116,100,86.20689655172413,38
single_speaker,False,3.0,116,86,74.13793103448276,38
single_speaker,False,4.0,116,96,82.75862068965517,38
single_speaker,False,5.0,116,84,72.41379310344827,38
colocated,False,-4.0,116,70,60.3448275862069,39
colocated,False,-2.0,116,65,56.03448275862068,39
colocated,False,0.0,116,66,56.896551724137936,39
colocated,False,1.0,116,75,64.65517241379311,39
colocated,False,2.0,116,90,77.58620689655173,39
colocated,False,3.0,116,65,56.03448275862068,39
colocated,False,4.0,116,86,74.13793103448276,39
colocated,False,5.0,116,79,68.10344827586206,39
separated,False,-4.0,116,54,46.55172413793103,39
separated,False,-2.0,116,81,69.82758620689656,39
separated,False,0.0,116,83,71.55172413793103,39
separated,False,1.0,116,90,77.58620689655173,39
separated,False,2.0,116,68,58.620689655172406,39
separated,False,3.0,116,74,63.793103448275865,39
separated,False,4.0,116,86,74.13793103448276,39
separated,False,5.0,116,76,65.51724137931035,39
single_speaker,False,-4.0,116,81,69.82758620689656,39
single_speaker,False,-2.0,116,79,68.10344827586206,39
single_speaker,False,0.0,116,84,72.41379310344827,39
single_speaker,False,1.0,116,97,83.62068965517241,39
single_speaker,False,2.0,116,98,84.48275862068965,39
single_speaker,False,3.0,116,94,81.03448275862068,39
single_speaker,False,4.0,116,98,84.48275862068965,39
single_speaker,False,5.0,116,82,70.6896551724138,39
colocated,False,-4.0,116,61,52.58620689655172,40
colocated,False,-2.0,116,66,56.896551724137936,40
colocated,False,0.0,116,69,59.48275862068966,40
colocated,False,1.0,116,75,64.65517241379311,40
colocated,False,2.0,116,90,77.58620689655173,40
colocated,False,3.0,116,63,54.310344827586206,40
colocated,False,4.0,116,80,68.96551724137932,40
colocated,False,5.0,116,84,72.41379310344827,40
separated,False,-4.0,116,63,54.310344827586206,40
separated,False,-2.0,116,78,67.24137931034483,40
separated,False,0.0,116,66,56.896551724137936,40
separated,False,1.0,116,97,83.62068965517241,40
separated,False,2.0,116,81,69.82758620689656,40
separated,False,3.0,116,68,58.620689655172406,40
separated,False,4.0,116,76,65.51724137931035,40
separated,False,5.0,116,87,75.0,40
single_speaker,False,-4.0,116,92,79.3103448275862,40
single_speaker,False,-2.0,116,72,62.06896551724138,40
single_speaker,False,0.0,116,86,74.13793103448276,40
single_speaker,False,1.0,116,94,81.03448275862068,40
single_speaker,False,2.0,116,102,87.93103448275862,40
single_speaker,False,3.0,116,84,72.41379310344827,40
single_speaker,False,4.0,116,95,81.89655172413794,40
single_speaker,False,5.0,116,78,67.24137931034483,40
colocated,False,-4.0,116,65,56.03448275862068,41
colocated,False,-2.0,116,78,67.24137931034483,41
colocated,False,0.0,116,67,57.758620689655174,41
colocated,False,1.0,116,83,71.55172413793103,41
colocated,False,2.0,116,85,73.27586206896551,41
colocated,False,3.0,116,70,60.3448275862069,41
colocated,False,4.0,116,85,73.27586206896551,41
colocated,False,5.0,116,74,63.793103448275865,41
separated,False,-4.0,116,67,57.758620689655174,41
separated,False,-2.0,116,76,65.51724137931035,41
separated,False,0.0,116,84,72.41379310344827,41
separated,False,1.0,116,93,80.17241379310344,41
separated,False,2.0,116,80,68.96551724137932,41
separated,False,3.0,116,63,54.310344827586206,41
separated,False,4.0,116,91,78.44827586206897,41
separated,False,5.0,116,68,58.620689655172406,41
single_speaker,False,-4.0,116,95,81.89655172413794,41
single_speaker,False,-2.0,116,73,62.93103448275862,41
single_speaker,False,0.0,116,92,79.3103448275862,41
single_speaker,False,1.0,116,90,77.58620689655173,41
single_speaker,False,2.0,116,95,81.89655172413794,41
single_speaker,False,3.0,116,91,78.44827586206897,41
single_speaker,False,4.0,116,95,81.89655172413794,41
single_speaker,False,5.0,116,80,68.96551724137932,41
colocated,False,-4.0,116,68,58.620689655172406,42
colocated,False,-2.0,116,69,59.48275862068966,42
colocated,False,0.0,116,77,66.37931034482759,42
colocated,False,1.0,116,78,67.24137931034483,42
colocated,False,2.0,116,82,70.6896551724138,42
colocated,False,3.0,116,60,51.724137931034484,42
colocated,False,4.0,116,77,66.37931034482759,42
colocated,False,5.0,116,84,72.41379310344827,42
separated,False,-4.0,116,63,54.310344827586206,42
separated,False,-2.0,116,71,61.206896551724135,42
separated,False,0.0,116,67,57.758620689655174,42
separated,False,1.0,116,93,80.17241379310344,42
separated,False,2.0,116,84,72.41379310344827,42
separated,False,3.0,116,67,57.758620689655174,42
separated,False,4.0,116,76,65.51724137931035,42
separated,False,5.0,116,75,64.65517241379311,42
single_speaker,False,-4.0,116,85,73.27586206896551,42
single_speaker,False,-2.0,116,83,71.55172413793103,42
single_speaker,False,0.0,116,90,77.58620689655173,42
single_speaker,False,1.0,116,87,75.0,42
single_speaker,False,2.0,116,97,83.62068965517241,42
single_speaker,False,3.0,116,87,75.0,42
single_speaker,False,4.0,116,89,76.72413793103449,42
single_speaker,False,5.0,116,84,72.41379310344827,42
colocated,False,-4.0,116,68,58.620689655172406,43
colocated,False,-2.0,116,67,57.758620689655174,43
colocated,False,0.0,116,80,68.96551724137932,43
colocated,False,1.0,116,80,68.96551724137932,43
colocated,False,2.0,116,93,80.17241379310344,43
colocated,False,3.0,116,61,52.58620689655172,43
colocated,False,4.0,116,73,62.93103448275862,43
colocated,False,5.0,116,84,72.41379310344827,43
separated,False,-4.0,116,63,54.310344827586206,43
separated,False,-2.0,116,79,68.10344827586206,43
separated,False,0.0,116,76,65.51724137931035,43
separated,False,1.0,116,93,80.17241379310344,43
separated,False,2.0,116,69,59.48275862068966,43
separated,False,3.0,116,70,60.3448275862069,43
separated,False,4.0,116,86,74.13793103448276,43
separated,False,5.0,116,82,70.6896551724138,43
single_speaker,False,-4.0,116,86,74.13793103448276,43
single_speaker,False,-2.0,116,83,71.55172413793103,43
single_speaker,False,0.0,116,92,79.3103448275862,43
single_speaker,False,1.0,116,98,84.48275862068965,43
single_speaker,False,2.0,116,99,85.34482758620689,43
single_speaker,False,3.0,116,82,70.6896551724138,43
single_speaker,False,4.0,116,97,83.62068965517241,43
single_speaker,False,5.0,116,77,66.37931034482759,43
colocated,False,-4.0,116,63,54.310344827586206,44
colocated,False,-2.0,116,62,53.44827586206896,44
colocated,False,0.0,116,69,59.48275862068966,44
colocated,False,1.0,116,71,61.206896551724135,44
colocated,False,2.0,116,88,75.86206896551724,44
colocated,False,3.0,116,72,62.06896551724138,44
colocated,False,4.0,116,81,69.82758620689656,44
colocated,False,5.0,116,80,68.96551724137932,44
separated,False,-4.0,116,54,46.55172413793103,44
separated,False,-2.0,116,76,65.51724137931035,44
separated,False,0.0,116,70,60.3448275862069,44
separated,False,1.0,116,97,83.62068965517241,44
separated,False,2.0,116,79,68.10344827586206,44
separated,False,3.0,116,60,51.724137931034484,44
separated,False,4.0,116,88,75.86206896551724,44
separated,False,5.0,116,78,67.24137931034483,44
single_speaker,False,-4.0,116,89,76.72413793103449,44
single_speaker,False,-2.0,116,78,67.24137931034483,44
single_speaker,False,0.0,116,80,68.96551724137932,44
single_speaker,False,1.0,116,88,75.86206896551724,44
single_speaker,False,2.0,116,95,81.89655172413794,44
single_speaker,False,3.0,116,85,73.27586206896551,44
single_speaker,False,4.0,116,93,80.17241379310344,44
single_speaker,False,5.0,116,88,75.86206896551724,44
colocated,False,-4.0,116,71,61.206896551724135,45
colocated,False,-2.0,116,68,58.620689655172406,45
colocated,False,0.0,116,78,67.24137931034483,45
colocated,False,1.0,116,78,67.24137931034483,45
colocated,False,2.0,116,84,72.41379310344827,45
colocated,False,3.0,116,66,56.896551724137936,45
colocated,False,4.0,116,69,59.48275862068966,45
colocated,False,5.0,116,90,77.58620689655173,45
separated,False,-4.0,116,61,52.58620689655172,45
separated,False,-2.0,116,67,57.758620689655174,45
separated,False,0.0,116,75,64.65517241379311,45
separated,False,1.0,116,93,80.17241379310344,45
separated,False,2.0,116,75,64.65517241379311,45
separated,False,3.0,116,62,53.44827586206896,45
separated,False,4.0,116,80,68.96551724137932,45
separated,False,5.0,116,74,63.793103448275865,45
single_speaker,False,-4.0,116,82,70.6896551724138,45
single_speaker,False,-2.0,116,84,72.41379310344827,45
single_speaker,False,0.0,116,80,68.96551724137932,45
single_speaker,False,1.0,116,87,75.0,45
single_speaker,False,2.0,116,98,84.48275862068965,45
single_speaker,False,3.0,116,69,59.48275862068966,45
single_speaker,False,4.0,116,93,80.17241379310344,45
single_speaker,False,5.0,116,83,71.55172413793103,45
colocated,False,-4.0,116,66,56.896551724137936,46
colocated,False,-2.0,116,66,56.896551724137936,46
colocated,False,0.0,116,71,61.206896551724135,46
colocated,False,1.0,116,72,62.06896551724138,46
colocated,False,2.0,116,87,75.0,46
colocated,False,3.0,116,60,51.724137931034484,46
colocated,False,4.0,116,81,69.82758620689656,46
colocated,False,5.0,116,79,68.10344827586206,46
separated,False,-4.0,116,55,47.41379310344828,46
separated,False,-2.0,116,85,73.27586206896551,46
separated,False,0.0,116,79,68.10344827586206,46
separated,False,1.0,116,90,77.58620689655173,46
separated,False,2.0,116,70,60.3448275862069,46
separated,False,3.0,116,77,66.37931034482759,46
separated,False,4.0,116,88,75.86206896551724,46
separated,False,5.0,116,72,62.06896551724138,46
single_speaker,False,-4.0,116,91,78.44827586206897,46
single_speaker,False,-2.0,116,77,66.37931034482759,46
single_speaker,False,0.0,116,85,73.27586206896551,46
single_speaker,False,1.0,116,94,81.03448275862068,46
single_speaker,False,2.0,116,99,85.34482758620689,46
single_speaker,False,3.0,116,82,70.6896551724138,46
single_speaker,False,4.0,116,92,79.3103448275862,46
single_speaker,False,5.0,116,88,75.86206896551724,46
colocated,False,-4.0,116,75,64.65517241379311,47
colocated,False,-2.0,116,68,58.620689655172406,47
colocated,False,0.0,116,78,67.24137931034483,47
colocated,False,1.0,116,80,68.96551724137932,47
colocated,False,2.0,116,86,74.13793103448276,47
colocated,False,3.0,116,72,62.06896551724138,47
colocated,False,4.0,116,82,70.6896551724138,47
colocated,False,5.0,116,84,72.41379310344827,47
separated,False,-4.0,116,72,62.06896551724138,47
separated,False,-2.0,116,67,57.758620689655174,47
separated,False,0.0,116,80,68.96551724137932,47
separated,False,1.0,116,88,75.86206896551724,47
separated,False,2.0,116,78,67.24137931034483,47
separated,False,3.0,116,62,53.44827586206896,47
separated,False,4.0,116,80,68.96551724137932,47
separated,False,5.0,116,74,63.793103448275865,47
single_speaker,False,-4.0,116,86,74.13793103448276,47
single_speaker,False,-2.0,116,82,70.6896551724138,47
single_speaker,False,0.0,116,80,68.96551724137932,47
single_speaker,False,1.0,116,88,75.86206896551724,47
single_speaker,False,2.0,116,95,81.89655172413794,47
single_speaker,False,3.0,116,87,75.0,47
single_speaker,False,4.0,116,94,81.03448275862068,47
single_speaker,False,5.0,116,82,70.6896551724138,47
colocated,False,-4.0,116,64,55.172413793103445,48
colocated,False,-2.0,116,68,58.620689655172406,48
colocated,False,0.0,116,72,62.06896551724138,48
colocated,False,1.0,116,79,68.10344827586206,48
colocated,False,2.0,116,85,73.27586206896551,48
colocated,False,3.0,116,72,62.06896551724138,48
colocated,False,4.0,116,75,64.65517241379311,48
colocated,False,5.0,116,84,72.41379310344827,48
separated,False,-4.0,116,54,46.55172413793103,48
separated,False,-2.0,116,70,60.3448275862069,48
separated,False,0.0,116,87,75.0,48
separated,False,1.0,116,97,83.62068965517241,48
separated,False,2.0,116,67,57.758620689655174,48
separated,False,3.0,116,72,62.06896551724138,48
separated,False,4.0,116,83,71.55172413793103,48
separated,False,5.0,116,79,68.10344827586206,48
single_speaker,False,-4.0,116,93,80.17241379310344,48
single_speaker,False,-2.0,116,78,67.24137931034483,48
single_speaker,False,0.0,116,90,77.58620689655173,48
single_speaker,False,1.0,116,89,76.72413793103449,48
single_speaker,False,2.0,116,100,86.20689655172413,48
single_speaker,False,3.0,116,89,76.72413793103449,48
single_speaker,False,4.0,116,95,81.89655172413794,48
single_speaker,False,5.0,116,86,74.13793103448276,48
colocated,False,-4.0,116,67,57.758620689655174,49
colocated,False,-2.0,116,65,56.03448275862068,49
colocated,False,0.0,116,69,59.48275862068966,49
colocated,False,1.0,116,87,75.0,49
colocated,False,2.0,116,88,75.86206896551724,49
colocated,False,3.0,116,70,60.3448275862069,49
colocated,False,4.0,116,85,73.27586206896551,49
colocated,False,5.0,116,82,70.6896551724138,49
separated,False,-4.0,116,54,46.55172413793103,49
separated,False,-2.0,116,83,71.55172413793103,49
separated,False,0.0,116,82,70.6896551724138,49
separated,False,1.0,116,93,80.17241379310344,49
separated,False,2.0,116,75,64.65517241379311,49
separated,False,3.0,116,63,54.310344827586206,49
separated,False,4.0,116,72,62.06896551724138,49
separated,False,5.0,116,75,64.65517241379311,49
single_speaker,False,-4.0,116,75,64.65517241379311,49
single_speaker,False,-2.0,116,77,66.37931034482759,49
single_speaker,False,0.0,116,89,76.72413793103449,49
single_speaker,False,1.0,116,94,81.03448275862068,49
single_speaker,False,2.0,116,109,93.96551724137932,49
single_speaker,False,3.0,116,71,61.206896551724135,49
single_speaker,False,4.0,116,100,86.20689655172413,49
single_speaker,False,5.0,116,77,66.37931034482759,49
colocated,False,-4.0,116,75,64.65517241379311,50
colocated,False,-2.0,116,63,54.310344827586206,50
colocated,False,0.0,116,67,57.758620689655174,50
colocated,False,1.0,116,86,74.13793103448276,50
colocated,False,2.0,116,84,72.41379310344827,50
colocated,False,3.0,116,63,54.310344827586206,50
colocated,False,4.0,116,77,66.37931034482759,50
colocated,False,5.0,116,75,64.65517241379311,50
separated,False,-4.0,116,66,56.896551724137936,50
separated,False,-2.0,116,76,65.51724137931035,50
separated,False,0.0,116,78,67.24137931034483,50
separated,False,1.0,116,93,80.17241379310344,50
separated,False,2.0,116,75,64.65517241379311,50
separated,False,3.0,116,71,61.206896551724135,50
separated,False,4.0,116,72,62.06896551724138,50
separated,False,5.0,116,72,62.06896551724138,50
single_speaker,False,-4.0,116,92,79.3103448275862,50
single_speaker,False,-2.0,116,73,62.93103448275862,50
single_speaker,False,0.0,116,82,70.6896551724138,50
single_speaker,False,1.0,116,95,81.89655172413794,50
single_speaker,False,2.0,116,102,87.93103448275862,50
single_speaker,False,3.0,116,90,77.58620689655173,50
single_speaker,False,4.0,116,93,80.17241379310344,50
single_speaker,False,5.0,116,79,68.10344827586206,50
colocated,False,-4.0,116,61,52.58620689655172,51
colocated,False,-2.0,116,64,55.172413793103445,51
colocated,False,0.0,116,72,62.06896551724138,51
colocated,False,1.0,116,85,73.27586206896551,51
colocated,False,2.0,116,90,77.58620689655173,51
colocated,False,3.0,116,59,50.86206896551724,51
colocated,False,4.0,116,81,69.82758620689656,51
colocated,False,5.0,116,79,68.10344827586206,51
separated,False,-4.0,116,66,56.896551724137936,51
separated,False,-2.0,116,80,68.96551724137932,51
separated,False,0.0,116,75,64.65517241379311,51
separated,False,1.0,116,98,84.48275862068965,51
separated,False,2.0,116,74,63.793103448275865,51
separated,False,3.0,116,61,52.58620689655172,51
separated,False,4.0,116,86,74.13793103448276,51
separated,False,5.0,116,88,75.86206896551724,51
single_speaker,False,-4.0,116,93,80.17241379310344,51
single_speaker,False,-2.0,116,80,68.96551724137932,51
single_speaker,False,0.0,116,85,73.27586206896551,51
single_speaker,False,1.0,116,103,88.79310344827587,51
single_speaker,False,2.0,116,90,77.58620689655173,51
single_speaker,False,3.0,116,75,64.65517241379311,51
single_speaker,False,4.0,116,93,80.17241379310344,51
single_speaker,False,5.0,116,83,71.55172413793103,51
colocated,False,-4.0,116,59,50.86206896551724,52
colocated,False,-2.0,116,74,63.793103448275865,52
colocated,False,0.0,116,76,65.51724137931035,52
colocated,False,1.0,116,78,67.24137931034483,52
colocated,False,2.0,116,89,76.72413793103449,52
colocated,False,3.0,116,70,60.3448275862069,52
colocated,False,4.0,116,77,66.37931034482759,52
colocated,False,5.0,116,83,71.55172413793103,52
separated,False,-4.0,116,60,51.724137931034484,52
separated,False,-2.0,116,75,64.65517241379311,52
separated,False,0.0,116,80,68.96551724137932,52
separated,False,1.0,116,96,82.75862068965517,52
separated,False,2.0,116,84,72.41379310344827,52
separated,False,3.0,116,69,59.48275862068966,52
separated,False,4.0,116,84,72.41379310344827,52
separated,False,5.0,116,84,72.41379310344827,52
single_speaker,False,-4.0,116,89,76.72413793103449,52
single_speaker,False,-2.0,116,85,73.27586206896551,52
single_speaker,False,0.0,116,81,69.82758620689656,52
single_speaker,False,1.0,116,96,82.75862068965517,52
single_speaker,False,2.0,116,97,83.62068965517241,52
single_speaker,False,3.0,116,85,73.27586206896551,52
single_speaker,False,4.0,116,95,81.89655172413794,52
single_speaker,False,5.0,116,88,75.86206896551724,52
colocated,False,-4.0,116,58,50.0,53
colocated,False,-2.0,116,70,60.3448275862069,53
colocated,False,0.0,116,70,60.3448275862069,53
colocated,False,1.0,116,83,71.55172413793103,53
colocated,False,2.0,116,87,75.0,53
colocated,False,3.0,116,64,55.172413793103445,53
colocated,False,4.0,116,84,72.41379310344827,53
colocated,False,5.0,116,83,71.55172413793103,53
separated,False,-4.0,116,61,52.58620689655172,53
separated,False,-2.0,116,72,62.06896551724138,53
separated,False,0.0,116,80,68.96551724137932,53
separated,False,1.0,116,85,73.27586206896551,53
separated,False,2.0,116,83,71.55172413793103,53
separated,False,3.0,116,70,60.3448275862069,53
separated,False,4.0,116,82,70.6896551724138,53
separated,False,5.0,116,84,72.41379310344827,53
single_speaker,False,-4.0,116,80,68.96551724137932,53
single_speaker,False,-2.0,116,77,66.37931034482759,53
single_speaker,False,0.0,116,78,67.24137931034483,53
single_speaker,False,1.0,116,94,81.03448275862068,53
single_speaker,False,2.0,116,99,85.34482758620689,53
single_speaker,False,3.0,116,79,68.10344827586206,53
single_speaker,False,4.0,116,98,84.48275862068965,53
single_speaker,False,5.0,116,81,69.82758620689656,53
colocated,False,-4.0,116,59,50.86206896551724,54
colocated,False,-2.0,116,68,58.620689655172406,54
colocated,False,0.0,116,74,63.793103448275865,54
colocated,False,1.0,116,84,72.41379310344827,54
colocated,False,2.0,116,89,76.72413793103449,54
colocated,False,3.0,116,62,53.44827586206896,54
colocated,False,4.0,116,81,69.82758620689656,54
colocated,False,5.0,116,74,63.793103448275865,54
separated,False,-4.0,116,57,49.137931034482754,54
separated,False,-2.0,116,76,65.51724137931035,54
separated,False,0.0,116,81,69.82758620689656,54
separated,False,1.0,116,89,76.72413793103449,54
separated,False,2.0,116,74,63.793103448275865,54
separated,False,3.0,116,69,59.48275862068966,54
separated,False,4.0,116,91,78.44827586206897,54
separated,False,5.0,116,77,66.37931034482759,54
single_speaker,False,-4.0,116,86,74.13793103448276,54
single_speaker,False,-2.0,116,82,70.6896551724138,54
single_speaker,False,0.0,116,85,73.27586206896551,54
single_speaker,False,1.0,116,99,85.34482758620689,54
single_speaker,False,2.0,116,102,87.93103448275862,54
single_speaker,False,3.0,116,81,69.82758620689656,54
single_speaker,False,4.0,116,91,78.44827586206897,54
single_speaker,False,5.0,116,86,74.13793103448276,54
colocated,False,-4.0,116,62,53.44827586206896,55
colocated,False,-2.0,116,66,56.896551724137936,55
colocated,False,0.0,116,83,71.55172413793103,55
colocated,False,1.0,116,73,62.93103448275862,55
colocated,False,2.0,116,86,74.13793103448276,55
colocated,False,3.0,116,67,57.758620689655174,55
colocated,False,4.0,116,77,66.37931034482759,55
colocated,False,5.0,116,80,68.96551724137932,55
separated,False,-4.0,116,61,52.58620689655172,55
separated,False,-2.0,116,75,64.65517241379311,55
separated,False,0.0,116,75,64.65517241379311,55
separated,False,1.0,116,97,83.62068965517241,55
separated,False,2.0,116,72,62.06896551724138,55
separated,False,3.0,116,59,50.86206896551724,55
separated,False,4.0,116,81,69.82758620689656,55
separated,False,5.0,116,75,64.65517241379311,55
single_speaker,False,-4.0,116,82,70.6896551724138,55
single_speaker,False,-2.0,116,82,70.6896551724138,55
single_speaker,False,0.0,116,85,73.27586206896551,55
single_speaker,False,1.0,116,94,81.03448275862068,55
single_speaker,False,2.0,116,93,80.17241379310344,55
single_speaker,False,3.0,116,81,69.82758620689656,55
single_speaker,False,4.0,116,90,77.58620689655173,55
single_speaker,False,5.0,116,86,74.13793103448276,55
colocated,False,-4.0,116,64,55.172413793103445,56
colocated,False,-2.0,116,64,55.172413793103445,56
colocated,False,0.0,116,77,66.37931034482759,56
colocated,False,1.0,116,83,71.55172413793103,56
colocated,False,2.0,116,95,81.89655172413794,56
colocated,False,3.0,116,71,61.206896551724135,56
colocated,False,4.0,116,72,62.06896551724138,56
colocated,False,5.0,116,87,75.0,56
separated,False,-4.0,116,69,59.48275862068966,56
separated,False,-2.0,116,79,68.10344827586206,56
separated,False,0.0,116,80,68.96551724137932,56
separated,False,1.0,116,97,83.62068965517241,56
separated,False,2.0,116,76,65.51724137931035,56
separated,False,3.0,116,69,59.48275862068966,56
separated,False,4.0,116,76,65.51724137931035,56
separated,False,5.0,116,77,66.37931034482759,56
single_speaker,False,-4.0,116,92,79.3103448275862,56
single_speaker,False,-2.0,116,83,71.55172413793103,56
single_speaker,False,0.0,116,84,72.41379310344827,56
single_speaker,False,1.0,116,94,81.03448275862068,56
single_speaker,False,2.0,116,105,90.51724137931035,56
single_speaker,False,3.0,116,86,74.13793103448276,56
single_speaker,False,4.0,116,94,81.03448275862068,56
single_speaker,False,5.0,116,88,75.86206896551724,56
colocated,False,-4.0,116,66,56.896551724137936,57
colocated,False,-2.0,116,62,53.44827586206896,57
colocated,False,0.0,116,62,53.44827586206896,57
colocated,False,1.0,116,73,62.93103448275862,57
colocated,False,2.0,116,85,73.27586206896551,57
colocated,False,3.0,116,69,59.48275862068966,57
colocated,False,4.0,116,79,68.10344827586206,57
colocated,False,5.0,116,83,71.55172413793103,57
separated,False,-4.0,116,68,58.620689655172406,57
separated,False,-2.0,116,79,68.10344827586206,57
separated,False,0.0,116,79,68.10344827586206,57
separated,False,1.0,116,96,82.75862068965517,57
separated,False,2.0,116,78,67.24137931034483,57
separated,False,3.0,116,77,66.37931034482759,57
separated,False,4.0,116,80,68.96551724137932,57
separated,False,5.0,116,79,68.10344827586206,57
single_speaker,False,-4.0,116,85,73.27586206896551,57
single_speaker,False,-2.0,116,85,73.27586206896551,57
single_speaker,False,0.0,116,87,75.0,57
single_speaker,False,1.0,116,89,76.72413793103449,57
single_speaker,False,2.0,116,98,84.48275862068965,57
single_speaker,False,3.0,116,82,70.6896551724138,57
single_speaker,False,4.0,116,89,76.72413793103449,57
single_speaker,False,5.0,116,90,77.58620689655173,57
colocated,False,-4.0,116,66,56.896551724137936,58
colocated,False,-2.0,116,68,58.620689655172406,58
colocated,False,0.0,116,79,68.10344827586206,58
colocated,False,1.0,116,75,64.65517241379311,58
colocated,False,2.0,116,92,79.3103448275862,58
colocated,False,3.0,116,69,59.48275862068966,58
colocated,False,4.0,116,79,68.10344827586206,58
colocated,False,5.0,116,83,71.55172413793103,58
separated,False,-4.0,116,61,52.58620689655172,58
separated,False,-2.0,116,76,65.51724137931035,58
separated,False,0.0,116,72,62.06896551724138,58
separated,False,1.0,116,101,87.06896551724138,58
separated,False,2.0,116,81,69.82758620689656,58
separated,False,3.0,116,73,62.93103448275862,58
separated,False,4.0,116,83,71.55172413793103,58
separated,False,5.0,116,75,64.65517241379311,58
single_speaker,False,-4.0,116,76,65.51724137931035,58
single_speaker,False,-2.0,116,75,64.65517241379311,58
single_speaker,False,0.0,116,91,78.44827586206897,58
single_speaker,False,1.0,116,88,75.86206896551724,58
single_speaker,False,2.0,116,96,82.75862068965517,58
single_speaker,False,3.0,116,86,74.13793103448276,58
single_speaker,False,4.0,116,94,81.03448275862068,58
single_speaker,False,5.0,116,87,75.0,58
colocated,False,-4.0,116,61,52.58620689655172,59
colocated,False,-2.0,116,66,56.896551724137936,59
colocated,False,0.0,116,76,65.51724137931035,59
colocated,False,1.0,116,70,60.3448275862069,59
colocated,False,2.0,116,79,68.10344827586206,59
colocated,False,3.0,116,69,59.48275862068966,59
colocated,False,4.0,116,78,67.24137931034483,59
colocated,False,5.0,116,79,68.10344827586206,59
separated,False,-4.0,116,64,55.172413793103445,59
separated,False,-2.0,116,68,58.620689655172406,59
separated,False,0.0,116,76,65.51724137931035,59
separated,False,1.0,116,100,86.20689655172413,59
separated,False,2.0,116,71,61.206896551724135,59
separated,False,3.0,116,72,62.06896551724138,59
separated,False,4.0,116,79,68.10344827586206,59
separated,False,5.0,116,72,62.06896551724138,59
single_speaker,False,-4.0,116,90,77.58620689655173,59
single_speaker,False,-2.0,116,87,75.0,59
single_speaker,False,0.0,116,90,77.58620689655173,59
single_speaker,False,1.0,116,90,77.58620689655173,59
single_speaker,False,2.0,116,98,84.48275862068965,59
single_speaker,False,3.0,116,90,77.58620689655173,59
single_speaker,False,4.0,116,96,82.75862068965517,59
single_speaker,False,5.0,116,86,74.13793103448276,59
colocated,False,-4.0,116,64,55.172413793103445,60
colocated,False,-2.0,116,75,64.65517241379311,60
colocated,False,0.0,116,79,68.10344827586206,60
colocated,False,1.0,116,83,71.55172413793103,60
colocated,False,2.0,116,82,70.6896551724138,60
colocated,False,3.0,116,64,55.172413793103445,60
colocated,False,4.0,116,70,60.3448275862069,60
colocated,False,5.0,116,84,72.41379310344827,60
separated,False,-4.0,116,65,56.03448275862068,60
separated,False,-2.0,116,77,66.37931034482759,60
separated,False,0.0,116,72,62.06896551724138,60
separated,False,1.0,116,98,84.48275862068965,60
separated,False,2.0,116,77,66.37931034482759,60
separated,False,3.0,116,72,62.06896551724138,60
separated,False,4.0,116,86,74.13793103448276,60
separated,False,5.0,116,79,68.10344827586206,60
single_speaker,False,-4.0,116,83,71.55172413793103,60
single_speaker,False,-2.0,116,71,61.206896551724135,60
single_speaker,False,0.0,116,84,72.41379310344827,60
single_speaker,False,1.0,116,87,75.0,60
single_speaker,False,2.0,116,101,87.06896551724138,60
single_speaker,False,3.0,116,82,70.6896551724138,60
single_speaker,False,4.0,116,94,81.03448275862068,60
single_speaker,False,5.0,116,92,79.3103448275862,60
colocated,False,-4.0,116,60,51.724137931034484,61
colocated,False,-2.0,116,67,57.758620689655174,61
colocated,False,0.0,116,68,58.620689655172406,61
colocated,False,1.0,116,84,72.41379310344827,61
colocated,False,2.0,116,80,68.96551724137932,61
colocated,False,3.0,116,66,56.896551724137936,61
colocated,False,4.0,116,77,66.37931034482759,61
colocated,False,5.0,116,81,69.82758620689656,61
separated,False,-4.0,116,66,56.896551724137936,61
separated,False,-2.0,116,78,67.24137931034483,61
separated,False,0.0,116,79,68.10344827586206,61
separated,False,1.0,116,98,84.48275862068965,61
separated,False,2.0,116,75,64.65517241379311,61
separated,False,3.0,116,69,59.48275862068966,61
separated,False,4.0,116,85,73.27586206896551,61
separated,False,5.0,116,82,70.6896551724138,61
single_speaker,False,-4.0,116,91,78.44827586206897,61
single_speaker,False,-2.0,116,80,68.96551724137932,61
single_speaker,False,0.0,116,79,68.10344827586206,61
single_speaker,False,1.0,116,97,83.62068965517241,61
single_speaker,False,2.0,116,99,85.34482758620689,61
single_speaker,False,3.0,116,84,72.41379310344827,61
single_speaker,False,4.0,116,92,79.3103448275862,61
single_speaker,False,5.0,116,80,68.96551724137932,61
colocated,False,-4.0,116,69,59.48275862068966,62
colocated,False,-2.0,116,62,53.44827586206896,62
colocated,False,0.0,116,69,59.48275862068966,62
colocated,False,1.0,116,71,61.206896551724135,62
colocated,False,2.0,116,82,70.6896551724138,62
colocated,False,3.0,116,66,56.896551724137936,62
colocated,False,4.0,116,76,65.51724137931035,62
colocated,False,5.0,116,84,72.41379310344827,62
separated,False,-4.0,116,69,59.48275862068966,62
separated,False,-2.0,116,78,67.24137931034483,62
separated,False,0.0,116,82,70.6896551724138,62
separated,False,1.0,116,99,85.34482758620689,62
separated,False,2.0,116,82,70.6896551724138,62
separated,False,3.0,116,75,64.65517241379311,62
separated,False,4.0,116,87,75.0,62
separated,False,5.0,116,78,67.24137931034483,62
single_speaker,False,-4.0,116,87,75.0,62
single_speaker,False,-2.0,116,80,68.96551724137932,62
single_speaker,False,0.0,116,85,73.27586206896551,62
single_speaker,False,1.0,116,96,82.75862068965517,62
single_speaker,False,2.0,116,95,81.89655172413794,62
single_speaker,False,3.0,116,78,67.24137931034483,62
single_speaker,False,4.0,116,93,80.17241379310344,62
single_speaker,False,5.0,116,88,75.86206896551724,62
colocated,False,-4.0,116,65,56.03448275862068,63
colocated,False,-2.0,116,66,56.896551724137936,63
colocated,False,0.0,116,74,63.793103448275865,63
colocated,False,1.0,116,71,61.206896551724135,63
colocated,False,2.0,116,93,80.17241379310344,63
colocated,False,3.0,116,71,61.206896551724135,63
colocated,False,4.0,116,70,60.3448275862069,63
colocated,False,5.0,116,75,64.65517241379311,63
separated,False,-4.0,116,70,60.3448275862069,63
separated,False,-2.0,116,78,67.24137931034483,63
separated,False,0.0,116,81,69.82758620689656,63
separated,False,1.0,116,91,78.44827586206897,63
separated,False,2.0,116,68,58.620689655172406,63
separated,False,3.0,116,68,58.620689655172406,63
separated,False,4.0,116,79,68.10344827586206,63
separated,False,5.0,116,76,65.51724137931035,63
single_speaker,False,-4.0,116,86,74.13793103448276,63
single_speaker,False,-2.0,116,86,74.13793103448276,63
single_speaker,False,0.0,116,83,71.55172413793103,63
single_speaker,False,1.0,116,92,79.3103448275862,63
single_speaker,False,2.0,116,104,89.65517241379311,63
single_speaker,False,3.0,116,72,62.06896551724138,63
single_speaker,False,4.0,116,95,81.89655172413794,63
single_speaker,False,5.0,116,81,69.82758620689656,63
colocated,False,-4.0,116,82,70.6896551724138,64
colocated,False,-2.0,116,55,47.41379310344828,64
colocated,False,0.0,116,77,66.37931034482759,64
colocated,False,1.0,116,86,74.13793103448276,64
colocated,False,2.0,116,89,76.72413793103449,64
colocated,False,3.0,116,62,53.44827586206896,64
colocated,False,4.0,116,71,61.206896551724135,64
colocated,False,5.0,116,81,69.82758620689656,64
separated,False,-4.0,116,60,51.724137931034484,64
separated,False,-2.0,116,72,62.06896551724138,64
separated,False,0.0,116,79,68.10344827586206,64
separated,False,1.0,116,98,84.48275862068965,64
separated,False,2.0,116,83,71.55172413793103,64
separated,False,3.0,116,64,55.172413793103445,64
separated,False,4.0,116,76,65.51724137931035,64
separated,False,5.0,116,74,63.793103448275865,64
single_speaker,False,-4.0,116,91,78.44827586206897,64
single_speaker,False,-2.0,116,89,76.72413793103449,64
single_speaker,False,0.0,116,86,74.13793103448276,64
single_speaker,False,1.0,116,94,81.03448275862068,64
single_speaker,False,2.0,116,96,82.75862068965517,64
single_speaker,False,3.0,116,80,68.96551724137932,64
single_speaker,False,4.0,116,98,84.48275862068965,64
single_speaker,False,5.0,116,84,72.41379310344827,64
colocated,False,-4.0,116,61,52.58620689655172,65
colocated,False,-2.0,116,67,57.758620689655174,65
colocated,False,0.0,116,74,63.793103448275865,65
colocated,False,1.0,116,77,66.37931034482759,65
colocated,False,2.0,116,89,76.72413793103449,65
colocated,False,3.0,116,60,51.724137931034484,65
colocated,False,4.0,116,78,67.24137931034483,65
colocated,False,5.0,116,80,68.96551724137932,65
separated,False,-4.0,116,47,40.51724137931034,65
separated,False,-2.0,116,62,53.44827586206896,65
separated,False,0.0,116,76,65.51724137931035,65
separated,False,1.0,116,92,79.3103448275862,65
separated,False,2.0,116,76,65.51724137931035,65
separated,False,3.0,116,74,63.793103448275865,65
separated,False,4.0,116,80,68.96551724137932,65
separated,False,5.0,116,74,63.793103448275865,65
single_speaker,False,-4.0,116,84,72.41379310344827,65
single_speaker,False,-2.0,116,86,74.13793103448276,65
single_speaker,False,0.0,116,87,75.0,65
single_speaker,False,1.0,116,94,81.03448275862068,65
single_speaker,False,2.0,116,102,87.93103448275862,65
single_speaker,False,3.0,116,82,70.6896551724138,65
single_speaker,False,4.0,116,93,80.17241379310344,65
single_speaker,False,5.0,116,86,74.13793103448276,65
colocated,False,-4.0,116,67,57.758620689655174,66
colocated,False,-2.0,116,60,51.724137931034484,66
colocated,False,0.0,116,69,59.48275862068966,66
colocated,False,1.0,116,82,70.6896551724138,66
colocated,False,2.0,116,89,76.72413793103449,66
colocated,False,3.0,116,65,56.03448275862068,66
colocated,False,4.0,116,75,64.65517241379311,66
colocated,False,5.0,116,79,68.10344827586206,66
separated,False,-4.0,116,61,52.58620689655172,66
separated,False,-2.0,116,70,60.3448275862069,66
separated,False,0.0,116,78,67.24137931034483,66
separated,False,1.0,116,92,79.3103448275862,66
separated,False,2.0,116,78,67.24137931034483,66
separated,False,3.0,116,68,58.620689655172406,66
separated,False,4.0,116,81,69.82758620689656,66
separated,False,5.0,116,75,64.65517241379311,66
single_speaker,False,-4.0,116,85,73.27586206896551,66
single_speaker,False,-2.0,116,78,67.24137931034483,66
single_speaker,False,0.0,116,83,71.55172413793103,66
single_speaker,False,1.0,116,94,81.03448275862068,66
single_speaker,False,2.0,116,100,86.20689655172413,66
single_speaker,False,3.0,116,78,67.24137931034483,66
single_speaker,False,4.0,116,95,81.89655172413794,66
single_speaker,False,5.0,116,85,73.27586206896551,66
colocated,False,-4.0,116,76,65.51724137931035,67
colocated,False,-2.0,116,67,57.758620689655174,67
colocated,False,0.0,116,60,51.724137931034484,67
colocated,False,1.0,116,86,74.13793103448276,67
colocated,False,2.0,116,80,68.96551724137932,67
colocated,False,3.0,116,65,56.03448275862068,67
colocated,False,4.0,116,85,73.27586206896551,67
colocated,False,5.0,116,80,68.96551724137932,67
separated,False,-4.0,116,61,52.58620689655172,67
separated,False,-2.0,116,74,63.793103448275865,67
separated,False,0.0,116,77,66.37931034482759,67
separated,False,1.0,116,95,81.89655172413794,67
separated,False,2.0,116,74,63.793103448275865,67
separated,False,3.0,116,70,60.3448275862069,67
separated,False,4.0,116,81,69.82758620689656,67
separated,False,5.0,116,70,60.3448275862069,67
single_speaker,False,-4.0,116,91,78.44827586206897,67
single_speaker,False,-2.0,116,82,70.6896551724138,67
single_speaker,False,0.0,116,90,77.58620689655173,67
single_speaker,False,1.0,116,91,78.44827586206897,67
single_speaker,False,2.0,116,103,88.79310344827587,67
single_speaker,False,3.0,116,83,71.55172413793103,67
single_speaker,False,4.0,116,93,80.17241379310344,67
single_speaker,False,5.0,116,77,66.37931034482759,67
colocated,False,-4.0,116,61,52.58620689655172,68
colocated,False,-2.0,116,71,61.206896551724135,68
colocated,False,0.0,116,64,55.172413793103445,68
colocated,False,1.0,116,79,68.10344827586206,68
colocated,False,2.0,116,91,78.44827586206897,68
colocated,False,3.0,116,59,50.86206896551724,68
colocated,False,4.0,116,84,72.41379310344827,68
colocated,False,5.0,116,82,70.6896551724138,68
separated,False,-4.0,116,62,53.44827586206896,68
separated,False,-2.0,116,76,65.51724137931035,68
separated,False,0.0,116,73,62.93103448275862,68
separated,False,1.0,116,95,81.89655172413794,68
separated,False,2.0,116,75,64.65517241379311,68
separated,False,3.0,116,72,62.06896551724138,68
separated,False,4.0,116,87,75.0,68
separated,False,5.0,116,71,61.206896551724135,68
single_speaker,False,-4.0,116,85,73.27586206896551,68
single_speaker,False,-2.0,116,74,63.793103448275865,68
single_speaker,False,0.0,116,80,68.96551724137932,68
single_speaker,False,1.0,116,89,76.72413793103449,68
single_speaker,False,2.0,116,104,89.65517241379311,68
single_speaker,False,3.0,116,85,73.27586206896551,68
single_speaker,False,4.0,116,93,80.17241379310344,68
single_speaker,False,5.0,116,85,73.27586206896551,68
colocated,False,-4.0,116,64,55.172413793103445,69
colocated,False,-2.0,116,70,60.3448275862069,69
colocated,False,0.0,116,70,60.3448275862069,69
colocated,False,1.0,116,78,67.24137931034483,69
colocated,False,2.0,116,90,77.58620689655173,69
colocated,False,3.0,116,70,60.3448275862069,69
colocated,False,4.0,116,80,68.96551724137932,69
colocated,False,5.0,116,83,71.55172413793103,69
separated,False,-4.0,116,62,53.44827586206896,69
separated,False,-2.0,116,73,62.93103448275862,69
separated,False,0.0,116,80,68.96551724137932,69
separated,False,1.0,116,101,87.06896551724138,69
separated,False,2.0,116,74,63.793103448275865,69
separated,False,3.0,116,59,50.86206896551724,69
separated,False,4.0,116,86,74.13793103448276,69
separated,False,5.0,116,79,68.10344827586206,69
single_speaker,False,-4.0,116,89,76.72413793103449,69
single_speaker,False,-2.0,116,88,75.86206896551724,69
single_speaker,False,0.0,116,85,73.27586206896551,69
single_speaker,False,1.0,116,93,80.17241379310344,69
single_speaker,False,2.0,116,100,86.20689655172413,69
single_speaker,False,3.0,116,80,68.96551724137932,69
single_speaker,False,4.0,116,92,79.3103448275862,69
single_speaker,False,5.0,116,84,72.41379310344827,69
colocated,False,-4.0,116,62,53.44827586206896,70
colocated,False,-2.0,116,72,62.06896551724138,70
colocated,False,0.0,116,70,60.3448275862069,70
colocated,False,1.0,116,72,62.06896551724138,70
colocated,False,2.0,116,85,73.27586206896551,70
colocated,False,3.0,116,67,57.758620689655174,70
colocated,False,4.0,116,75,64.65517241379311,70
colocated,False,5.0,116,74,63.793103448275865,70
separated,False,-4.0,116,66,56.896551724137936,70
separated,False,-2.0,116,79,68.10344827586206,70
separated,False,0.0,116,72,62.06896551724138,70
separated,False,1.0,116,89,76.72413793103449,70
separated,False,2.0,116,72,62.06896551724138,70
separated,False,3.0,116,75,64.65517241379311,70
separated,False,4.0,116,75,64.65517241379311,70
separated,False,5.0,116,79,68.10344827586206,70
single_speaker,False,-4.0,116,88,75.86206896551724,70
single_speaker,False,-2.0,116,79,68.10344827586206,70
single_speaker,False,0.0,116,94,81.03448275862068,70
single_speaker,False,1.0,116,95,81.89655172413794,70
single_speaker,False,2.0,116,106,91.37931034482759,70
single_speaker,False,3.0,116,86,74.13793103448276,70
single_speaker,False,4.0,116,97,83.62068965517241,70
single_speaker,False,5.0,116,82,70.6896551724138,70
colocated,False,-4.0,116,63,54.310344827586206,71
colocated,False,-2.0,116,66,56.896551724137936,71
colocated,False,0.0,116,73,62.93103448275862,71
colocated,False,1.0,116,76,65.51724137931035,71
colocated,False,2.0,116,80,68.96551724137932,71
colocated,False,3.0,116,73,62.93103448275862,71
colocated,False,4.0,116,72,62.06896551724138,71
colocated,False,5.0,116,80,68.96551724137932,71
separated,False,-4.0,116,58,50.0,71
separated,False,-2.0,116,69,59.48275862068966,71
separated,False,0.0,116,86,74.13793103448276,71
separated,False,1.0,116,95,81.89655172413794,71
separated,False,2.0,116,72,62.06896551724138,71
separated,False,3.0,116,70,60.3448275862069,71
separated,False,4.0,116,78,67.24137931034483,71
separated,False,5.0,116,66,56.896551724137936,71
single_speaker,False,-4.0,116,90,77.58620689655173,71
single_speaker,False,-2.0,116,79,68.10344827586206,71
single_speaker,False,0.0,116,93,80.17241379310344,71
single_speaker,False,1.0,116,92,79.3103448275862,71
single_speaker,False,2.0,116,99,85.34482758620689,71
single_speaker,False,3.0,116,75,64.65517241379311,71
single_speaker,False,4.0,116,91,78.44827586206897,71
single_speaker,False,5.0,116,82,70.6896551724138,71
colocated,False,-4.0,116,66,56.896551724137936,72
colocated,False,-2.0,116,71,61.206896551724135,72
colocated,False,0.0,116,72,62.06896551724138,72
colocated,False,1.0,116,82,70.6896551724138,72
colocated,False,2.0,116,91,78.44827586206897,72
colocated,False,3.0,116,66,56.896551724137936,72
colocated,False,4.0,116,86,74.13793103448276,72
colocated,False,5.0,116,82,70.6896551724138,72
separated,False,-4.0,116,67,57.758620689655174,72
separated,False,-2.0,116,68,58.620689655172406,72
separated,False,0.0,116,84,72.41379310344827,72
separated,False,1.0,116,92,79.3103448275862,72
separated,False,2.0,116,77,66.37931034482759,72
separated,False,3.0,116,71,61.206896551724135,72
separated,False,4.0,116,79,68.10344827586206,72
separated,False,5.0,116,73,62.93103448275862,72
single_speaker,False,-4.0,116,81,69.82758620689656,72
single_speaker,False,-2.0,116,82,70.6896551724138,72
single_speaker,False,0.0,116,82,70.6896551724138,72
single_speaker,False,1.0,116,90,77.58620689655173,72
single_speaker,False,2.0,116,97,83.62068965517241,72
single_speaker,False,3.0,116,86,74.13793103448276,72
single_speaker,False,4.0,116,98,84.48275862068965,72
single_speaker,False,5.0,116,78,67.24137931034483,72
colocated,False,-4.0,116,67,57.758620689655174,73
colocated,False,-2.0,116,75,64.65517241379311,73
colocated,False,0.0,116,76,65.51724137931035,73
colocated,False,1.0,116,78,67.24137931034483,73
colocated,False,2.0,116,91,78.44827586206897,73
colocated,False,3.0,116,63,54.310344827586206,73
colocated,False,4.0,116,78,67.24137931034483,73
colocated,False,5.0,116,78,67.24137931034483,73
separated,False,-4.0,116,64,55.172413793103445,73
separated,False,-2.0,116,67,57.758620689655174,73
separated,False,0.0,116,74,63.793103448275865,73
separated,False,1.0,116,86,74.13793103448276,73
separated,False,2.0,116,75,64.65517241379311,73
separated,False,3.0,116,78,67.24137931034483,73
separated,False,4.0,116,92,79.3103448275862,73
separated,False,5.0,116,74,63.793103448275865,73
single_speaker,False,-4.0,116,81,69.82758620689656,73
single_speaker,False,-2.0,116,79,68.10344827586206,73
single_speaker,False,0.0,116,91,78.44827586206897,73
single_speaker,False,1.0,116,94,81.03448275862068,73
single_speaker,False,2.0,116,104,89.65517241379311,73
single_speaker,False,3.0,116,79,68.10344827586206,73
single_speaker,False,4.0,116,89,76.72413793103449,73
single_speaker,False,5.0,116,87,75.0,73
colocated,False,-4.0,116,67,57.758620689655174,74
colocated,False,-2.0,116,56,48.275862068965516,74
colocated,False,0.0,116,77,66.37931034482759,74
colocated,False,1.0,116,69,59.48275862068966,74
colocated,False,2.0,116,81,69.82758620689656,74
colocated,False,3.0,116,58,50.0,74
colocated,False,4.0,116,71,61.206896551724135,74
colocated,False,5.0,116,86,74.13793103448276,74
separated,False,-4.0,116,64,55.172413793103445,74
separated,False,-2.0,116,79,68.10344827586206,74
separated,False,0.0,116,75,64.65517241379311,74
separated,False,1.0,116,97,83.62068965517241,74
separated,False,2.0,116,76,65.51724137931035,74
separated,False,3.0,116,71,61.206896551724135,74
separated,False,4.0,116,85,73.27586206896551,74
separated,False,5.0,116,89,76.72413793103449,74
single_speaker,False,-4.0,116,83,71.55172413793103,74
single_speaker,False,-2.0,116,82,70.6896551724138,74
single_speaker,False,0.0,116,81,69.82758620689656,74
single_speaker,False,1.0,116,93,80.17241379310344,74
single_speaker,False,2.0,116,100,86.20689655172413,74
single_speaker,False,3.0,116,83,71.55172413793103,74
single_speaker,False,4.0,116,90,77.58620689655173,74
single_speaker,False,5.0,116,85,73.27586206896551,74
colocated,False,-4.0,116,57,49.137931034482754,75
colocated,False,-2.0,116,72,62.06896551724138,75
colocated,False,0.0,116,69,59.48275862068966,75
colocated,False,1.0,116,81,69.82758620689656,75
colocated,False,2.0,116,85,73.27586206896551,75
colocated,False,3.0,116,71,61.206896551724135,75
colocated,False,4.0,116,78,67.24137931034483,75
colocated,False,5.0,116,77,66.37931034482759,75
separated,False,-4.0,116,66,56.896551724137936,75
separated,False,-2.0,116,68,58.620689655172406,75
separated,False,0.0,116,76,65.51724137931035,75
separated,False,1.0,116,86,74.13793103448276,75
separated,False,2.0,116,81,69.82758620689656,75
separated,False,3.0,116,72,62.06896551724138,75
separated,False,4.0,116,82,70.6896551724138,75
separated,False,5.0,116,77,66.37931034482759,75
single_speaker,False,-4.0,116,80,68.96551724137932,75
single_speaker,False,-2.0,116,78,67.24137931034483,75
single_speaker,False,0.0,116,77,66.37931034482759,75
single_speaker,False,1.0,116,90,77.58620689655173,75
single_speaker,False,2.0,116,97,83.62068965517241,75
single_speaker,False,3.0,116,74,63.793103448275865,75
single_speaker,False,4.0,116,94,81.03448275862068,75
single_speaker,False,5.0,116,89,76.72413793103449,75
colocated,False,-4.0,116,63,54.310344827586206,76
colocated,False,-2.0,116,69,59.48275862068966,76
colocated,False,0.0,116,67,57.758620689655174,76
colocated,False,1.0,116,78,67.24137931034483,76
colocated,False,2.0,116,88,75.86206896551724,76
colocated,False,3.0,116,64,55.172413793103445,76
colocated,False,4.0,116,86,74.13793103448276,76
colocated,False,5.0,116,80,68.96551724137932,76
separated,False,-4.0,116,68,58.620689655172406,76
separated,False,-2.0,116,68,58.620689655172406,76
separated,False,0.0,116,74,63.793103448275865,76
separated,False,1.0,116,94,81.03448275862068,76
separated,False,2.0,116,72,62.06896551724138,76
separated,False,3.0,116,66,56.896551724137936,76
separated,False,4.0,116,86,74.13793103448276,76
separated,False,5.0,116,86,74.13793103448276,76
single_speaker,False,-4.0,116,89,76.72413793103449,76
single_speaker,False,-2.0,116,78,67.24137931034483,76
single_speaker,False,0.0,116,87,75.0,76
single_speaker,False,1.0,116,88,75.86206896551724,76
single_speaker,False,2.0,116,94,81.03448275862068,76
single_speaker,False,3.0,116,87,75.0,76
single_speaker,False,4.0,116,92,79.3103448275862,76
single_speaker,False,5.0,116,85,73.27586206896551,76
colocated,False,-4.0,116,64,55.172413793103445,77
colocated,False,-2.0,116,61,52.58620689655172,77
colocated,False,0.0,116,67,57.758620689655174,77
colocated,False,1.0,116,82,70.6896551724138,77
colocated,False,2.0,116,76,65.51724137931035,77
colocated,False,3.0,116,61,52.58620689655172,77
colocated,False,4.0,116,78,67.24137931034483,77
colocated,False,5.0,116,74,63.793103448275865,77
separated,False,-4.0,116,60,51.724137931034484,77
separated,False,-2.0,116,70,60.3448275862069,77
separated,False,0.0,116,73,62.93103448275862,77
separated,False,1.0,116,94,81.03448275862068,77
separated,False,2.0,116,71,61.206896551724135,77
separated,False,3.0,116,74,63.793103448275865,77
separated,False,4.0,116,82,70.6896551724138,77
separated,False,5.0,116,73,62.93103448275862,77
single_speaker,False,-4.0,116,90,77.58620689655173,77
single_speaker,False,-2.0,116,79,68.10344827586206,77
single_speaker,False,0.0,116,93,80.17241379310344,77
single_speaker,False,1.0,116,92,79.3103448275862,77
single_speaker,False,2.0,116,99,85.34482758620689,77
single_speaker,False,3.0,116,76,65.51724137931035,77
single_speaker,False,4.0,116,89,76.72413793103449,77
single_speaker,False,5.0,116,85,73.27586206896551,77
colocated,False,-4.0,116,70,60.3448275862069,78
colocated,False,-2.0,116,64,55.172413793103445,78
colocated,False,0.0,116,71,61.206896551724135,78
colocated,False,1.0,116,76,65.51724137931035,78
colocated,False,2.0,116,91,78.44827586206897,78
colocated,False,3.0,116,61,52.58620689655172,78
colocated,False,4.0,116,75,64.65517241379311,78
colocated,False,5.0,116,72,62.06896551724138,78
separated,False,-4.0,116,64,55.172413793103445,78
separated,False,-2.0,116,72,62.06896551724138,78
separated,False,0.0,116,75,64.65517241379311,78
separated,False,1.0,116,93,80.17241379310344,78
separated,False,2.0,116,79,68.10344827586206,78
separated,False,3.0,116,71,61.206896551724135,78
separated,False,4.0,116,80,68.96551724137932,78
separated,False,5.0,116,76,65.51724137931035,78
single_speaker,False,-4.0,116,83,71.55172413793103,78
single_speaker,False,-2.0,116,86,74.13793103448276,78
single_speaker,False,0.0,116,75,64.65517241379311,78
single_speaker,False,1.0,116,92,79.3103448275862,78
single_speaker,False,2.0,116,101,87.06896551724138,78
single_speaker,False,3.0,116,77,66.37931034482759,78
single_speaker,False,4.0,116,93,80.17241379310344,78
single_speaker,False,5.0,116,88,75.86206896551724,78
colocated,False,-4.0,116,69,59.48275862068966,79
colocated,False,-2.0,116,69,59.48275862068966,79
colocated,False,0.0,116,70,60.3448275862069,79
colocated,False,1.0,116,80,68.96551724137932,79
colocated,False,2.0,116,90,77.58620689655173,79
colocated,False,3.0,116,69,59.48275862068966,79
colocated,False,4.0,116,81,69.82758620689656,79
colocated,False,5.0,116,77,66.37931034482759,79
separated,False,-4.0,116,57,49.137931034482754,79
separated,False,-2.0,116,76,65.51724137931035,79
separated,False,0.0,116,83,71.55172413793103,79
separated,False,1.0,116,93,80.17241379310344,79
separated,False,2.0,116,75,64.65517241379311,79
separated,False,3.0,116,65,56.03448275862068,79
separated,False,4.0,116,85,73.27586206896551,79
separated,False,5.0,116,80,68.96551724137932,79
single_speaker,False,-4.0,116,82,70.6896551724138,79
single_speaker,False,-2.0,116,80,68.96551724137932,79
single_speaker,False,0.0,116,87,75.0,79
single_speaker,False,1.0,116,96,82.75862068965517,79
single_speaker,False,2.0,116,100,86.20689655172413,79
single_speaker,False,3.0,116,77,66.37931034482759,79
single_speaker,False,4.0,116,96,82.75862068965517,79
single_speaker,False,5.0,116,86,74.13793103448276,79
colocated,False,-4.0,116,67,57.758620689655174,80
colocated,False,-2.0,116,59,50.86206896551724,80
colocated,False,0.0,116,80,68.96551724137932,80
colocated,False,1.0,116,75,64.65517241379311,80
colocated,False,2.0,116,84,72.41379310344827,80
colocated,False,3.0,116,64,55.172413793103445,80
colocated,False,4.0,116,83,71.55172413793103,80
colocated,False,5.0,116,74,63.793103448275865,80
separated,False,-4.0,116,76,65.51724137931035,80
separated,False,-2.0,116,73,62.93103448275862,80
separated,False,0.0,116,74,63.793103448275865,80
separated,False,1.0,116,95,81.89655172413794,80
separated,False,2.0,116,72,62.06896551724138,80
separated,False,3.0,116,62,53.44827586206896,80
separated,False,4.0,116,72,62.06896551724138,80
separated,False,5.0,116,85,73.27586206896551,80
single_speaker,False,-4.0,116,81,69.82758620689656,80
single_speaker,False,-2.0,116,82,70.6896551724138,80
single_speaker,False,0.0,116,83,71.55172413793103,80
single_speaker,False,1.0,116,92,79.3103448275862,80
single_speaker,False,2.0,116,93,80.17241379310344,80
single_speaker,False,3.0,116,86,74.13793103448276,80
single_speaker,False,4.0,116,92,79.3103448275862,80
single_speaker,False,5.0,116,84,72.41379310344827,80
colocated,False,-4.0,116,71,61.206896551724135,81
colocated,False,-2.0,116,70,60.3448275862069,81
colocated,False,0.0,116,75,64.65517241379311,81
colocated,False,1.0,116,83,71.55172413793103,81
colocated,False,2.0,116,91,78.44827586206897,81
colocated,False,3.0,116,73,62.93103448275862,81
colocated,False,4.0,116,84,72.41379310344827,81
colocated,False,5.0,116,82,70.6896551724138,81
separated,False,-4.0,116,58,50.0,81
separated,False,-2.0,116,72,62.06896551724138,81
separated,False,0.0,116,78,67.24137931034483,81
separated,False,1.0,116,93,80.17241379310344,81
separated,False,2.0,116,73,62.93103448275862,81
separated,False,3.0,116,73,62.93103448275862,81
separated,False,4.0,116,82,70.6896551724138,81
separated,False,5.0,116,82,70.6896551724138,81
single_speaker,False,-4.0,116,85,73.27586206896551,81
single_speaker,False,-2.0,116,84,72.41379310344827,81
single_speaker,False,0.0,116,82,70.6896551724138,81
single_speaker,False,1.0,116,91,78.44827586206897,81
single_speaker,False,2.0,116,108,93.10344827586206,81
single_speaker,False,3.0,116,81,69.82758620689656,81
single_speaker,False,4.0,116,87,75.0,81
single_speaker,False,5.0,116,86,74.13793103448276,81
colocated,False,-4.0,116,63,54.310344827586206,82
colocated,False,-2.0,116,69,59.48275862068966,82
colocated,False,0.0,116,75,64.65517241379311,82
colocated,False,1.0,116,79,68.10344827586206,82
colocated,False,2.0,116,92,79.3103448275862,82
colocated,False,3.0,116,67,57.758620689655174,82
colocated,False,4.0,116,79,68.10344827586206,82
colocated,False,5.0,116,81,69.82758620689656,82
separated,False,-4.0,116,62,53.44827586206896,82
separated,False,-2.0,116,79,68.10344827586206,82
separated,False,0.0,116,77,66.37931034482759,82
separated,False,1.0,116,90,77.58620689655173,82
separated,False,2.0,116,83,71.55172413793103,82
separated,False,3.0,116,63,54.310344827586206,82
separated,False,4.0,116,87,75.0,82
separated,False,5.0,116,73,62.93103448275862,82
single_speaker,False,-4.0,116,79,68.10344827586206,82
single_speaker,False,-2.0,116,82,70.6896551724138,82
single_speaker,False,0.0,116,86,74.13793103448276,82
single_speaker,False,1.0,116,89,76.72413793103449,82
single_speaker,False,2.0,116,97,83.62068965517241,82
single_speaker,False,3.0,116,92,79.3103448275862,82
single_speaker,False,4.0,116,94,81.03448275862068,82
single_speaker,False,5.0,116,78,67.24137931034483,82
colocated,False,-4.0,116,75,64.65517241379311,83
colocated,False,-2.0,116,72,62.06896551724138,83
colocated,False,0.0,116,74,63.793103448275865,83
colocated,False,1.0,116,75,64.65517241379311,83
colocated,False,2.0,116,88,75.86206896551724,83
colocated,False,3.0,116,69,59.48275862068966,83
colocated,False,4.0,116,76,65.51724137931035,83
colocated,False,5.0,116,79,68.10344827586206,83
separated,False,-4.0,116,58,50.0,83
separated,False,-2.0,116,69,59.48275862068966,83
separated,False,0.0,116,77,66.37931034482759,83
separated,False,1.0,116,95,81.89655172413794,83
separated,False,2.0,116,74,63.793103448275865,83
separated,False,3.0,116,69,59.48275862068966,83
separated,False,4.0,116,85,73.27586206896551,83
separated,False,5.0,116,84,72.41379310344827,83
single_speaker,False,-4.0,116,85,73.27586206896551,83
single_speaker,False,-2.0,116,84,72.41379310344827,83
single_speaker,False,0.0,116,82,70.6896551724138,83
single_speaker,False,1.0,116,96,82.75862068965517,83
single_speaker,False,2.0,116,102,87.93103448275862,83
single_speaker,False,3.0,116,85,73.27586206896551,83
single_speaker,False,4.0,116,95,81.89655172413794,83
single_speaker,False,5.0,116,82,70.6896551724138,83
colocated,False,-4.0,116,63,54.310344827586206,84
colocated,False,-2.0,116,69,59.48275862068966,84
colocated,False,0.0,116,69,59.48275862068966,84
colocated,False,1.0,116,89,76.72413793103449,84
colocated,False,2.0,116,90,77.58620689655173,84
colocated,False,3.0,116,65,56.03448275862068,84
colocated,False,4.0,116,76,65.51724137931035,84
colocated,False,5.0,116,74,63.793103448275865,84
separated,False,-4.0,116,56,48.275862068965516,84
separated,False,-2.0,116,69,59.48275862068966,84
separated,False,0.0,116,68,58.620689655172406,84
separated,False,1.0,116,93,80.17241379310344,84
separated,False,2.0,116,87,75.0,84
separated,False,3.0,116,70,60.3448275862069,84
separated,False,4.0,116,78,67.24137931034483,84
separated,False,5.0,116,80,68.96551724137932,84
single_speaker,False,-4.0,116,81,69.82758620689656,84
single_speaker,False,-2.0,116,70,60.3448275862069,84
single_speaker,False,0.0,116,78,67.24137931034483,84
single_speaker,False,1.0,116,91,78.44827586206897,84
single_speaker,False,2.0,116,94,81.03448275862068,84
single_speaker,False,3.0,116,89,76.72413793103449,84
single_speaker,False,4.0,116,91,78.44827586206897,84
single_speaker,False,5.0,116,83,71.55172413793103,84
colocated,False,-4.0,116,62,53.44827586206896,85
colocated,False,-2.0,116,52,44.827586206896555,85
colocated,False,0.0,116,72,62.06896551724138,85
colocated,False,1.0,116,83,71.55172413793103,85
colocated,False,2.0,116,82,70.6896551724138,85
colocated,False,3.0,116,62,53.44827586206896,85
colocated,False,4.0,116,73,62.93103448275862,85
colocated,False,5.0,116,82,70.6896551724138,85
separated,False,-4.0,116,61,52.58620689655172,85
separated,False,-2.0,116,73,62.93103448275862,85
separated,False,0.0,116,73,62.93103448275862,85
separated,False,1.0,116,88,75.86206896551724,85
separated,False,2.0,116,74,63.793103448275865,85
separated,False,3.0,116,73,62.93103448275862,85
separated,False,4.0,116,82,70.6896551724138,85
separated,False,5.0,116,77,66.37931034482759,85
single_speaker,False,-4.0,116,86,74.13793103448276,85
single_speaker,False,-2.0,116,72,62.06896551724138,85
single_speaker,False,0.0,116,85,73.27586206896551,85
single_speaker,False,1.0,116,88,75.86206896551724,85
single_speaker,False,2.0,116,97,83.62068965517241,85
single_speaker,False,3.0,116,90,77.58620689655173,85
single_speaker,False,4.0,116,93,80.17241379310344,85
single_speaker,False,5.0,116,86,74.13793103448276,85
colocated,False,-4.0,116,65,56.03448275862068,86
colocated,False,-2.0,116,67,57.758620689655174,86
colocated,False,0.0,116,68,58.620689655172406,86
colocated,False,1.0,116,89,76.72413793103449,86
colocated,False,2.0,116,88,75.86206896551724,86
colocated,False,3.0,116,68,58.620689655172406,86
colocated,False,4.0,116,67,57.758620689655174,86
colocated,False,5.0,116,73,62.93103448275862,86
separated,False,-4.0,116,64,55.172413793103445,86
separated,False,-2.0,116,76,65.51724137931035,86
separated,False,0.0,116,74,63.793103448275865,86
separated,False,1.0,116,95,81.89655172413794,86
separated,False,2.0,116,71,61.206896551724135,86
separated,False,3.0,116,81,69.82758620689656,86
separated,False,4.0,116,86,74.13793103448276,86
separated,False,5.0,116,75,64.65517241379311,86
single_speaker,False,-4.0,116,82,70.6896551724138,86
single_speaker,False,-2.0,116,87,75.0,86
single_speaker,False,0.0,116,82,70.6896551724138,86
single_speaker,False,1.0,116,92,79.3103448275862,86
single_speaker,False,2.0,116,106,91.37931034482759,86
single_speaker,False,3.0,116,78,67.24137931034483,86
single_speaker,False,4.0,116,90,77.58620689655173,86
single_speaker,False,5.0,116,85,73.27586206896551,86
colocated,False,-4.0,116,65,56.03448275862068,87
colocated,False,-2.0,116,61,52.58620689655172,87
colocated,False,0.0,116,66,56.896551724137936,87
colocated,False,1.0,116,78,67.24137931034483,87
colocated,False,2.0,116,90,77.58620689655173,87
colocated,False,3.0,116,69,59.48275862068966,87
colocated,False,4.0,116,80,68.96551724137932,87
colocated,False,5.0,116,81,69.82758620689656,87
separated,False,-4.0,116,62,53.44827586206896,87
separated,False,-2.0,116,66,56.896551724137936,87
separated,False,0.0,116,79,68.10344827586206,87
separated,False,1.0,116,86,74.13793103448276,87
separated,False,2.0,116,75,64.65517241379311,87
separated,False,3.0,116,62,53.44827586206896,87
separated,False,4.0,116,83,71.55172413793103,87
separated,False,5.0,116,75,64.65517241379311,87
single_speaker,False,-4.0,116,96,82.75862068965517,87
single_speaker,False,-2.0,116,81,69.82758620689656,87
single_speaker,False,0.0,116,82,70.6896551724138,87
single_speaker,False,1.0,116,96,82.75862068965517,87
single_speaker,False,2.0,116,98,84.48275862068965,87
single_speaker,False,3.0,116,85,73.27586206896551,87
single_speaker,False,4.0,116,86,74.13793103448276,87
single_speaker,False,5.0,116,86,74.13793103448276,87
colocated,False,-4.0,116,69,59.48275862068966,88
colocated,False,-2.0,116,66,56.896551724137936,88
colocated,False,0.0,116,77,66.37931034482759,88
colocated,False,1.0,116,73,62.93103448275862,88
colocated,False,2.0,116,86,74.13793103448276,88
colocated,False,3.0,116,63,54.310344827586206,88
colocated,False,4.0,116,72,62.06896551724138,88
colocated,False,5.0,116,80,68.96551724137932,88
separated,False,-4.0,116,68,58.620689655172406,88
separated,False,-2.0,116,71,61.206896551724135,88
separated,False,0.0,116,71,61.206896551724135,88
separated,False,1.0,116,95,81.89655172413794,88
separated,False,2.0,116,70,60.3448275862069,88
separated,False,3.0,116,70,60.3448275862069,88
separated,False,4.0,116,83,71.55172413793103,88
separated,False,5.0,116,85,73.27586206896551,88
single_speaker,False,-4.0,116,86,74.13793103448276,88
single_speaker,False,-2.0,116,78,67.24137931034483,88
single_speaker,False,0.0,116,92,79.3103448275862,88
single_speaker,False,1.0,116,96,82.75862068965517,88
single_speaker,False,2.0,116,103,88.79310344827587,88
single_speaker,False,3.0,116,81,69.82758620689656,88
single_speaker,False,4.0,116,98,84.48275862068965,88
single_speaker,False,5.0,116,84,72.41379310344827,88
colocated,False,-4.0,116,62,53.44827586206896,89
colocated,False,-2.0,116,65,56.03448275862068,89
colocated,False,0.0,116,76,65.51724137931035,89
colocated,False,1.0,116,81,69.82758620689656,89
colocated,False,2.0,116,85,73.27586206896551,89
colocated,False,3.0,116,69,59.48275862068966,89
colocated,False,4.0,116,70,60.3448275862069,89
colocated,False,5.0,116,86,74.13793103448276,89
separated,False,-4.0,116,57,49.137931034482754,89
separated,False,-2.0,116,74,63.793103448275865,89
separated,False,0.0,116,80,68.96551724137932,89
separated,False,1.0,116,98,84.48275862068965,89
separated,False,2.0,116,72,62.06896551724138,89
separated,False,3.0,116,66,56.896551724137936,89
separated,False,4.0,116,88,75.86206896551724,89
separated,False,5.0,116,82,70.6896551724138,89
single_speaker,False,-4.0,116,83,71.55172413793103,89
single_speaker,False,-2.0,116,83,71.55172413793103,89
single_speaker,False,0.0,116,87,75.0,89
single_speaker,False,1.0,116,96,82.75862068965517,89
single_speaker,False,2.0,116,101,87.06896551724138,89
single_speaker,False,3.0,116,84,72.41379310344827,89
single_speaker,False,4.0,116,95,81.89655172413794,89
single_speaker,False,5.0,116,78,67.24137931034483,89
colocated,False,-4.0,116,57,49.137931034482754,90
colocated,False,-2.0,116,65,56.03448275862068,90
colocated,False,0.0,116,66,56.896551724137936,90
colocated,False,1.0,116,80,68.96551724137932,90
colocated,False,2.0,116,91,78.44827586206897,90
colocated,False,3.0,116,67,57.758620689655174,90
colocated,False,4.0,116,79,68.10344827586206,90
colocated,False,5.0,116,75,64.65517241379311,90
separated,False,-4.0,116,70,60.3448275862069,90
separated,False,-2.0,116,75,64.65517241379311,90
separated,False,0.0,116,75,64.65517241379311,90
separated,False,1.0,116,103,88.79310344827587,90
separated,False,2.0,116,80,68.96551724137932,90
separated,False,3.0,116,64,55.172413793103445,90
separated,False,4.0,116,81,69.82758620689656,90
separated,False,5.0,116,73,62.93103448275862,90
single_speaker,False,-4.0,116,84,72.41379310344827,90
single_speaker,False,-2.0,116,84,72.41379310344827,90
single_speaker,False,0.0,116,81,69.82758620689656,90
single_speaker,False,1.0,116,89,76.72413793103449,90
single_speaker,False,2.0,116,94,81.03448275862068,90
single_speaker,False,3.0,116,81,69.82758620689656,90
single_speaker,False,4.0,116,92,79.3103448275862,90
single_speaker,False,5.0,116,80,68.96551724137932,90
colocated,False,-4.0,116,67,57.758620689655174,91
colocated,False,-2.0,116,63,54.310344827586206,91
colocated,False,0.0,116,83,71.55172413793103,91
colocated,False,1.0,116,83,71.55172413793103,91
colocated,False,2.0,116,83,71.55172413793103,91
colocated,False,3.0,116,69,59.48275862068966,91
colocated,False,4.0,116,77,66.37931034482759,91
colocated,False,5.0,116,83,71.55172413793103,91
separated,False,-4.0,116,70,60.3448275862069,91
separated,False,-2.0,116,72,62.06896551724138,91
separated,False,0.0,116,78,67.24137931034483,91
separated,False,1.0,116,92,79.3103448275862,91
separated,False,2.0,116,75,64.65517241379311,91
separated,False,3.0,116,69,59.48275862068966,91
separated,False,4.0,116,80,68.96551724137932,91
separated,False,5.0,116,78,67.24137931034483,91
single_speaker,False,-4.0,116,79,68.10344827586206,91
single_speaker,False,-2.0,116,76,65.51724137931035,91
single_speaker,False,0.0,116,80,68.96551724137932,91
single_speaker,False,1.0,116,89,76.72413793103449,91
single_speaker,False,2.0,116,99,85.34482758620689,91
single_speaker,False,3.0,116,86,74.13793103448276,91
single_speaker,False,4.0,116,91,78.44827586206897,91
single_speaker,False,5.0,116,81,69.82758620689656,91
colocated,False,-4.0,116,64,55.172413793103445,92
colocated,False,-2.0,116,64,55.172413793103445,92
colocated,False,0.0,116,69,59.48275862068966,92
colocated,False,1.0,116,76,65.51724137931035,92
colocated,False,2.0,116,86,74.13793103448276,92
colocated,False,3.0,116,61,52.58620689655172,92
colocated,False,4.0,116,82,70.6896551724138,92
colocated,False,5.0,116,84,72.41379310344827,92
separated,False,-4.0,116,56,48.275862068965516,92
separated,False,-2.0,116,79,68.10344827586206,92
separated,False,0.0,116,74,63.793103448275865,92
separated,False,1.0,116,87,75.0,92
separated,False,2.0,116,77,66.37931034482759,92
separated,False,3.0,116,68,58.620689655172406,92
separated,False,4.0,116,83,71.55172413793103,92
separated,False,5.0,116,72,62.06896551724138,92
single_speaker,False,-4.0,116,91,78.44827586206897,92
single_speaker,False,-2.0,116,81,69.82758620689656,92
single_speaker,False,0.0,116,90,77.58620689655173,92
single_speaker,False,1.0,116,96,82.75862068965517,92
single_speaker,False,2.0,116,101,87.06896551724138,92
single_speaker,False,3.0,116,90,77.58620689655173,92
single_speaker,False,4.0,116,99,85.34482758620689,92
single_speaker,False,5.0,116,84,72.41379310344827,92
colocated,False,-4.0,116,62,53.44827586206896,93
colocated,False,-2.0,116,71,61.206896551724135,93
colocated,False,0.0,116,73,62.93103448275862,93
colocated,False,1.0,116,82,70.6896551724138,93
colocated,False,2.0,116,95,81.89655172413794,93
colocated,False,3.0,116,60,51.724137931034484,93
colocated,False,4.0,116,78,67.24137931034483,93
colocated,False,5.0,116,76,65.51724137931035,93
separated,False,-4.0,116,64,55.172413793103445,93
separated,False,-2.0,116,76,65.51724137931035,93
separated,False,0.0,116,80,68.96551724137932,93
separated,False,1.0,116,98,84.48275862068965,93
separated,False,2.0,116,77,66.37931034482759,93
separated,False,3.0,116,58,50.0,93
separated,False,4.0,116,83,71.55172413793103,93
separated,False,5.0,116,78,67.24137931034483,93
single_speaker,False,-4.0,116,86,74.13793103448276,93
single_speaker,False,-2.0,116,85,73.27586206896551,93
single_speaker,False,0.0,116,81,69.82758620689656,93
single_speaker,False,1.0,116,92,79.3103448275862,93
single_speaker,False,2.0,116,102,87.93103448275862,93
single_speaker,False,3.0,116,78,67.24137931034483,93
single_speaker,False,4.0,116,93,80.17241379310344,93
single_speaker,False,5.0,116,86,74.13793103448276,93
colocated,False,-4.0,116,65,56.03448275862068,94
colocated,False,-2.0,116,61,52.58620689655172,94
colocated,False,0.0,116,74,63.793103448275865,94
colocated,False,1.0,116,80,68.96551724137932,94
colocated,False,2.0,116,84,72.41379310344827,94
colocated,False,3.0,116,63,54.310344827586206,94
colocated,False,4.0,116,79,68.10344827586206,94
colocated,False,5.0,116,75,64.65517241379311,94
separated,False,-4.0,116,53,45.689655172413794,94
separated,False,-2.0,116,71,61.206896551724135,94
separated,False,0.0,116,79,68.10344827586206,94
separated,False,1.0,116,90,77.58620689655173,94
separated,False,2.0,116,82,70.6896551724138,94
separated,False,3.0,116,76,65.51724137931035,94
separated,False,4.0,116,77,66.37931034482759,94
separated,False,5.0,116,69,59.48275862068966,94
single_speaker,False,-4.0,116,87,75.0,94
single_speaker,False,-2.0,116,86,74.13793103448276,94
single_speaker,False,0.0,116,77,66.37931034482759,94
single_speaker,False,1.0,116,96,82.75862068965517,94
single_speaker,False,2.0,116,103,88.79310344827587,94
single_speaker,False,3.0,116,83,71.55172413793103,94
single_speaker,False,4.0,116,97,83.62068965517241,94
single_speaker,False,5.0,116,79,68.10344827586206,94
colocated,False,-4.0,116,63,54.310344827586206,95
colocated,False,-2.0,116,63,54.310344827586206,95
colocated,False,0.0,116,72,62.06896551724138,95
colocated,False,1.0,116,83,71.55172413793103,95
colocated,False,2.0,116,81,69.82758620689656,95
colocated,False,3.0,116,64,55.172413793103445,95
colocated,False,4.0,116,74,63.793103448275865,95
colocated,False,5.0,116,87,75.0,95
separated,False,-4.0,116,63,54.310344827586206,95
separated,False,-2.0,116,73,62.93103448275862,95
separated,False,0.0,116,74,63.793103448275865,95
separated,False,1.0,116,104,89.65517241379311,95
separated,False,2.0,116,68,58.620689655172406,95
separated,False,3.0,116,67,57.758620689655174,95
separated,False,4.0,116,82,70.6896551724138,95
separated,False,5.0,116,78,67.24137931034483,95
single_speaker,False,-4.0,116,83,71.55172413793103,95
single_speaker,False,-2.0,116,81,69.82758620689656,95
single_speaker,False,0.0,116,89,76.72413793103449,95
single_speaker,False,1.0,116,99,85.34482758620689,95
single_speaker,False,2.0,116,94,81.03448275862068,95
single_speaker,False,3.0,116,84,72.41379310344827,95
single_speaker,False,4.0,116,97,83.62068965517241,95
single_speaker,False,5.0,116,84,72.41379310344827,95
colocated,False,-4.0,116,65,56.03448275862068,96
colocated,False,-2.0,116,55,47.41379310344828,96
colocated,False,0.0,116,74,63.793103448275865,96
colocated,False,1.0,116,74,63.793103448275865,96
colocated,False,2.0,116,81,69.82758620689656,96
colocated,False,3.0,116,67,57.758620689655174,96
colocated,False,4.0,116,87,75.0,96
colocated,False,5.0,116,78,67.24137931034483,96
separated,False,-4.0,116,61,52.58620689655172,96
separated,False,-2.0,116,59,50.86206896551724,96
separated,False,0.0,116,75,64.65517241379311,96
separated,False,1.0,116,95,81.89655172413794,96
separated,False,2.0,116,74,63.793103448275865,96
separated,False,3.0,116,72,62.06896551724138,96
separated,False,4.0,116,80,68.96551724137932,96
separated,False,5.0,116,75,64.65517241379311,96
single_speaker,False,-4.0,116,79,68.10344827586206,96
single_speaker,False,-2.0,116,85,73.27586206896551,96
single_speaker,False,0.0,116,91,78.44827586206897,96
single_speaker,False,1.0,116,91,78.44827586206897,96
single_speaker,False,2.0,116,98,84.48275862068965,96
single_speaker,False,3.0,116,90,77.58620689655173,96
single_speaker,False,4.0,116,89,76.72413793103449,96
single_speaker,False,5.0,116,78,67.24137931034483,96
colocated,False,-4.0,116,62,53.44827586206896,97
colocated,False,-2.0,116,75,64.65517241379311,97
colocated,False,0.0,116,78,67.24137931034483,97
colocated,False,1.0,116,86,74.13793103448276,97
colocated,False,2.0,116,81,69.82758620689656,97
colocated,False,3.0,116,67,57.758620689655174,97
colocated,False,4.0,116,76,65.51724137931035,97
colocated,False,5.0,116,86,74.13793103448276,97
separated,False,-4.0,116,63,54.310344827586206,97
separated,False,-2.0,116,80,68.96551724137932,97
separated,False,0.0,116,80,68.96551724137932,97
separated,False,1.0,116,99,85.34482758620689,97
separated,False,2.0,116,73,62.93103448275862,97
separated,False,3.0,116,64,55.172413793103445,97
separated,False,4.0,116,87,75.0,97
separated,False,5.0,116,80,68.96551724137932,97
single_speaker,False,-4.0,116,86,74.13793103448276,97
single_speaker,False,-2.0,116,80,68.96551724137932,97
single_speaker,False,0.0,116,84,72.41379310344827,97
single_speaker,False,1.0,116,89,76.72413793103449,97
single_speaker,False,2.0,116,108,93.10344827586206,97
single_speaker,False,3.0,116,82,70.6896551724138,97
single_speaker,False,4.0,116,96,82.75862068965517,97
single_speaker,False,5.0,116,81,69.82758620689656,97
colocated,False,-4.0,116,67,57.758620689655174,98
colocated,False,-2.0,116,72,62.06896551724138,98
colocated,False,0.0,116,77,66.37931034482759,98
colocated,False,1.0,116,91,78.44827586206897,98
colocated,False,2.0,116,89,76.72413793103449,98
colocated,False,3.0,116,57,49.137931034482754,98
colocated,False,4.0,116,89,76.72413793103449,98
colocated,False,5.0,116,88,75.86206896551724,98
separated,False,-4.0,116,68,58.620689655172406,98
separated,False,-2.0,116,78,67.24137931034483,98
separated,False,0.0,116,75,64.65517241379311,98
separated,False,1.0,116,86,74.13793103448276,98
separated,False,2.0,116,71,61.206896551724135,98
separated,False,3.0,116,67,57.758620689655174,98
separated,False,4.0,116,93,80.17241379310344,98
separated,False,5.0,116,78,67.24137931034483,98
single_speaker,False,-4.0,116,90,77.58620689655173,98
single_speaker,False,-2.0,116,72,62.06896551724138,98
single_speaker,False,0.0,116,89,76.72413793103449,98
single_speaker,False,1.0,116,99,85.34482758620689,98
single_speaker,False,2.0,116,98,84.48275862068965,98
single_speaker,False,3.0,116,86,74.13793103448276,98
single_speaker,False,4.0,116,92,79.3103448275862,98
single_speaker,False,5.0,116,84,72.41379310344827,98
colocated,False,-4.0,116,63,54.310344827586206,99
colocated,False,-2.0,116,63,54.310344827586206,99
colocated,False,0.0,116,82,70.6896551724138,99
colocated,False,1.0,116,81,69.82758620689656,99
colocated,False,2.0,116,89,76.72413793103449,99
colocated,False,3.0,116,61,52.58620689655172,99
colocated,False,4.0,116,78,67.24137931034483,99
colocated,False,5.0,116,85,73.27586206896551,99
separated,False,-4.0,116,63,54.310344827586206,99
separated,False,-2.0,116,70,60.3448275862069,99
separated,False,0.0,116,80,68.96551724137932,99
separated,False,1.0,116,95,81.89655172413794,99
separated,False,2.0,116,78,67.24137931034483,99
separated,False,3.0,116,71,61.206896551724135,99
separated,False,4.0,116,88,75.86206896551724,99
separated,False,5.0,116,92,79.3103448275862,99
single_speaker,False,-4.0,116,85,73.27586206896551,99
single_speaker,False,-2.0,116,89,76.72413793103449,99
single_speaker,False,0.0,116,70,60.3448275862069,99
single_speaker,False,1.0,116,100,86.20689655172413,99
single_speaker,False,2.0,116,104,89.65517241379311,99
single_speaker,False,3.0,116,87,75.0,99
single_speaker,False,4.0,116,97,83.62068965517241,99
single_speaker,False,5.0,116,75,64.65517241379311,99
colocated,False,-4.0,116,62,53.44827586206896,100
colocated,False,-2.0,116,65,56.03448275862068,100
colocated,False,0.0,116,76,65.51724137931035,100
colocated,False,1.0,116,84,72.41379310344827,100
colocated,False,2.0,116,85,73.27586206896551,100
colocated,False,3.0,116,73,62.93103448275862,100
colocated,False,4.0,116,74,63.793103448275865,100
colocated,False,5.0,116,81,69.82758620689656,100
separated,False,-4.0,116,61,52.58620689655172,100
separated,False,-2.0,116,79,68.10344827586206,100
separated,False,0.0,116,77,66.37931034482759,100
separated,False,1.0,116,93,80.17241379310344,100
separated,False,2.0,116,72,62.06896551724138,100
separated,False,3.0,116,72,62.06896551724138,100
separated,False,4.0,116,88,75.86206896551724,100
separated,False,5.0,116,71,61.206896551724135,100
single_speaker,False,-4.0,116,86,74.13793103448276,100
single_speaker,False,-2.0,116,72,62.06896551724138,100
single_speaker,False,0.0,116,78,67.24137931034483,100
single_speaker,False,1.0,116,98,84.48275862068965,100
single_speaker,False,2.0,116,102,87.93103448275862,100
single_speaker,False,3.0,116,82,70.6896551724138,100
single_speaker,False,4.0,116,94,81.03448275862068,100
single_speaker,False,5.0,116,81,69.82758620689656,100
colocated,False,-4.0,116,73,62.93103448275862,101
colocated,False,-2.0,116,73,62.93103448275862,101
colocated,False,0.0,116,78,67.24137931034483,101
colocated,False,1.0,116,83,71.55172413793103,101
colocated,False,2.0,116,88,75.86206896551724,101
colocated,False,3.0,116,66,56.896551724137936,101
colocated,False,4.0,116,79,68.10344827586206,101
colocated,False,5.0,116,89,76.72413793103449,101
separated,False,-4.0,116,60,51.724137931034484,101
separated,False,-2.0,116,76,65.51724137931035,101
separated,False,0.0,116,78,67.24137931034483,101
separated,False,1.0,116,83,71.55172413793103,101
separated,False,2.0,116,79,68.10344827586206,101
separated,False,3.0,116,76,65.51724137931035,101
separated,False,4.0,116,75,64.65517241379311,101
separated,False,5.0,116,82,70.6896551724138,101
single_speaker,False,-4.0,116,82,70.6896551724138,101
single_speaker,False,-2.0,116,74,63.793103448275865,101
single_speaker,False,0.0,116,79,68.10344827586206,101
single_speaker,False,1.0,116,92,79.3103448275862,101
single_speaker,False,2.0,116,97,83.62068965517241,101
single_speaker,False,3.0,116,88,75.86206896551724,101
single_speaker,False,4.0,116,94,81.03448275862068,101
single_speaker,False,5.0,116,79,68.10344827586206,101
colocated,False,-4.0,116,68,58.620689655172406,102
colocated,False,-2.0,116,68,58.620689655172406,102
colocated,False,0.0,116,68,58.620689655172406,102
colocated,False,1.0,116,73,62.93103448275862,102
colocated,False,2.0,116,80,68.96551724137932,102
colocated,False,3.0,116,64,55.172413793103445,102
colocated,False,4.0,116,82,70.6896551724138,102
colocated,False,5.0,116,77,66.37931034482759,102
separated,False,-4.0,116,72,62.06896551724138,102
separated,False,-2.0,116,72,62.06896551724138,102
separated,False,0.0,116,79,68.10344827586206,102
separated,False,1.0,116,94,81.03448275862068,102
separated,False,2.0,116,78,67.24137931034483,102
separated,False,3.0,116,71,61.206896551724135,102
separated,False,4.0,116,80,68.96551724137932,102
separated,False,5.0,116,77,66.37931034482759,102
single_speaker,False,-4.0,116,82,70.6896551724138,102
single_speaker,False,-2.0,116,81,69.82758620689656,102
single_speaker,False,0.0,116,85,73.27586206896551,102
single_speaker,False,1.0,116,92,79.3103448275862,102
single_speaker,False,2.0,116,99,85.34482758620689,102
single_speaker,False,3.0,116,88,75.86206896551724,102
single_speaker,False,4.0,116,97,83.62068965517241,102
single_speaker,False,5.0,116,80,68.96551724137932,102
colocated,False,-4.0,116,68,58.620689655172406,103
colocated,False,-2.0,116,69,59.48275862068966,103
colocated,False,0.0,116,67,57.758620689655174,103
colocated,False,1.0,116,81,69.82758620689656,103
colocated,False,2.0,116,92,79.3103448275862,103
colocated,False,3.0,116,66,56.896551724137936,103
colocated,False,4.0,116,78,67.24137931034483,103
colocated,False,5.0,116,76,65.51724137931035,103
separated,False,-4.0,116,60,51.724137931034484,103
separated,False,-2.0,116,76,65.51724137931035,103
separated,False,0.0,116,70,60.3448275862069,103
separated,False,1.0,116,95,81.89655172413794,103
separated,False,2.0,116,79,68.10344827586206,103
separated,False,3.0,116,64,55.172413793103445,103
separated,False,4.0,116,86,74.13793103448276,103
separated,False,5.0,116,80,68.96551724137932,103
single_speaker,False,-4.0,116,84,72.41379310344827,103
single_speaker,False,-2.0,116,78,67.24137931034483,103
single_speaker,False,0.0,116,92,79.3103448275862,103
single_speaker,False,1.0,116,91,78.44827586206897,103
single_speaker,False,2.0,116,100,86.20689655172413,103
single_speaker,False,3.0,116,83,71.55172413793103,103
single_speaker,False,4.0,116,94,81.03448275862068,103
single_speaker,False,5.0,116,91,78.44827586206897,103
colocated,False,-4.0,116,68,58.620689655172406,104
colocated,False,-2.0,116,59,50.86206896551724,104
colocated,False,0.0,116,64,55.172413793103445,104
colocated,False,1.0,116,76,65.51724137931035,104
colocated,False,2.0,116,81,69.82758620689656,104
colocated,False,3.0,116,59,50.86206896551724,104
colocated,False,4.0,116,77,66.37931034482759,104
colocated,False,5.0,116,84,72.41379310344827,104
separated,False,-4.0,116,58,50.0,104
separated,False,-2.0,116,79,68.10344827586206,104
separated,False,0.0,116,79,68.10344827586206,104
separated,False,1.0,116,94,81.03448275862068,104
separated,False,2.0,116,69,59.48275862068966,104
separated,False,3.0,116,72,62.06896551724138,104
separated,False,4.0,116,81,69.82758620689656,104
separated,False,5.0,116,78,67.24137931034483,104
single_speaker,False,-4.0,116,91,78.44827586206897,104
single_speaker,False,-2.0,116,79,68.10344827586206,104
single_speaker,False,0.0,116,89,76.72413793103449,104
single_speaker,False,1.0,116,92,79.3103448275862,104
single_speaker,False,2.0,116,100,86.20689655172413,104
single_speaker,False,3.0,116,78,67.24137931034483,104
single_speaker,False,4.0,116,99,85.34482758620689,104
single_speaker,False,5.0,116,82,70.6896551724138,104
colocated,False,-4.0,116,71,61.206896551724135,105
colocated,False,-2.0,116,62,53.44827586206896,105
colocated,False,0.0,116,77,66.37931034482759,105
colocated,False,1.0,116,77,66.37931034482759,105
colocated,False,2.0,116,94,81.03448275862068,105
colocated,False,3.0,116,76,65.51724137931035,105
colocated,False,4.0,116,80,68.96551724137932,105
colocated,False,5.0,116,81,69.82758620689656,105
separated,False,-4.0,116,66,56.896551724137936,105
separated,False,-2.0,116,84,72.41379310344827,105
separated,False,0.0,116,82,70.6896551724138,105
separated,False,1.0,116,100,86.20689655172413,105
separated,False,2.0,116,79,68.10344827586206,105
separated,False,3.0,116,73,62.93103448275862,105
separated,False,4.0,116,95,81.89655172413794,105
separated,False,5.0,116,76,65.51724137931035,105
single_speaker,False,-4.0,116,89,76.72413793103449,105
single_speaker,False,-2.0,116,83,71.55172413793103,105
single_speaker,False,0.0,116,89,76.72413793103449,105
single_speaker,False,1.0,116,97,83.62068965517241,105
single_speaker,False,2.0,116,93,80.17241379310344,105
single_speaker,False,3.0,116,82,70.6896551724138,105
single_speaker,False,4.0,116,99,85.34482758620689,105
single_speaker,False,5.0,116,89,76.72413793103449,105
colocated,False,-4.0,116,68,58.620689655172406,106
colocated,False,-2.0,116,56,48.275862068965516,106
colocated,False,0.0,116,67,57.758620689655174,106
colocated,False,1.0,116,83,71.55172413793103,106
colocated,False,2.0,116,72,62.06896551724138,106
colocated,False,3.0,116,64,55.172413793103445,106
colocated,False,4.0,116,82,70.6896551724138,106
colocated,False,5.0,116,77,66.37931034482759,106
separated,False,-4.0,116,56,48.275862068965516,106
separated,False,-2.0,116,82,70.6896551724138,106
separated,False,0.0,116,76,65.51724137931035,106
separated,False,1.0,116,91,78.44827586206897,106
separated,False,2.0,116,74,63.793103448275865,106
separated,False,3.0,116,69,59.48275862068966,106
separated,False,4.0,116,86,74.13793103448276,106
separated,False,5.0,116,78,67.24137931034483,106
single_speaker,False,-4.0,116,84,72.41379310344827,106
single_speaker,False,-2.0,116,72,62.06896551724138,106
single_speaker,False,0.0,116,93,80.17241379310344,106
single_speaker,False,1.0,116,90,77.58620689655173,106
single_speaker,False,2.0,116,106,91.37931034482759,106
single_speaker,False,3.0,116,83,71.55172413793103,106
single_speaker,False,4.0,116,99,85.34482758620689,106
single_speaker,False,5.0,116,89,76.72413793103449,106
colocated,False,-4.0,116,70,60.3448275862069,107
colocated,False,-2.0,116,71,61.206896551724135,107
colocated,False,0.0,116,80,68.96551724137932,107
colocated,False,1.0,116,75,64.65517241379311,107
colocated,False,2.0,116,88,75.86206896551724,107
colocated,False,3.0,116,65,56.03448275862068,107
colocated,False,4.0,116,82,70.6896551724138,107
colocated,False,5.0,116,85,73.27586206896551,107
separated,False,-4.0,116,64,55.172413793103445,107
separated,False,-2.0,116,72,62.06896551724138,107
separated,False,0.0,116,84,72.41379310344827,107
separated,False,1.0,116,89,76.72413793103449,107
separated,False,2.0,116,78,67.24137931034483,107
separated,False,3.0,116,67,57.758620689655174,107
separated,False,4.0,116,80,68.96551724137932,107
separated,False,5.0,116,78,67.24137931034483,107
single_speaker,False,-4.0,116,90,77.58620689655173,107
single_speaker,False,-2.0,116,71,61.206896551724135,107
single_speaker,False,0.0,116,70,60.3448275862069,107
single_speaker,False,1.0,116,92,79.3103448275862,107
single_speaker,False,2.0,116,102,87.93103448275862,107
single_speaker,False,3.0,116,91,78.44827586206897,107
single_speaker,False,4.0,116,92,79.3103448275862,107
single_speaker,False,5.0,116,83,71.55172413793103,107
colocated,False,-4.0,116,66,56.896551724137936,108
colocated,False,-2.0,116,68,58.620689655172406,108
colocated,False,0.0,116,63,54.310344827586206,108
colocated,False,1.0,116,85,73.27586206896551,108
colocated,False,2.0,116,92,79.3103448275862,108
colocated,False,3.0,116,71,61.206896551724135,108
colocated,False,4.0,116,85,73.27586206896551,108
colocated,False,5.0,116,82,70.6896551724138,108
separated,False,-4.0,116,58,50.0,108
separated,False,-2.0,116,80,68.96551724137932,108
separated,False,0.0,116,65,56.03448275862068,108
separated,False,1.0,116,81,69.82758620689656,108
separated,False,2.0,116,79,68.10344827586206,108
separated,False,3.0,116,73,62.93103448275862,108
separated,False,4.0,116,79,68.10344827586206,108
separated,False,5.0,116,80,68.96551724137932,108
single_speaker,False,-4.0,116,93,80.17241379310344,108
single_speaker,False,-2.0,116,84,72.41379310344827,108
single_speaker,False,0.0,116,93,80.17241379310344,108
single_speaker,False,1.0,116,102,87.93103448275862,108
single_speaker,False,2.0,116,100,86.20689655172413,108
single_speaker,False,3.0,116,84,72.41379310344827,108
single_speaker,False,4.0,116,98,84.48275862068965,108
single_speaker,False,5.0,116,86,74.13793103448276,108
colocated,False,-4.0,116,69,59.48275862068966,109
colocated,False,-2.0,116,67,57.758620689655174,109
colocated,False,0.0,116,65,56.03448275862068,109
colocated,False,1.0,116,79,68.10344827586206,109
colocated,False,2.0,116,83,71.55172413793103,109
colocated,False,3.0,116,65,56.03448275862068,109
colocated,False,4.0,116,77,66.37931034482759,109
colocated,False,5.0,116,80,68.96551724137932,109
separated,False,-4.0,116,65,56.03448275862068,109
separated,False,-2.0,116,64,55.172413793103445,109
separated,False,0.0,116,80,68.96551724137932,109
separated,False,1.0,116,89,76.72413793103449,109
separated,False,2.0,116,73,62.93103448275862,109
separated,False,3.0,116,62,53.44827586206896,109
separated,False,4.0,116,74,63.793103448275865,109
separated,False,5.0,116,74,63.793103448275865,109
single_speaker,False,-4.0,116,85,73.27586206896551,109
single_speaker,False,-2.0,116,75,64.65517241379311,109
single_speaker,False,0.0,116,86,74.13793103448276,109
single_speaker,False,1.0,116,84,72.41379310344827,109
single_speaker,False,2.0,116,99,85.34482758620689,109
single_speaker,False,3.0,116,81,69.82758620689656,109
single_speaker,False,4.0,116,99,85.34482758620689,109
single_speaker,False,5.0,116,80,68.96551724137932,109
colocated,False,-4.0,116,54,46.55172413793103,110
colocated,False,-2.0,116,67,57.758620689655174,110
colocated,False,0.0,116,75,64.65517241379311,110
colocated,False,1.0,116,81,69.82758620689656,110
colocated,False,2.0,116,87,75.0,110
colocated,False,3.0,116,67,57.758620689655174,110
colocated,False,4.0,116,80,68.96551724137932,110
colocated,False,5.0,116,77,66.37931034482759,110
separated,False,-4.0,116,59,50.86206896551724,110
separated,False,-2.0,116,71,61.206896551724135,110
separated,False,0.0,116,72,62.06896551724138,110
separated,False,1.0,116,97,83.62068965517241,110
separated,False,2.0,116,77,66.37931034482759,110
separated,False,3.0,116,68,58.620689655172406,110
separated,False,4.0,116,79,68.10344827586206,110
separated,False,5.0,116,78,67.24137931034483,110
single_speaker,False,-4.0,116,87,75.0,110
single_speaker,False,-2.0,116,79,68.10344827586206,110
single_speaker,False,0.0,116,84,72.41379310344827,110
single_speaker,False,1.0,116,91,78.44827586206897,110
single_speaker,False,2.0,116,91,78.44827586206897,110
single_speaker,False,3.0,116,82,70.6896551724138,110
single_speaker,False,4.0,116,93,80.17241379310344,110
single_speaker,False,5.0,116,85,73.27586206896551,110
colocated,False,-4.0,116,69,59.48275862068966,111
colocated,False,-2.0,116,68,58.620689655172406,111
colocated,False,0.0,116,71,61.206896551724135,111
colocated,False,1.0,116,75,64.65517241379311,111
colocated,False,2.0,116,83,71.55172413793103,111
colocated,False,3.0,116,66,56.896551724137936,111
colocated,False,4.0,116,78,67.24137931034483,111
colocated,False,5.0,116,76,65.51724137931035,111
separated,False,-4.0,116,53,45.689655172413794,111
separated,False,-2.0,116,73,62.93103448275862,111
separated,False,0.0,116,72,62.06896551724138,111
separated,False,1.0,116,85,73.27586206896551,111
separated,False,2.0,116,73,62.93103448275862,111
separated,False,3.0,116,77,66.37931034482759,111
separated,False,4.0,116,75,64.65517241379311,111
separated,False,5.0,116,81,69.82758620689656,111
single_speaker,False,-4.0,116,89,76.72413793103449,111
single_speaker,False,-2.0,116,74,63.793103448275865,111
single_speaker,False,0.0,116,86,74.13793103448276,111
single_speaker,False,1.0,116,95,81.89655172413794,111
single_speaker,False,2.0,116,99,85.34482758620689,111
single_speaker,False,3.0,116,84,72.41379310344827,111
single_speaker,False,4.0,116,90,77.58620689655173,111
single_speaker,False,5.0,116,84,72.41379310344827,111
colocated,False,-4.0,116,54,46.55172413793103,112
colocated,False,-2.0,116,69,59.48275862068966,112
colocated,False,0.0,116,61,52.58620689655172,112
colocated,False,1.0,116,76,65.51724137931035,112
colocated,False,2.0,116,81,69.82758620689656,112
colocated,False,3.0,116,63,54.310344827586206,112
colocated,False,4.0,116,71,61.206896551724135,112
colocated,False,5.0,116,82,70.6896551724138,112
separated,False,-4.0,116,57,49.137931034482754,112
separated,False,-2.0,116,70,60.3448275862069,112
separated,False,0.0,116,75,64.65517241379311,112
separated,False,1.0,116,92,79.3103448275862,112
separated,False,2.0,116,74,63.793103448275865,112
separated,False,3.0,116,75,64.65517241379311,112
separated,False,4.0,116,91,78.44827586206897,112
separated,False,5.0,116,82,70.6896551724138,112
single_speaker,False,-4.0,116,92,79.3103448275862,112
single_speaker,False,-2.0,116,85,73.27586206896551,112
single_speaker,False,0.0,116,80,68.96551724137932,112
single_speaker,False,1.0,116,100,86.20689655172413,112
single_speaker,False,2.0,116,102,87.93103448275862,112
single_speaker,False,3.0,116,88,75.86206896551724,112
single_speaker,False,4.0,116,92,79.3103448275862,112
single_speaker,False,5.0,116,83,71.55172413793103,112
colocated,False,-4.0,116,61,52.58620689655172,113
colocated,False,-2.0,116,71,61.206896551724135,113
colocated,False,0.0,116,79,68.10344827586206,113
colocated,False,1.0,116,76,65.51724137931035,113
colocated,False,2.0,116,81,69.82758620689656,113
colocated,False,3.0,116,70,60.3448275862069,113
colocated,False,4.0,116,70,60.3448275862069,113
colocated,False,5.0,116,81,69.82758620689656,113
separated,False,-4.0,116,62,53.44827586206896,113
separated,False,-2.0,116,78,67.24137931034483,113
separated,False,0.0,116,82,70.6896551724138,113
separated,False,1.0,116,92,79.3103448275862,113
separated,False,2.0,116,80,68.96551724137932,113
separated,False,3.0,116,65,56.03448275862068,113
separated,False,4.0,116,77,66.37931034482759,113
separated,False,5.0,116,78,67.24137931034483,113
single_speaker,False,-4.0,116,90,77.58620689655173,113
single_speaker,False,-2.0,116,77,66.37931034482759,113
single_speaker,False,0.0,116,89,76.72413793103449,113
single_speaker,False,1.0,116,91,78.44827586206897,113
single_speaker,False,2.0,116,101,87.06896551724138,113
single_speaker,False,3.0,116,84,72.41379310344827,113
single_speaker,False,4.0,116,96,82.75862068965517,113
single_speaker,False,5.0,116,86,74.13793103448276,113
colocated,False,-4.0,116,55,47.41379310344828,114
colocated,False,-2.0,116,65,56.03448275862068,114
colocated,False,0.0,116,74,63.793103448275865,114
colocated,False,1.0,116,73,62.93103448275862,114
colocated,False,2.0,116,89,76.72413793103449,114
colocated,False,3.0,116,60,51.724137931034484,114
colocated,False,4.0,116,79,68.10344827586206,114
colocated,False,5.0,116,82,70.6896551724138,114
separated,False,-4.0,116,60,51.724137931034484,114
separated,False,-2.0,116,82,70.6896551724138,114
separated,False,0.0,116,77,66.37931034482759,114
separated,False,1.0,116,91,78.44827586206897,114
separated,False,2.0,116,71,61.206896551724135,114
separated,False,3.0,116,73,62.93103448275862,114
separated,False,4.0,116,82,70.6896551724138,114
separated,False,5.0,116,68,58.620689655172406,114
single_speaker,False,-4.0,116,86,74.13793103448276,114
single_speaker,False,-2.0,116,89,76.72413793103449,114
single_speaker,False,0.0,116,88,75.86206896551724,114
single_speaker,False,1.0,116,88,75.86206896551724,114
single_speaker,False,2.0,116,96,82.75862068965517,114
single_speaker,False,3.0,116,89,76.72413793103449,114
single_speaker,False,4.0,116,97,83.62068965517241,114
single_speaker,False,5.0,116,85,73.27586206896551,114
colocated,False,-4.0,116,78,67.24137931034483,115
colocated,False,-2.0,116,67,57.758620689655174,115
colocated,False,0.0,116,60,51.724137931034484,115
colocated,False,1.0,116,62,53.44827586206896,115
colocated,False,2.0,116,82,70.6896551724138,115
colocated,False,3.0,116,63,54.310344827586206,115
colocated,False,4.0,116,72,62.06896551724138,115
colocated,False,5.0,116,81,69.82758620689656,115
separated,False,-4.0,116,55,47.41379310344828,115
separated,False,-2.0,116,78,67.24137931034483,115
separated,False,0.0,116,83,71.55172413793103,115
separated,False,1.0,116,95,81.89655172413794,115
separated,False,2.0,116,76,65.51724137931035,115
separated,False,3.0,116,78,67.24137931034483,115
separated,False,4.0,116,85,73.27586206896551,115
separated,False,5.0,116,83,71.55172413793103,115
single_speaker,False,-4.0,116,90,77.58620689655173,115
single_speaker,False,-2.0,116,82,70.6896551724138,115
single_speaker,False,0.0,116,89,76.72413793103449,115
single_speaker,False,1.0,116,93,80.17241379310344,115
single_speaker,False,2.0,116,102,87.93103448275862,115
single_speaker,False,3.0,116,83,71.55172413793103,115
single_speaker,False,4.0,116,89,76.72413793103449,115
single_speaker,False,5.0,116,88,75.86206896551724,115
colocated,False,-4.0,116,68,58.620689655172406,116
colocated,False,-2.0,116,58,50.0,116
colocated,False,0.0,116,72,62.06896551724138,116
colocated,False,1.0,116,73,62.93103448275862,116
colocated,False,2.0,116,89,76.72413793103449,116
colocated,False,3.0,116,74,63.793103448275865,116
colocated,False,4.0,116,79,68.10344827586206,116
colocated,False,5.0,116,76,65.51724137931035,116
separated,False,-4.0,116,64,55.172413793103445,116
separated,False,-2.0,116,72,62.06896551724138,116
separated,False,0.0,116,77,66.37931034482759,116
separated,False,1.0,116,97,83.62068965517241,116
separated,False,2.0,116,77,66.37931034482759,116
separated,False,3.0,116,72,62.06896551724138,116
separated,False,4.0,116,91,78.44827586206897,116
separated,False,5.0,116,73,62.93103448275862,116
single_speaker,False,-4.0,116,85,73.27586206896551,116
single_speaker,False,-2.0,116,73,62.93103448275862,116
single_speaker,False,0.0,116,86,74.13793103448276,116
single_speaker,False,1.0,116,90,77.58620689655173,116
single_speaker,False,2.0,116,98,84.48275862068965,116
single_speaker,False,3.0,116,81,69.82758620689656,116
single_speaker,False,4.0,116,95,81.89655172413794,116
single_speaker,False,5.0,116,87,75.0,116
colocated,False,-4.0,116,68,58.620689655172406,117
colocated,False,-2.0,116,67,57.758620689655174,117
colocated,False,0.0,116,59,50.86206896551724,117
colocated,False,1.0,116,72,62.06896551724138,117
colocated,False,2.0,116,85,73.27586206896551,117
colocated,False,3.0,116,65,56.03448275862068,117
colocated,False,4.0,116,80,68.96551724137932,117
colocated,False,5.0,116,76,65.51724137931035,117
separated,False,-4.0,116,62,53.44827586206896,117
separated,False,-2.0,116,71,61.206896551724135,117
separated,False,0.0,116,74,63.793103448275865,117
separated,False,1.0,116,89,76.72413793103449,117
separated,False,2.0,116,77,66.37931034482759,117
separated,False,3.0,116,75,64.65517241379311,117
separated,False,4.0,116,83,71.55172413793103,117
separated,False,5.0,116,75,64.65517241379311,117
single_speaker,False,-4.0,116,90,77.58620689655173,117
single_speaker,False,-2.0,116,78,67.24137931034483,117
single_speaker,False,0.0,116,90,77.58620689655173,117
single_speaker,False,1.0,116,94,81.03448275862068,117
single_speaker,False,2.0,116,105,90.51724137931035,117
single_speaker,False,3.0,116,85,73.27586206896551,117
single_speaker,False,4.0,116,103,88.79310344827587,117
single_speaker,False,5.0,116,91,78.44827586206897,117
colocated,False,-4.0,116,77,66.37931034482759,118
colocated,False,-2.0,116,66,56.896551724137936,118
colocated,False,0.0,116,66,56.896551724137936,118
colocated,False,1.0,116,85,73.27586206896551,118
colocated,False,2.0,116,84,72.41379310344827,118
colocated,False,3.0,116,57,49.137931034482754,118
colocated,False,4.0,116,81,69.82758620689656,118
colocated,False,5.0,116,74,63.793103448275865,118
separated,False,-4.0,116,54,46.55172413793103,118
separated,False,-2.0,116,86,74.13793103448276,118
separated,False,0.0,116,82,70.6896551724138,118
separated,False,1.0,116,100,86.20689655172413,118
separated,False,2.0,116,70,60.3448275862069,118
separated,False,3.0,116,75,64.65517241379311,118
separated,False,4.0,116,83,71.55172413793103,118
separated,False,5.0,116,75,64.65517241379311,118
single_speaker,False,-4.0,116,85,73.27586206896551,118
single_speaker,False,-2.0,116,72,62.06896551724138,118
single_speaker,False,0.0,116,85,73.27586206896551,118
single_speaker,False,1.0,116,92,79.3103448275862,118
single_speaker,False,2.0,116,101,87.06896551724138,118
single_speaker,False,3.0,116,86,74.13793103448276,118
single_speaker,False,4.0,116,95,81.89655172413794,118
single_speaker,False,5.0,116,87,75.0,118
colocated,False,-4.0,116,65,56.03448275862068,119
colocated,False,-2.0,116,66,56.896551724137936,119
colocated,False,0.0,116,77,66.37931034482759,119
colocated,False,1.0,116,78,67.24137931034483,119
colocated,False,2.0,116,89,76.72413793103449,119
colocated,False,3.0,116,64,55.172413793103445,119
colocated,False,4.0,116,77,66.37931034482759,119
colocated,False,5.0,116,68,58.620689655172406,119
separated,False,-4.0,116,65,56.03448275862068,119
separated,False,-2.0,116,67,57.758620689655174,119
separated,False,0.0,116,80,68.96551724137932,119
separated,False,1.0,116,96,82.75862068965517,119
separated,False,2.0,116,67,57.758620689655174,119
separated,False,3.0,116,70,60.3448275862069,119
separated,False,4.0,116,84,72.41379310344827,119
separated,False,5.0,116,83,71.55172413793103,119
single_speaker,False,-4.0,116,81,69.82758620689656,119
single_speaker,False,-2.0,116,87,75.0,119
single_speaker,False,0.0,116,85,73.27586206896551,119
single_speaker,False,1.0,116,91,78.44827586206897,119
single_speaker,False,2.0,116,102,87.93103448275862,119
single_speaker,False,3.0,116,87,75.0,119
single_speaker,False,4.0,116,105,90.51724137931035,119
single_speaker,False,5.0,116,84,72.41379310344827,119
colocated,False,-4.0,116,61,52.58620689655172,120
colocated,False,-2.0,116,64,55.172413793103445,120
colocated,False,0.0,116,69,59.48275862068966,120
colocated,False,1.0,116,81,69.82758620689656,120
colocated,False,2.0,116,86,74.13793103448276,120
colocated,False,3.0,116,57,49.137931034482754,120
colocated,False,4.0,116,81,69.82758620689656,120
colocated,False,5.0,116,81,69.82758620689656,120
separated,False,-4.0,116,60,51.724137931034484,120
separated,False,-2.0,116,75,64.65517241379311,120
separated,False,0.0,116,79,68.10344827586206,120
separated,False,1.0,116,96,82.75862068965517,120
separated,False,2.0,116,80,68.96551724137932,120
separated,False,3.0,116,81,69.82758620689656,120
separated,False,4.0,116,81,69.82758620689656,120
separated,False,5.0,116,82,70.6896551724138,120
single_speaker,False,-4.0,116,88,75.86206896551724,120
single_speaker,False,-2.0,116,75,64.65517241379311,120
single_speaker,False,0.0,116,98,84.48275862068965,120
single_speaker,False,1.0,116,94,81.03448275862068,120
single_speaker,False,2.0,116,100,86.20689655172413,120
single_speaker,False,3.0,116,83,71.55172413793103,120
single_speaker,False,4.0,116,90,77.58620689655173,120
single_speaker,False,5.0,116,77,66.37931034482759,120
colocated,False,-4.0,116,68,58.620689655172406,121
colocated,False,-2.0,116,70,60.3448275862069,121
colocated,False,0.0,116,81,69.82758620689656,121
colocated,False,1.0,116,71,61.206896551724135,121
colocated,False,2.0,116,74,63.793103448275865,121
colocated,False,3.0,116,66,56.896551724137936,121
colocated,False,4.0,116,85,73.27586206896551,121
colocated,False,5.0,116,90,77.58620689655173,121
separated,False,-4.0,116,67,57.758620689655174,121
separated,False,-2.0,116,72,62.06896551724138,121
separated,False,0.0,116,68,58.620689655172406,121
separated,False,1.0,116,97,83.62068965517241,121
separated,False,2.0,116,78,67.24137931034483,121
separated,False,3.0,116,68,58.620689655172406,121
separated,False,4.0,116,90,77.58620689655173,121
separated,False,5.0,116,78,67.24137931034483,121
single_speaker,False,-4.0,116,81,69.82758620689656,121
single_speaker,False,-2.0,116,84,72.41379310344827,121
single_speaker,False,0.0,116,86,74.13793103448276,121
single_speaker,False,1.0,116,97,83.62068965517241,121
single_speaker,False,2.0,116,101,87.06896551724138,121
single_speaker,False,3.0,116,84,72.41379310344827,121
single_speaker,False,4.0,116,98,84.48275862068965,121
single_speaker,False,5.0,116,88,75.86206896551724,121
colocated,False,-4.0,116,69,59.48275862068966,122
colocated,False,-2.0,116,62,53.44827586206896,122
colocated,False,0.0,116,75,64.65517241379311,122
colocated,False,1.0,116,70,60.3448275862069,122
colocated,False,2.0,116,85,73.27586206896551,122
colocated,False,3.0,116,70,60.3448275862069,122
colocated,False,4.0,116,74,63.793103448275865,122
colocated,False,5.0,116,81,69.82758620689656,122
separated,False,-4.0,116,58,50.0,122
separated,False,-2.0,116,66,56.896551724137936,122
separated,False,0.0,116,72,62.06896551724138,122
separated,False,1.0,116,90,77.58620689655173,122
separated,False,2.0,116,76,65.51724137931035,122
separated,False,3.0,116,65,56.03448275862068,122
separated,False,4.0,116,78,67.24137931034483,122
separated,False,5.0,116,70,60.3448275862069,122
single_speaker,False,-4.0,116,85,73.27586206896551,122
single_speaker,False,-2.0,116,83,71.55172413793103,122
single_speaker,False,0.0,116,89,76.72413793103449,122
single_speaker,False,1.0,116,93,80.17241379310344,122
single_speaker,False,2.0,116,105,90.51724137931035,122
single_speaker,False,3.0,116,77,66.37931034482759,122
single_speaker,False,4.0,116,95,81.89655172413794,122
single_speaker,False,5.0,116,87,75.0,122
colocated,False,-4.0,116,59,50.86206896551724,123
colocated,False,-2.0,116,67,57.758620689655174,123
colocated,False,0.0,116,73,62.93103448275862,123
colocated,False,1.0,116,76,65.51724137931035,123
colocated,False,2.0,116,88,75.86206896551724,123
colocated,False,3.0,116,64,55.172413793103445,123
colocated,False,4.0,116,77,66.37931034482759,123
colocated,False,5.0,116,75,64.65517241379311,123
separated,False,-4.0,116,54,46.55172413793103,123
separated,False,-2.0,116,69,59.48275862068966,123
separated,False,0.0,116,83,71.55172413793103,123
separated,False,1.0,116,92,79.3103448275862,123
separated,False,2.0,116,73,62.93103448275862,123
separated,False,3.0,116,66,56.896551724137936,123
separated,False,4.0,116,81,69.82758620689656,123
separated,False,5.0,116,83,71.55172413793103,123
single_speaker,False,-4.0,116,84,72.41379310344827,123
single_speaker,False,-2.0,116,76,65.51724137931035,123
single_speaker,False,0.0,116,80,68.96551724137932,123
single_speaker,False,1.0,116,98,84.48275862068965,123
single_speaker,False,2.0,116,100,86.20689655172413,123
single_speaker,False,3.0,116,87,75.0,123
single_speaker,False,4.0,116,89,76.72413793103449,123
single_speaker,False,5.0,116,88,75.86206896551724,123
colocated,False,-4.0,116,63,54.310344827586206,124
colocated,False,-2.0,116,61,52.58620689655172,124
colocated,False,0.0,116,75,64.65517241379311,124
colocated,False,1.0,116,74,63.793103448275865,124
colocated,False,2.0,116,84,72.41379310344827,124
colocated,False,3.0,116,68,58.620689655172406,124
colocated,False,4.0,116,80,68.96551724137932,124
colocated,False,5.0,116,87,75.0,124
separated,False,-4.0,116,57,49.137931034482754,124
separated,False,-2.0,116,74,63.793103448275865,124
separated,False,0.0,116,81,69.82758620689656,124
separated,False,1.0,116,96,82.75862068965517,124
separated,False,2.0,116,78,67.24137931034483,124
separated,False,3.0,116,71,61.206896551724135,124
separated,False,4.0,116,76,65.51724137931035,124
separated,False,5.0,116,77,66.37931034482759,124
single_speaker,False,-4.0,116,86,74.13793103448276,124
single_speaker,False,-2.0,116,73,62.93103448275862,124
single_speaker,False,0.0,116,90,77.58620689655173,124
single_speaker,False,1.0,116,93,80.17241379310344,124
single_speaker,False,2.0,116,103,88.79310344827587,124
single_speaker,False,3.0,116,87,75.0,124
single_speaker,False,4.0,116,95,81.89655172413794,124
single_speaker,False,5.0,116,87,75.0,124
colocated,False,-4.0,116,69,59.48275862068966,125
colocated,False,-2.0,116,68,58.620689655172406,125
colocated,False,0.0,116,64,55.172413793103445,125
colocated,False,1.0,116,84,72.41379310344827,125
colocated,False,2.0,116,94,81.03448275862068,125
colocated,False,3.0,116,66,56.896551724137936,125
colocated,False,4.0,116,74,63.793103448275865,125
colocated,False,5.0,116,81,69.82758620689656,125
separated,False,-4.0,116,71,61.206896551724135,125
separated,False,-2.0,116,69,59.48275862068966,125
separated,False,0.0,116,73,62.93103448275862,125
separated,False,1.0,116,97,83.62068965517241,125
separated,False,2.0,116,77,66.37931034482759,125
separated,False,3.0,116,68,58.620689655172406,125
separated,False,4.0,116,81,69.82758620689656,125
separated,False,5.0,116,80,68.96551724137932,125
single_speaker,False,-4.0,116,89,76.72413793103449,125
single_speaker,False,-2.0,116,82,70.6896551724138,125
single_speaker,False,0.0,116,85,73.27586206896551,125
single_speaker,False,1.0,116,98,84.48275862068965,125
single_speaker,False,2.0,116,99,85.34482758620689,125
single_speaker,False,3.0,116,75,64.65517241379311,125
single_speaker,False,4.0,116,98,84.48275862068965,125
single_speaker,False,5.0,116,86,74.13793103448276,125
colocated,False,-4.0,116,60,51.724137931034484,126
colocated,False,-2.0,116,67,57.758620689655174,126
colocated,False,0.0,116,70,60.3448275862069,126
colocated,False,1.0,116,75,64.65517241379311,126
colocated,False,2.0,116,81,69.82758620689656,126
colocated,False,3.0,116,74,63.793103448275865,126
colocated,False,4.0,116,84,72.41379310344827,126
colocated,False,5.0,116,85,73.27586206896551,126
separated,False,-4.0,116,56,48.275862068965516,126
separated,False,-2.0,116,70,60.3448275862069,126
separated,False,0.0,116,81,69.82758620689656,126
separated,False,1.0,116,93,80.17241379310344,126
separated,False,2.0,116,75,64.65517241379311,126
separated,False,3.0,116,69,59.48275862068966,126
separated,False,4.0,116,76,65.51724137931035,126
separated,False,5.0,116,81,69.82758620689656,126
single_speaker,False,-4.0,116,90,77.58620689655173,126
single_speaker,False,-2.0,116,89,76.72413793103449,126
single_speaker,False,0.0,116,83,71.55172413793103,126
single_speaker,False,1.0,116,95,81.89655172413794,126
single_speaker,False,2.0,116,99,85.34482758620689,126
single_speaker,False,3.0,116,84,72.41379310344827,126
single_speaker,False,4.0,116,96,82.75862068965517,126
single_speaker,False,5.0,116,87,75.0,126
colocated,False,-4.0,116,69,59.48275862068966,127
colocated,False,-2.0,116,61,52.58620689655172,127
colocated,False,0.0,116,67,57.758620689655174,127
colocated,False,1.0,116,72,62.06896551724138,127
colocated,False,2.0,116,82,70.6896551724138,127
colocated,False,3.0,116,74,63.793103448275865,127
colocated,False,4.0,116,78,67.24137931034483,127
colocated,False,5.0,116,75,64.65517241379311,127
separated,False,-4.0,116,62,53.44827586206896,127
separated,False,-2.0,116,71,61.206896551724135,127
separated,False,0.0,116,76,65.51724137931035,127
separated,False,1.0,116,90,77.58620689655173,127
separated,False,2.0,116,76,65.51724137931035,127
separated,False,3.0,116,75,64.65517241379311,127
separated,False,4.0,116,78,67.24137931034483,127
separated,False,5.0,116,73,62.93103448275862,127
single_speaker,False,-4.0,116,82,70.6896551724138,127
single_speaker,False,-2.0,116,79,68.10344827586206,127
single_speaker,False,0.0,116,82,70.6896551724138,127
single_speaker,False,1.0,116,103,88.79310344827587,127
single_speaker,False,2.0,116,97,83.62068965517241,127
single_speaker,False,3.0,116,82,70.6896551724138,127
single_speaker,False,4.0,116,94,81.03448275862068,127
single_speaker,False,5.0,116,82,70.6896551724138,127
colocated,False,-4.0,116,69,59.48275862068966,128
colocated,False,-2.0,116,63,54.310344827586206,128
colocated,False,0.0,116,76,65.51724137931035,128
colocated,False,1.0,116,75,64.65517241379311,128
colocated,False,2.0,116,85,73.27586206896551,128
colocated,False,3.0,116,67,57.758620689655174,128
colocated,False,4.0,116,69,59.48275862068966,128
colocated,False,5.0,116,83,71.55172413793103,128
separated,False,-4.0,116,63,54.310344827586206,128
separated,False,-2.0,116,68,58.620689655172406,128
separated,False,0.0,116,78,67.24137931034483,128
separated,False,1.0,116,99,85.34482758620689,128
separated,False,2.0,116,74,63.793103448275865,128
separated,False,3.0,116,67,57.758620689655174,128
separated,False,4.0,116,86,74.13793103448276,128
separated,False,5.0,116,72,62.06896551724138,128
single_speaker,False,-4.0,116,87,75.0,128
single_speaker,False,-2.0,116,80,68.96551724137932,128
single_speaker,False,0.0,116,89,76.72413793103449,128
single_speaker,False,1.0,116,92,79.3103448275862,128
single_speaker,False,2.0,116,106,91.37931034482759,128
single_speaker,False,3.0,116,81,69.82758620689656,128
single_speaker,False,4.0,116,99,85.34482758620689,128
single_speaker,False,5.0,116,89,76.72413793103449,128
colocated,False,-4.0,116,61,52.58620689655172,129
colocated,False,-2.0,116,65,56.03448275862068,129
colocated,False,0.0,116,68,58.620689655172406,129
colocated,False,1.0,116,79,68.10344827586206,129
colocated,False,2.0,116,89,76.72413793103449,129
colocated,False,3.0,116,62,53.44827586206896,129
colocated,False,4.0,116,77,66.37931034482759,129
colocated,False,5.0,116,77,66.37931034482759,129
separated,False,-4.0,116,62,53.44827586206896,129
separated,False,-2.0,116,73,62.93103448275862,129
separated,False,0.0,116,69,59.48275862068966,129
separated,False,1.0,116,100,86.20689655172413,129
separated,False,2.0,116,78,67.24137931034483,129
separated,False,3.0,116,65,56.03448275862068,129
separated,False,4.0,116,86,74.13793103448276,129
separated,False,5.0,116,75,64.65517241379311,129
single_speaker,False,-4.0,116,90,77.58620689655173,129
single_speaker,False,-2.0,116,80,68.96551724137932,129
single_speaker,False,0.0,116,83,71.55172413793103,129
single_speaker,False,1.0,116,95,81.89655172413794,129
single_speaker,False,2.0,116,106,91.37931034482759,129
single_speaker,False,3.0,116,95,81.89655172413794,129
single_speaker,False,4.0,116,99,85.34482758620689,129
single_speaker,False,5.0,116,84,72.41379310344827,129
colocated,False,-4.0,116,64,55.172413793103445,130
colocated,False,-2.0,116,69,59.48275862068966,130
colocated,False,0.0,116,68,58.620689655172406,130
colocated,False,1.0,116,80,68.96551724137932,130
colocated,False,2.0,116,94,81.03448275862068,130
colocated,False,3.0,116,69,59.48275862068966,130
colocated,False,4.0,116,78,67.24137931034483,130
colocated,False,5.0,116,85,73.27586206896551,130
separated,False,-4.0,116,59,50.86206896551724,130
separated,False,-2.0,116,62,53.44827586206896,130
separated,False,0.0,116,78,67.24137931034483,130
separated,False,1.0,116,95,81.89655172413794,130
separated,False,2.0,116,76,65.51724137931035,130
separated,False,3.0,116,70,60.3448275862069,130
separated,False,4.0,116,89,76.72413793103449,130
separated,False,5.0,116,78,67.24137931034483,130
single_speaker,False,-4.0,116,87,75.0,130
single_speaker,False,-2.0,116,83,71.55172413793103,130
single_speaker,False,0.0,116,80,68.96551724137932,130
single_speaker,False,1.0,116,100,86.20689655172413,130
single_speaker,False,2.0,116,94,81.03448275862068,130
single_speaker,False,3.0,116,85,73.27586206896551,130
single_speaker,False,4.0,116,97,83.62068965517241,130
single_speaker,False,5.0,116,87,75.0,130
colocated,False,-4.0,116,60,51.724137931034484,131
colocated,False,-2.0,116,60,51.724137931034484,131
colocated,False,0.0,116,70,60.3448275862069,131
colocated,False,1.0,116,77,66.37931034482759,131
colocated,False,2.0,116,83,71.55172413793103,131
colocated,False,3.0,116,75,64.65517241379311,131
colocated,False,4.0,116,75,64.65517241379311,131
colocated,False,5.0,116,79,68.10344827586206,131
separated,False,-4.0,116,66,56.896551724137936,131
separated,False,-2.0,116,69,59.48275862068966,131
separated,False,0.0,116,81,69.82758620689656,131
separated,False,1.0,116,90,77.58620689655173,131
separated,False,2.0,116,80,68.96551724137932,131
separated,False,3.0,116,66,56.896551724137936,131
separated,False,4.0,116,70,60.3448275862069,131
separated,False,5.0,116,76,65.51724137931035,131
single_speaker,False,-4.0,116,86,74.13793103448276,131
single_speaker,False,-2.0,116,74,63.793103448275865,131
single_speaker,False,0.0,116,91,78.44827586206897,131
single_speaker,False,1.0,116,92,79.3103448275862,131
single_speaker,False,2.0,116,108,93.10344827586206,131
single_speaker,False,3.0,116,85,73.27586206896551,131
single_speaker,False,4.0,116,91,78.44827586206897,131
single_speaker,False,5.0,116,78,67.24137931034483,131
colocated,False,-4.0,116,60,51.724137931034484,132
colocated,False,-2.0,116,62,53.44827586206896,132
colocated,False,0.0,116,76,65.51724137931035,132
colocated,False,1.0,116,80,68.96551724137932,132
colocated,False,2.0,116,89,76.72413793103449,132
colocated,False,3.0,116,58,50.0,132
colocated,False,4.0,116,81,69.82758620689656,132
colocated,False,5.0,116,85,73.27586206896551,132
separated,False,-4.0,116,63,54.310344827586206,132
separated,False,-2.0,116,77,66.37931034482759,132
separated,False,0.0,116,71,61.206896551724135,132
separated,False,1.0,116,90,77.58620689655173,132
separated,False,2.0,116,74,63.793103448275865,132
separated,False,3.0,116,67,57.758620689655174,132
separated,False,4.0,116,90,77.58620689655173,132
separated,False,5.0,116,80,68.96551724137932,132
single_speaker,False,-4.0,116,87,75.0,132
single_speaker,False,-2.0,116,77,66.37931034482759,132
single_speaker,False,0.0,116,83,71.55172413793103,132
single_speaker,False,1.0,116,89,76.72413793103449,132
single_speaker,False,2.0,116,93,80.17241379310344,132
single_speaker,False,3.0,116,75,64.65517241379311,132
single_speaker,False,4.0,116,92,79.3103448275862,132
single_speaker,False,5.0,116,92,79.3103448275862,132
colocated,False,-4.0,116,75,64.65517241379311,133
colocated,False,-2.0,116,76,65.51724137931035,133
colocated,False,0.0,116,67,57.758620689655174,133
colocated,False,1.0,116,74,63.793103448275865,133
colocated,False,2.0,116,92,79.3103448275862,133
colocated,False,3.0,116,62,53.44827586206896,133
colocated,False,4.0,116,71,61.206896551724135,133
colocated,False,5.0,116,81,69.82758620689656,133
separated,False,-4.0,116,61,52.58620689655172,133
separated,False,-2.0,116,71,61.206896551724135,133
separated,False,0.0,116,68,58.620689655172406,133
separated,False,1.0,116,85,73.27586206896551,133
separated,False,2.0,116,80,68.96551724137932,133
separated,False,3.0,116,64,55.172413793103445,133
separated,False,4.0,116,88,75.86206896551724,133
separated,False,5.0,116,77,66.37931034482759,133
single_speaker,False,-4.0,116,83,71.55172413793103,133
single_speaker,False,-2.0,116,90,77.58620689655173,133
single_speaker,False,0.0,116,86,74.13793103448276,133
single_speaker,False,1.0,116,93,80.17241379310344,133
single_speaker,False,2.0,116,89,76.72413793103449,133
single_speaker,False,3.0,116,82,70.6896551724138,133
single_speaker,False,4.0,116,92,79.3103448275862,133
single_speaker,False,5.0,116,80,68.96551724137932,133
colocated,False,-4.0,116,68,58.620689655172406,134
colocated,False,-2.0,116,65,56.03448275862068,134
colocated,False,0.0,116,73,62.93103448275862,134
colocated,False,1.0,116,83,71.55172413793103,134
colocated,False,2.0,116,84,72.41379310344827,134
colocated,False,3.0,116,68,58.620689655172406,134
colocated,False,4.0,116,79,68.10344827586206,134
colocated,False,5.0,116,80,68.96551724137932,134
separated,False,-4.0,116,52,44.827586206896555,134
separated,False,-2.0,116,75,64.65517241379311,134
separated,False,0.0,116,76,65.51724137931035,134
separated,False,1.0,116,98,84.48275862068965,134
separated,False,2.0,116,79,68.10344827586206,134
separated,False,3.0,116,73,62.93103448275862,134
separated,False,4.0,116,79,68.10344827586206,134
separated,False,5.0,116,80,68.96551724137932,134
single_speaker,False,-4.0,116,89,76.72413793103449,134
single_speaker,False,-2.0,116,79,68.10344827586206,134
single_speaker,False,0.0,116,78,67.24137931034483,134
single_speaker,False,1.0,116,93,80.17241379310344,134
single_speaker,False,2.0,116,102,87.93103448275862,134
single_speaker,False,3.0,116,85,73.27586206896551,134
single_speaker,False,4.0,116,90,77.58620689655173,134
single_speaker,False,5.0,116,87,75.0,134
colocated,False,-4.0,116,62,53.44827586206896,135
colocated,False,-2.0,116,65,56.03448275862068,135
colocated,False,0.0,116,61,52.58620689655172,135
colocated,False,1.0,116,74,63.793103448275865,135
colocated,False,2.0,116,86,74.13793103448276,135
colocated,False,3.0,116,69,59.48275862068966,135
colocated,False,4.0,116,82,70.6896551724138,135
colocated,False,5.0,116,72,62.06896551724138,135
separated,False,-4.0,116,63,54.310344827586206,135
separated,False,-2.0,116,65,56.03448275862068,135
separated,False,0.0,116,78,67.24137931034483,135
separated,False,1.0,116,101,87.06896551724138,135
separated,False,2.0,116,84,72.41379310344827,135
separated,False,3.0,116,69,59.48275862068966,135
separated,False,4.0,116,77,66.37931034482759,135
separated,False,5.0,116,66,56.896551724137936,135
single_speaker,False,-4.0,116,85,73.27586206896551,135
single_speaker,False,-2.0,116,79,68.10344827586206,135
single_speaker,False,0.0,116,79,68.10344827586206,135
single_speaker,False,1.0,116,91,78.44827586206897,135
single_speaker,False,2.0,116,105,90.51724137931035,135
single_speaker,False,3.0,116,87,75.0,135
single_speaker,False,4.0,116,99,85.34482758620689,135
single_speaker,False,5.0,116,91,78.44827586206897,135
colocated,False,-4.0,116,69,59.48275862068966,136
colocated,False,-2.0,116,71,61.206896551724135,136
colocated,False,0.0,116,61,52.58620689655172,136
colocated,False,1.0,116,77,66.37931034482759,136
colocated,False,2.0,116,83,71.55172413793103,136
colocated,False,3.0,116,66,56.896551724137936,136
colocated,False,4.0,116,75,64.65517241379311,136
colocated,False,5.0,116,82,70.6896551724138,136
separated,False,-4.0,116,65,56.03448275862068,136
separated,False,-2.0,116,70,60.3448275862069,136
separated,False,0.0,116,85,73.27586206896551,136
separated,False,1.0,116,98,84.48275862068965,136
separated,False,2.0,116,90,77.58620689655173,136
separated,False,3.0,116,69,59.48275862068966,136
separated,False,4.0,116,82,70.6896551724138,136
separated,False,5.0,116,73,62.93103448275862,136
single_speaker,False,-4.0,116,87,75.0,136
single_speaker,False,-2.0,116,83,71.55172413793103,136
single_speaker,False,0.0,116,82,70.6896551724138,136
single_speaker,False,1.0,116,86,74.13793103448276,136
single_speaker,False,2.0,116,101,87.06896551724138,136
single_speaker,False,3.0,116,86,74.13793103448276,136
single_speaker,False,4.0,116,92,79.3103448275862,136
single_speaker,False,5.0,116,84,72.41379310344827,136
colocated,False,-4.0,116,67,57.758620689655174,137
colocated,False,-2.0,116,70,60.3448275862069,137
colocated,False,0.0,116,69,59.48275862068966,137
colocated,False,1.0,116,77,66.37931034482759,137
colocated,False,2.0,116,90,77.58620689655173,137
colocated,False,3.0,116,65,56.03448275862068,137
colocated,False,4.0,116,79,68.10344827586206,137
colocated,False,5.0,116,85,73.27586206896551,137
separated,False,-4.0,116,60,51.724137931034484,137
separated,False,-2.0,116,72,62.06896551724138,137
separated,False,0.0,116,79,68.10344827586206,137
separated,False,1.0,116,95,81.89655172413794,137
separated,False,2.0,116,75,64.65517241379311,137
separated,False,3.0,116,68,58.620689655172406,137
separated,False,4.0,116,74,63.793103448275865,137
separated,False,5.0,116,76,65.51724137931035,137
single_speaker,False,-4.0,116,80,68.96551724137932,137
single_speaker,False,-2.0,116,73,62.93103448275862,137
single_speaker,False,0.0,116,84,72.41379310344827,137
single_speaker,False,1.0,116,92,79.3103448275862,137
single_speaker,False,2.0,116,101,87.06896551724138,137
single_speaker,False,3.0,116,81,69.82758620689656,137
single_speaker,False,4.0,116,93,80.17241379310344,137
single_speaker,False,5.0,116,85,73.27586206896551,137
colocated,False,-4.0,116,73,62.93103448275862,138
colocated,False,-2.0,116,68,58.620689655172406,138
colocated,False,0.0,116,76,65.51724137931035,138
colocated,False,1.0,116,81,69.82758620689656,138
colocated,False,2.0,116,77,66.37931034482759,138
colocated,False,3.0,116,65,56.03448275862068,138
colocated,False,4.0,116,68,58.620689655172406,138
colocated,False,5.0,116,85,73.27586206896551,138
separated,False,-4.0,116,66,56.896551724137936,138
separated,False,-2.0,116,70,60.3448275862069,138
separated,False,0.0,116,83,71.55172413793103,138
separated,False,1.0,116,96,82.75862068965517,138
separated,False,2.0,116,75,64.65517241379311,138
separated,False,3.0,116,70,60.3448275862069,138
separated,False,4.0,116,91,78.44827586206897,138
separated,False,5.0,116,78,67.24137931034483,138
single_speaker,False,-4.0,116,84,72.41379310344827,138
single_speaker,False,-2.0,116,83,71.55172413793103,138
single_speaker,False,0.0,116,91,78.44827586206897,138
single_speaker,False,1.0,116,96,82.75862068965517,138
single_speaker,False,2.0,116,107,92.24137931034483,138
single_speaker,False,3.0,116,79,68.10344827586206,138
single_speaker,False,4.0,116,101,87.06896551724138,138
single_speaker,False,5.0,116,80,68.96551724137932,138
colocated,False,-4.0,116,71,61.206896551724135,139
colocated,False,-2.0,116,60,51.724137931034484,139
colocated,False,0.0,116,68,58.620689655172406,139
colocated,False,1.0,116,75,64.65517241379311,139
colocated,False,2.0,116,88,75.86206896551724,139
colocated,False,3.0,116,60,51.724137931034484,139
colocated,False,4.0,116,82,70.6896551724138,139
colocated,False,5.0,116,86,74.13793103448276,139
separated,False,-4.0,116,65,56.03448275862068,139
separated,False,-2.0,116,69,59.48275862068966,139
separated,False,0.0,116,73,62.93103448275862,139
separated,False,1.0,116,93,80.17241379310344,139
separated,False,2.0,116,78,67.24137931034483,139
separated,False,3.0,116,68,58.620689655172406,139
separated,False,4.0,116,82,70.6896551724138,139
separated,False,5.0,116,78,67.24137931034483,139
single_speaker,False,-4.0,116,84,72.41379310344827,139
single_speaker,False,-2.0,116,78,67.24137931034483,139
single_speaker,False,0.0,116,85,73.27586206896551,139
single_speaker,False,1.0,116,103,88.79310344827587,139
single_speaker,False,2.0,116,100,86.20689655172413,139
single_speaker,False,3.0,116,87,75.0,139
single_speaker,False,4.0,116,96,82.75862068965517,139
single_speaker,False,5.0,116,88,75.86206896551724,139
colocated,False,-4.0,116,71,61.206896551724135,140
colocated,False,-2.0,116,68,58.620689655172406,140
colocated,False,0.0,116,77,66.37931034482759,140
colocated,False,1.0,116,69,59.48275862068966,140
colocated,False,2.0,116,85,73.27586206896551,140
colocated,False,3.0,116,65,56.03448275862068,140
colocated,False,4.0,116,79,68.10344827586206,140
colocated,False,5.0,116,80,68.96551724137932,140
separated,False,-4.0,116,68,58.620689655172406,140
separated,False,-2.0,116,77,66.37931034482759,140
separated,False,0.0,116,80,68.96551724137932,140
separated,False,1.0,116,94,81.03448275862068,140
separated,False,2.0,116,91,78.44827586206897,140
separated,False,3.0,116,65,56.03448275862068,140
separated,False,4.0,116,78,67.24137931034483,140
separated,False,5.0,116,82,70.6896551724138,140
single_speaker,False,-4.0,116,81,69.82758620689656,140
single_speaker,False,-2.0,116,81,69.82758620689656,140
single_speaker,False,0.0,116,79,68.10344827586206,140
single_speaker,False,1.0,116,88,75.86206896551724,140
single_speaker,False,2.0,116,99,85.34482758620689,140
single_speaker,False,3.0,116,88,75.86206896551724,140
single_speaker,False,4.0,116,102,87.93103448275862,140
single_speaker,False,5.0,116,91,78.44827586206897,140
colocated,False,-4.0,116,67,57.758620689655174,141
colocated,False,-2.0,116,75,64.65517241379311,141
colocated,False,0.0,116,77,66.37931034482759,141
colocated,False,1.0,116,81,69.82758620689656,141
colocated,False,2.0,116,80,68.96551724137932,141
colocated,False,3.0,116,62,53.44827586206896,141
colocated,False,4.0,116,79,68.10344827586206,141
colocated,False,5.0,116,84,72.41379310344827,141
separated,False,-4.0,116,57,49.137931034482754,141
separated,False,-2.0,116,84,72.41379310344827,141
separated,False,0.0,116,77,66.37931034482759,141
separated,False,1.0,116,90,77.58620689655173,141
separated,False,2.0,116,77,66.37931034482759,141
separated,False,3.0,116,62,53.44827586206896,141
separated,False,4.0,116,87,75.0,141
separated,False,5.0,116,77,66.37931034482759,141
single_speaker,False,-4.0,116,83,71.55172413793103,141
single_speaker,False,-2.0,116,74,63.793103448275865,141
single_speaker,False,0.0,116,83,71.55172413793103,141
single_speaker,False,1.0,116,101,87.06896551724138,141
single_speaker,False,2.0,116,105,90.51724137931035,141
single_speaker,False,3.0,116,75,64.65517241379311,141
single_speaker,False,4.0,116,101,87.06896551724138,141
single_speaker,False,5.0,116,79,68.10344827586206,141
colocated,False,-4.0,116,68,58.620689655172406,142
colocated,False,-2.0,116,59,50.86206896551724,142
colocated,False,0.0,116,65,56.03448275862068,142
colocated,False,1.0,116,79,68.10344827586206,142
colocated,False,2.0,116,85,73.27586206896551,142
colocated,False,3.0,116,57,49.137931034482754,142
colocated,False,4.0,116,80,68.96551724137932,142
colocated,False,5.0,116,84,72.41379310344827,142
separated,False,-4.0,116,61,52.58620689655172,142
separated,False,-2.0,116,75,64.65517241379311,142
separated,False,0.0,116,78,67.24137931034483,142
separated,False,1.0,116,95,81.89655172413794,142
separated,False,2.0,116,88,75.86206896551724,142
separated,False,3.0,116,71,61.206896551724135,142
separated,False,4.0,116,88,75.86206896551724,142
separated,False,5.0,116,79,68.10344827586206,142
single_speaker,False,-4.0,116,91,78.44827586206897,142
single_speaker,False,-2.0,116,76,65.51724137931035,142
single_speaker,False,0.0,116,87,75.0,142
single_speaker,False,1.0,116,93,80.17241379310344,142
single_speaker,False,2.0,116,101,87.06896551724138,142
single_speaker,False,3.0,116,74,63.793103448275865,142
single_speaker,False,4.0,116,94,81.03448275862068,142
single_speaker,False,5.0,116,88,75.86206896551724,142
colocated,False,-4.0,116,69,59.48275862068966,143
colocated,False,-2.0,116,67,57.758620689655174,143
colocated,False,0.0,116,72,62.06896551724138,143
colocated,False,1.0,116,73,62.93103448275862,143
colocated,False,2.0,116,84,72.41379310344827,143
colocated,False,3.0,116,62,53.44827586206896,143
colocated,False,4.0,116,81,69.82758620689656,143
colocated,False,5.0,116,71,61.206896551724135,143
separated,False,-4.0,116,64,55.172413793103445,143
separated,False,-2.0,116,75,64.65517241379311,143
separated,False,0.0,116,71,61.206896551724135,143
separated,False,1.0,116,90,77.58620689655173,143
separated,False,2.0,116,77,66.37931034482759,143
separated,False,3.0,116,71,61.206896551724135,143
separated,False,4.0,116,92,79.3103448275862,143
separated,False,5.0,116,75,64.65517241379311,143
single_speaker,False,-4.0,116,85,73.27586206896551,143
single_speaker,False,-2.0,116,82,70.6896551724138,143
single_speaker,False,0.0,116,83,71.55172413793103,143
single_speaker,False,1.0,116,89,76.72413793103449,143
single_speaker,False,2.0,116,101,87.06896551724138,143
single_speaker,False,3.0,116,77,66.37931034482759,143
single_speaker,False,4.0,116,96,82.75862068965517,143
single_speaker,False,5.0,116,87,75.0,143
colocated,False,-4.0,116,71,61.206896551724135,144
colocated,False,-2.0,116,56,48.275862068965516,144
colocated,False,0.0,116,78,67.24137931034483,144
colocated,False,1.0,116,79,68.10344827586206,144
colocated,False,2.0,116,94,81.03448275862068,144
colocated,False,3.0,116,64,55.172413793103445,144
colocated,False,4.0,116,81,69.82758620689656,144
colocated,False,5.0,116,78,67.24137931034483,144
separated,False,-4.0,116,59,50.86206896551724,144
separated,False,-2.0,116,74,63.793103448275865,144
separated,False,0.0,116,81,69.82758620689656,144
separated,False,1.0,116,96,82.75862068965517,144
separated,False,2.0,116,72,62.06896551724138,144
separated,False,3.0,116,67,57.758620689655174,144
separated,False,4.0,116,82,70.6896551724138,144
separated,False,5.0,116,79,68.10344827586206,144
single_speaker,False,-4.0,116,88,75.86206896551724,144
single_speaker,False,-2.0,116,81,69.82758620689656,144
single_speaker,False,0.0,116,82,70.6896551724138,144
single_speaker,False,1.0,116,92,79.3103448275862,144
single_speaker,False,2.0,116,96,82.75862068965517,144
single_speaker,False,3.0,116,88,75.86206896551724,144
single_speaker,False,4.0,116,98,84.48275862068965,144
single_speaker,False,5.0,116,81,69.82758620689656,144
colocated,False,-4.0,116,73,62.93103448275862,145
colocated,False,-2.0,116,64,55.172413793103445,145
colocated,False,0.0,116,68,58.620689655172406,145
colocated,False,1.0,116,76,65.51724137931035,145
colocated,False,2.0,116,85,73.27586206896551,145
colocated,False,3.0,116,61,52.58620689655172,145
colocated,False,4.0,116,79,68.10344827586206,145
colocated,False,5.0,116,87,75.0,145
separated,False,-4.0,116,60,51.724137931034484,145
separated,False,-2.0,116,71,61.206896551724135,145
separated,False,0.0,116,79,68.10344827586206,145
separated,False,1.0,116,100,86.20689655172413,145
separated,False,2.0,116,73,62.93103448275862,145
separated,False,3.0,116,67,57.758620689655174,145
separated,False,4.0,116,78,67.24137931034483,145
separated,False,5.0,116,76,65.51724137931035,145
single_speaker,False,-4.0,116,87,75.0,145
single_speaker,False,-2.0,116,80,68.96551724137932,145
single_speaker,False,0.0,116,89,76.72413793103449,145
single_speaker,False,1.0,116,87,75.0,145
single_speaker,False,2.0,116,93,80.17241379310344,145
single_speaker,False,3.0,116,88,75.86206896551724,145
single_speaker,False,4.0,116,92,79.3103448275862,145
single_speaker,False,5.0,116,84,72.41379310344827,145
colocated,False,-4.0,116,64,55.172413793103445,146
colocated,False,-2.0,116,73,62.93103448275862,146
colocated,False,0.0,116,63,54.310344827586206,146
colocated,False,1.0,116,87,75.0,146
colocated,False,2.0,116,84,72.41379310344827,146
colocated,False,3.0,116,67,57.758620689655174,146
colocated,False,4.0,116,81,69.82758620689656,146
colocated,False,5.0,116,69,59.48275862068966,146
separated,False,-4.0,116,56,48.275862068965516,146
separated,False,-2.0,116,77,66.37931034482759,146
separated,False,0.0,116,77,66.37931034482759,146
separated,False,1.0,116,92,79.3103448275862,146
separated,False,2.0,116,76,65.51724137931035,146
separated,False,3.0,116,64,55.172413793103445,146
separated,False,4.0,116,84,72.41379310344827,146
separated,False,5.0,116,70,60.3448275862069,146
single_speaker,False,-4.0,116,96,82.75862068965517,146
single_speaker,False,-2.0,116,84,72.41379310344827,146
single_speaker,False,0.0,116,82,70.6896551724138,146
single_speaker,False,1.0,116,96,82.75862068965517,146
single_speaker,False,2.0,116,98,84.48275862068965,146
single_speaker,False,3.0,116,88,75.86206896551724,146
single_speaker,False,4.0,116,93,80.17241379310344,146
single_speaker,False,5.0,116,85,73.27586206896551,146
colocated,False,-4.0,116,58,50.0,147
colocated,False,-2.0,116,71,61.206896551724135,147
colocated,False,0.0,116,67,57.758620689655174,147
colocated,False,1.0,116,82,70.6896551724138,147
colocated,False,2.0,116,87,75.0,147
colocated,False,3.0,116,67,57.758620689655174,147
colocated,False,4.0,116,71,61.206896551724135,147
colocated,False,5.0,116,79,68.10344827586206,147
separated,False,-4.0,116,65,56.03448275862068,147
separated,False,-2.0,116,79,68.10344827586206,147
separated,False,0.0,116,74,63.793103448275865,147
separated,False,1.0,116,90,77.58620689655173,147
separated,False,2.0,116,68,58.620689655172406,147
separated,False,3.0,116,67,57.758620689655174,147
separated,False,4.0,116,82,70.6896551724138,147
separated,False,5.0,116,77,66.37931034482759,147
single_speaker,False,-4.0,116,95,81.89655172413794,147
single_speaker,False,-2.0,116,74,63.793103448275865,147
single_speaker,False,0.0,116,85,73.27586206896551,147
single_speaker,False,1.0,116,98,84.48275862068965,147
single_speaker,False,2.0,116,99,85.34482758620689,147
single_speaker,False,3.0,116,85,73.27586206896551,147
single_speaker,False,4.0,116,91,78.44827586206897,147
single_speaker,False,5.0,116,73,62.93103448275862,147
colocated,False,-4.0,116,67,57.758620689655174,148
colocated,False,-2.0,116,57,49.137931034482754,148
colocated,False,0.0,116,73,62.93103448275862,148
colocated,False,1.0,116,83,71.55172413793103,148
colocated,False,2.0,116,90,77.58620689655173,148
colocated,False,3.0,116,61,52.58620689655172,148
colocated,False,4.0,116,80,68.96551724137932,148
colocated,False,5.0,116,85,73.27586206896551,148
separated,False,-4.0,116,68,58.620689655172406,148
separated,False,-2.0,116,79,68.10344827586206,148
separated,False,0.0,116,79,68.10344827586206,148
separated,False,1.0,116,92,79.3103448275862,148
separated,False,2.0,116,75,64.65517241379311,148
separated,False,3.0,116,75,64.65517241379311,148
separated,False,4.0,116,84,72.41379310344827,148
separated,False,5.0,116,78,67.24137931034483,148
single_speaker,False,-4.0,116,82,70.6896551724138,148
single_speaker,False,-2.0,116,78,67.24137931034483,148
single_speaker,False,0.0,116,89,76.72413793103449,148
single_speaker,False,1.0,116,90,77.58620689655173,148
single_speaker,False,2.0,116,99,85.34482758620689,148
single_speaker,False,3.0,116,86,74.13793103448276,148
single_speaker,False,4.0,116,92,79.3103448275862,148
single_speaker,False,5.0,116,82,70.6896551724138,148
colocated,False,-4.0,116,64,55.172413793103445,149
colocated,False,-2.0,116,66,56.896551724137936,149
colocated,False,0.0,116,66,56.896551724137936,149
colocated,False,1.0,116,76,65.51724137931035,149
colocated,False,2.0,116,88,75.86206896551724,149
colocated,False,3.0,116,61,52.58620689655172,149
colocated,False,4.0,116,79,68.10344827586206,149
colocated,False,5.0,116,81,69.82758620689656,149
separated,False,-4.0,116,61,52.58620689655172,149
separated,False,-2.0,116,79,68.10344827586206,149
separated,False,0.0,116,76,65.51724137931035,149
separated,False,1.0,116,98,84.48275862068965,149
separated,False,2.0,116,76,65.51724137931035,149
separated,False,3.0,116,63,54.310344827586206,149
separated,False,4.0,116,82,70.6896551724138,149
separated,False,5.0,116,75,64.65517241379311,149
single_speaker,False,-4.0,116,82,70.6896551724138,149
single_speaker,False,-2.0,116,83,71.55172413793103,149
single_speaker,False,0.0,116,83,71.55172413793103,149
single_speaker,False,1.0,116,96,82.75862068965517,149
single_speaker,False,2.0,116,100,86.20689655172413,149
single_speaker,False,3.0,116,87,75.0,149
single_speaker,False,4.0,116,97,83.62068965517241,149
single_speaker,False,5.0,116,81,69.82758620689656,149
colocated,False,-4.0,116,69,59.48275862068966,150
colocated,False,-2.0,116,73,62.93103448275862,150
colocated,False,0.0,116,66,56.896551724137936,150
colocated,False,1.0,116,79,68.10344827586206,150
colocated,False,2.0,116,83,71.55172413793103,150
colocated,False,3.0,116,66,56.896551724137936,150
colocated,False,4.0,116,70,60.3448275862069,150
colocated,False,5.0,116,83,71.55172413793103,150
separated,False,-4.0,116,66,56.896551724137936,150
separated,False,-2.0,116,74,63.793103448275865,150
separated,False,0.0,116,77,66.37931034482759,150
separated,False,1.0,116,95,81.89655172413794,150
separated,False,2.0,116,72,62.06896551724138,150
separated,False,3.0,116,69,59.48275862068966,150
separated,False,4.0,116,74,63.793103448275865,150
separated,False,5.0,116,70,60.3448275862069,150
single_speaker,False,-4.0,116,87,75.0,150
single_speaker,False,-2.0,116,70,60.3448275862069,150
single_speaker,False,0.0,116,83,71.55172413793103,150
single_speaker,False,1.0,116,96,82.75862068965517,150
single_speaker,False,2.0,116,98,84.48275862068965,150
single_speaker,False,3.0,116,83,71.55172413793103,150
single_speaker,False,4.0,116,92,79.3103448275862,150
single_speaker,False,5.0,116,77,66.37931034482759,150
colocated,False,-4.0,116,65,56.03448275862068,151
colocated,False,-2.0,116,60,51.724137931034484,151
colocated,False,0.0,116,74,63.793103448275865,151
colocated,False,1.0,116,75,64.65517241379311,151
colocated,False,2.0,116,89,76.72413793103449,151
colocated,False,3.0,116,69,59.48275862068966,151
colocated,False,4.0,116,77,66.37931034482759,151
colocated,False,5.0,116,80,68.96551724137932,151
separated,False,-4.0,116,61,52.58620689655172,151
separated,False,-2.0,116,62,53.44827586206896,151
separated,False,0.0,116,68,58.620689655172406,151
separated,False,1.0,116,92,79.3103448275862,151
separated,False,2.0,116,70,60.3448275862069,151
separated,False,3.0,116,72,62.06896551724138,151
separated,False,4.0,116,85,73.27586206896551,151
separated,False,5.0,116,77,66.37931034482759,151
single_speaker,False,-4.0,116,82,70.6896551724138,151
single_speaker,False,-2.0,116,81,69.82758620689656,151
single_speaker,False,0.0,116,85,73.27586206896551,151
single_speaker,False,1.0,116,95,81.89655172413794,151
single_speaker,False,2.0,116,99,85.34482758620689,151
single_speaker,False,3.0,116,81,69.82758620689656,151
single_speaker,False,4.0,116,97,83.62068965517241,151
single_speaker,False,5.0,116,86,74.13793103448276,151
colocated,False,-4.0,116,62,53.44827586206896,152
colocated,False,-2.0,116,75,64.65517241379311,152
colocated,False,0.0,116,62,53.44827586206896,152
colocated,False,1.0,116,74,63.793103448275865,152
colocated,False,2.0,116,91,78.44827586206897,152
colocated,False,3.0,116,74,63.793103448275865,152
colocated,False,4.0,116,77,66.37931034482759,152
colocated,False,5.0,116,78,67.24137931034483,152
separated,False,-4.0,116,59,50.86206896551724,152
separated,False,-2.0,116,80,68.96551724137932,152
separated,False,0.0,116,72,62.06896551724138,152
separated,False,1.0,116,95,81.89655172413794,152
separated,False,2.0,116,75,64.65517241379311,152
separated,False,3.0,116,75,64.65517241379311,152
separated,False,4.0,116,79,68.10344827586206,152
separated,False,5.0,116,73,62.93103448275862,152
single_speaker,False,-4.0,116,88,75.86206896551724,152
single_speaker,False,-2.0,116,74,63.793103448275865,152
single_speaker,False,0.0,116,83,71.55172413793103,152
single_speaker,False,1.0,116,96,82.75862068965517,152
single_speaker,False,2.0,116,97,83.62068965517241,152
single_speaker,False,3.0,116,86,74.13793103448276,152
single_speaker,False,4.0,116,98,84.48275862068965,152
single_speaker,False,5.0,116,77,66.37931034482759,152
colocated,False,-4.0,116,71,61.206896551724135,153
colocated,False,-2.0,116,68,58.620689655172406,153
colocated,False,0.0,116,72,62.06896551724138,153
colocated,False,1.0,116,85,73.27586206896551,153
colocated,False,2.0,116,85,73.27586206896551,153
colocated,False,3.0,116,71,61.206896551724135,153
colocated,False,4.0,116,76,65.51724137931035,153
colocated,False,5.0,116,78,67.24137931034483,153
separated,False,-4.0,116,58,50.0,153
separated,False,-2.0,116,74,63.793103448275865,153
separated,False,0.0,116,87,75.0,153
separated,False,1.0,116,88,75.86206896551724,153
separated,False,2.0,116,76,65.51724137931035,153
separated,False,3.0,116,66,56.896551724137936,153
separated,False,4.0,116,84,72.41379310344827,153
separated,False,5.0,116,71,61.206896551724135,153
single_speaker,False,-4.0,116,92,79.3103448275862,153
single_speaker,False,-2.0,116,77,66.37931034482759,153
single_speaker,False,0.0,116,89,76.72413793103449,153
single_speaker,False,1.0,116,94,81.03448275862068,153
single_speaker,False,2.0,116,98,84.48275862068965,153
single_speaker,False,3.0,116,87,75.0,153
single_speaker,False,4.0,116,93,80.17241379310344,153
single_speaker,False,5.0,116,96,82.75862068965517,153
colocated,False,-4.0,116,61,52.58620689655172,154
colocated,False,-2.0,116,71,61.206896551724135,154
colocated,False,0.0,116,63,54.310344827586206,154
colocated,False,1.0,116,85,73.27586206896551,154
colocated,False,2.0,116,87,75.0,154
colocated,False,3.0,116,66,56.896551724137936,154
colocated,False,4.0,116,84,72.41379310344827,154
colocated,False,5.0,116,87,75.0,154
separated,False,-4.0,116,65,56.03448275862068,154
separated,False,-2.0,116,75,64.65517241379311,154
separated,False,0.0,116,86,74.13793103448276,154
separated,False,1.0,116,92,79.3103448275862,154
separated,False,2.0,116,71,61.206896551724135,154
separated,False,3.0,116,68,58.620689655172406,154
separated,False,4.0,116,79,68.10344827586206,154
separated,False,5.0,116,80,68.96551724137932,154
single_speaker,False,-4.0,116,82,70.6896551724138,154
single_speaker,False,-2.0,116,79,68.10344827586206,154
single_speaker,False,0.0,116,83,71.55172413793103,154
single_speaker,False,1.0,116,90,77.58620689655173,154
single_speaker,False,2.0,116,98,84.48275862068965,154
single_speaker,False,3.0,116,76,65.51724137931035,154
single_speaker,False,4.0,116,93,80.17241379310344,154
single_speaker,False,5.0,116,79,68.10344827586206,154
colocated,False,-4.0,116,59,50.86206896551724,155
colocated,False,-2.0,116,77,66.37931034482759,155
colocated,False,0.0,116,70,60.3448275862069,155
colocated,False,1.0,116,81,69.82758620689656,155
colocated,False,2.0,116,86,74.13793103448276,155
colocated,False,3.0,116,62,53.44827586206896,155
colocated,False,4.0,116,76,65.51724137931035,155
colocated,False,5.0,116,81,69.82758620689656,155
separated,False,-4.0,116,65,56.03448275862068,155
separated,False,-2.0,116,75,64.65517241379311,155
separated,False,0.0,116,74,63.793103448275865,155
separated,False,1.0,116,92,79.3103448275862,155
separated,False,2.0,116,65,56.03448275862068,155
separated,False,3.0,116,72,62.06896551724138,155
separated,False,4.0,116,89,76.72413793103449,155
separated,False,5.0,116,74,63.793103448275865,155
single_speaker,False,-4.0,116,86,74.13793103448276,155
single_speaker,False,-2.0,116,84,72.41379310344827,155
single_speaker,False,0.0,116,85,73.27586206896551,155
single_speaker,False,1.0,116,92,79.3103448275862,155
single_speaker,False,2.0,116,103,88.79310344827587,155
single_speaker,False,3.0,116,85,73.27586206896551,155
single_speaker,False,4.0,116,92,79.3103448275862,155
single_speaker,False,5.0,116,89,76.72413793103449,155
colocated,False,-4.0,116,61,52.58620689655172,156
colocated,False,-2.0,116,64,55.172413793103445,156
colocated,False,0.0,116,72,62.06896551724138,156
colocated,False,1.0,116,79,68.10344827586206,156
colocated,False,2.0,116,90,77.58620689655173,156
colocated,False,3.0,116,71,61.206896551724135,156
colocated,False,4.0,116,81,69.82758620689656,156
colocated,False,5.0,116,77,66.37931034482759,156
separated,False,-4.0,116,55,47.41379310344828,156
separated,False,-2.0,116,72,62.06896551724138,156
separated,False,0.0,116,83,71.55172413793103,156
separated,False,1.0,116,90,77.58620689655173,156
separated,False,2.0,116,77,66.37931034482759,156
separated,False,3.0,116,69,59.48275862068966,156
separated,False,4.0,116,84,72.41379310344827,156
separated,False,5.0,116,64,55.172413793103445,156
single_speaker,False,-4.0,116,89,76.72413793103449,156
single_speaker,False,-2.0,116,79,68.10344827586206,156
single_speaker,False,0.0,116,88,75.86206896551724,156
single_speaker,False,1.0,116,89,76.72413793103449,156
single_speaker,False,2.0,116,96,82.75862068965517,156
single_speaker,False,3.0,116,81,69.82758620689656,156
single_speaker,False,4.0,116,89,76.72413793103449,156
single_speaker,False,5.0,116,88,75.86206896551724,156
colocated,False,-4.0,116,66,56.896551724137936,157
colocated,False,-2.0,116,70,60.3448275862069,157
colocated,False,0.0,116,76,65.51724137931035,157
colocated,False,1.0,116,80,68.96551724137932,157
colocated,False,2.0,116,91,78.44827586206897,157
colocated,False,3.0,116,64,55.172413793103445,157
colocated,False,4.0,116,69,59.48275862068966,157
colocated,False,5.0,116,81,69.82758620689656,157
separated,False,-4.0,116,72,62.06896551724138,157
separated,False,-2.0,116,79,68.10344827586206,157
separated,False,0.0,116,72,62.06896551724138,157
separated,False,1.0,116,99,85.34482758620689,157
separated,False,2.0,116,83,71.55172413793103,157
separated,False,3.0,116,64,55.172413793103445,157
separated,False,4.0,116,72,62.06896551724138,157
separated,False,5.0,116,81,69.82758620689656,157
single_speaker,False,-4.0,116,82,70.6896551724138,157
single_speaker,False,-2.0,116,84,72.41379310344827,157
single_speaker,False,0.0,116,89,76.72413793103449,157
single_speaker,False,1.0,116,93,80.17241379310344,157
single_speaker,False,2.0,116,102,87.93103448275862,157
single_speaker,False,3.0,116,80,68.96551724137932,157
single_speaker,False,4.0,116,89,76.72413793103449,157
single_speaker,False,5.0,116,87,75.0,157
colocated,False,-4.0,116,58,50.0,158
colocated,False,-2.0,116,61,52.58620689655172,158
colocated,False,0.0,116,71,61.206896551724135,158
colocated,False,1.0,116,79,68.10344827586206,158
colocated,False,2.0,116,86,74.13793103448276,158
colocated,False,3.0,116,66,56.896551724137936,158
colocated,False,4.0,116,76,65.51724137931035,158
colocated,False,5.0,116,89,76.72413793103449,158
separated,False,-4.0,116,59,50.86206896551724,158
separated,False,-2.0,116,75,64.65517241379311,158
separated,False,0.0,116,70,60.3448275862069,158
separated,False,1.0,116,101,87.06896551724138,158
separated,False,2.0,116,78,67.24137931034483,158
separated,False,3.0,116,69,59.48275862068966,158
separated,False,4.0,116,84,72.41379310344827,158
separated,False,5.0,116,73,62.93103448275862,158
single_speaker,False,-4.0,116,82,70.6896551724138,158
single_speaker,False,-2.0,116,77,66.37931034482759,158
single_speaker,False,0.0,116,80,68.96551724137932,158
single_speaker,False,1.0,116,89,76.72413793103449,158
single_speaker,False,2.0,116,103,88.79310344827587,158
single_speaker,False,3.0,116,88,75.86206896551724,158
single_speaker,False,4.0,116,91,78.44827586206897,158
single_speaker,False,5.0,116,82,70.6896551724138,158
colocated,False,-4.0,116,64,55.172413793103445,159
colocated,False,-2.0,116,64,55.172413793103445,159
colocated,False,0.0,116,66,56.896551724137936,159
colocated,False,1.0,116,68,58.620689655172406,159
colocated,False,2.0,116,86,74.13793103448276,159
colocated,False,3.0,116,66,56.896551724137936,159
colocated,False,4.0,116,72,62.06896551724138,159
colocated,False,5.0,116,81,69.82758620689656,159
separated,False,-4.0,116,61,52.58620689655172,159
separated,False,-2.0,116,72,62.06896551724138,159
separated,False,0.0,116,76,65.51724137931035,159
separated,False,1.0,116,90,77.58620689655173,159
separated,False,2.0,116,75,64.65517241379311,159
separated,False,3.0,116,72,62.06896551724138,159
separated,False,4.0,116,82,70.6896551724138,159
separated,False,5.0,116,70,60.3448275862069,159
single_speaker,False,-4.0,116,85,73.27586206896551,159
single_speaker,False,-2.0,116,82,70.6896551724138,159
single_speaker,False,0.0,116,84,72.41379310344827,159
single_speaker,False,1.0,116,93,80.17241379310344,159
single_speaker,False,2.0,116,109,93.96551724137932,159
single_speaker,False,3.0,116,76,65.51724137931035,159
single_speaker,False,4.0,116,92,79.3103448275862,159
single_speaker,False,5.0,116,83,71.55172413793103,159
colocated,False,-4.0,116,67,57.758620689655174,160
colocated,False,-2.0,116,80,68.96551724137932,160
colocated,False,0.0,116,72,62.06896551724138,160
colocated,False,1.0,116,87,75.0,160
colocated,False,2.0,116,75,64.65517241379311,160
colocated,False,3.0,116,67,57.758620689655174,160
colocated,False,4.0,116,83,71.55172413793103,160
colocated,False,5.0,116,80,68.96551724137932,160
separated,False,-4.0,116,72,62.06896551724138,160
separated,False,-2.0,116,74,63.793103448275865,160
separated,False,0.0,116,72,62.06896551724138,160
separated,False,1.0,116,93,80.17241379310344,160
separated,False,2.0,116,71,61.206896551724135,160
separated,False,3.0,116,70,60.3448275862069,160
separated,False,4.0,116,78,67.24137931034483,160
separated,False,5.0,116,83,71.55172413793103,160
single_speaker,False,-4.0,116,93,80.17241379310344,160
single_speaker,False,-2.0,116,71,61.206896551724135,160
single_speaker,False,0.0,116,90,77.58620689655173,160
single_speaker,False,1.0,116,86,74.13793103448276,160
single_speaker,False,2.0,116,99,85.34482758620689,160
single_speaker,False,3.0,116,81,69.82758620689656,160
single_speaker,False,4.0,116,94,81.03448275862068,160
single_speaker,False,5.0,116,94,81.03448275862068,160
colocated,False,-4.0,116,65,56.03448275862068,161
colocated,False,-2.0,116,57,49.137931034482754,161
colocated,False,0.0,116,78,67.24137931034483,161
colocated,False,1.0,116,84,72.41379310344827,161
colocated,False,2.0,116,85,73.27586206896551,161
colocated,False,3.0,116,65,56.03448275862068,161
colocated,False,4.0,116,80,68.96551724137932,161
colocated,False,5.0,116,76,65.51724137931035,161
separated,False,-4.0,116,73,62.93103448275862,161
separated,False,-2.0,116,74,63.793103448275865,161
separated,False,0.0,116,71,61.206896551724135,161
separated,False,1.0,116,96,82.75862068965517,161
separated,False,2.0,116,81,69.82758620689656,161
separated,False,3.0,116,69,59.48275862068966,161
separated,False,4.0,116,78,67.24137931034483,161
separated,False,5.0,116,73,62.93103448275862,161
single_speaker,False,-4.0,116,88,75.86206896551724,161
single_speaker,False,-2.0,116,78,67.24137931034483,161
single_speaker,False,0.0,116,84,72.41379310344827,161
single_speaker,False,1.0,116,96,82.75862068965517,161
single_speaker,False,2.0,116,101,87.06896551724138,161
single_speaker,False,3.0,116,79,68.10344827586206,161
single_speaker,False,4.0,116,90,77.58620689655173,161
single_speaker,False,5.0,116,82,70.6896551724138,161
colocated,False,-4.0,116,67,57.758620689655174,162
colocated,False,-2.0,116,63,54.310344827586206,162
colocated,False,0.0,116,78,67.24137931034483,162
colocated,False,1.0,116,77,66.37931034482759,162
colocated,False,2.0,116,83,71.55172413793103,162
colocated,False,3.0,116,62,53.44827586206896,162
colocated,False,4.0,116,70,60.3448275862069,162
colocated,False,5.0,116,81,69.82758620689656,162
separated,False,-4.0,116,63,54.310344827586206,162
separated,False,-2.0,116,77,66.37931034482759,162
separated,False,0.0,116,83,71.55172413793103,162
separated,False,1.0,116,88,75.86206896551724,162
separated,False,2.0,116,77,66.37931034482759,162
separated,False,3.0,116,77,66.37931034482759,162
separated,False,4.0,116,87,75.0,162
separated,False,5.0,116,76,65.51724137931035,162
single_speaker,False,-4.0,116,87,75.0,162
single_speaker,False,-2.0,116,87,75.0,162
single_speaker,False,0.0,116,80,68.96551724137932,162
single_speaker,False,1.0,116,98,84.48275862068965,162
single_speaker,False,2.0,116,106,91.37931034482759,162
single_speaker,False,3.0,116,77,66.37931034482759,162
single_speaker,False,4.0,116,91,78.44827586206897,162
single_speaker,False,5.0,116,89,76.72413793103449,162
colocated,False,-4.0,116,61,52.58620689655172,163
colocated,False,-2.0,116,61,52.58620689655172,163
colocated,False,0.0,116,72,62.06896551724138,163
colocated,False,1.0,116,77,66.37931034482759,163
colocated,False,2.0,116,91,78.44827586206897,163
colocated,False,3.0,116,63,54.310344827586206,163
colocated,False,4.0,116,85,73.27586206896551,163
colocated,False,5.0,116,82,70.6896551724138,163
separated,False,-4.0,116,53,45.689655172413794,163
separated,False,-2.0,116,79,68.10344827586206,163
separated,False,0.0,116,76,65.51724137931035,163
separated,False,1.0,116,95,81.89655172413794,163
separated,False,2.0,116,76,65.51724137931035,163
separated,False,3.0,116,72,62.06896551724138,163
separated,False,4.0,116,87,75.0,163
separated,False,5.0,116,82,70.6896551724138,163
single_speaker,False,-4.0,116,88,75.86206896551724,163
single_speaker,False,-2.0,116,79,68.10344827586206,163
single_speaker,False,0.0,116,87,75.0,163
single_speaker,False,1.0,116,91,78.44827586206897,163
single_speaker,False,2.0,116,105,90.51724137931035,163
single_speaker,False,3.0,116,85,73.27586206896551,163
single_speaker,False,4.0,116,98,84.48275862068965,163
single_speaker,False,5.0,116,92,79.3103448275862,163
colocated,False,-4.0,116,60,51.724137931034484,164
colocated,False,-2.0,116,69,59.48275862068966,164
colocated,False,0.0,116,77,66.37931034482759,164
colocated,False,1.0,116,74,63.793103448275865,164
colocated,False,2.0,116,81,69.82758620689656,164
colocated,False,3.0,116,64,55.172413793103445,164
colocated,False,4.0,116,76,65.51724137931035,164
colocated,False,5.0,116,85,73.27586206896551,164
separated,False,-4.0,116,64,55.172413793103445,164
separated,False,-2.0,116,72,62.06896551724138,164
separated,False,0.0,116,70,60.3448275862069,164
separated,False,1.0,116,92,79.3103448275862,164
separated,False,2.0,116,77,66.37931034482759,164
separated,False,3.0,116,63,54.310344827586206,164
separated,False,4.0,116,85,73.27586206896551,164
separated,False,5.0,116,69,59.48275862068966,164
single_speaker,False,-4.0,116,83,71.55172413793103,164
single_speaker,False,-2.0,116,88,75.86206896551724,164
single_speaker,False,0.0,116,89,76.72413793103449,164
single_speaker,False,1.0,116,94,81.03448275862068,164
single_speaker,False,2.0,116,106,91.37931034482759,164
single_speaker,False,3.0,116,87,75.0,164
single_speaker,False,4.0,116,103,88.79310344827587,164
single_speaker,False,5.0,116,91,78.44827586206897,164
colocated,False,-4.0,116,63,54.310344827586206,165
colocated,False,-2.0,116,69,59.48275862068966,165
colocated,False,0.0,116,69,59.48275862068966,165
colocated,False,1.0,116,86,74.13793103448276,165
colocated,False,2.0,116,84,72.41379310344827,165
colocated,False,3.0,116,64,55.172413793103445,165
colocated,False,4.0,116,80,68.96551724137932,165
colocated,False,5.0,116,79,68.10344827586206,165
separated,False,-4.0,116,69,59.48275862068966,165
separated,False,-2.0,116,83,71.55172413793103,165
separated,False,0.0,116,84,72.41379310344827,165
separated,False,1.0,116,101,87.06896551724138,165
separated,False,2.0,116,75,64.65517241379311,165
separated,False,3.0,116,62,53.44827586206896,165
separated,False,4.0,116,79,68.10344827586206,165
separated,False,5.0,116,86,74.13793103448276,165
single_speaker,False,-4.0,116,93,80.17241379310344,165
single_speaker,False,-2.0,116,78,67.24137931034483,165
single_speaker,False,0.0,116,81,69.82758620689656,165
single_speaker,False,1.0,116,93,80.17241379310344,165
single_speaker,False,2.0,116,110,94.82758620689656,165
single_speaker,False,3.0,116,85,73.27586206896551,165
single_speaker,False,4.0,116,93,80.17241379310344,165
single_speaker,False,5.0,116,85,73.27586206896551,165
colocated,False,-4.0,116,65,56.03448275862068,166
colocated,False,-2.0,116,71,61.206896551724135,166
colocated,False,0.0,116,73,62.93103448275862,166
colocated,False,1.0,116,81,69.82758620689656,166
colocated,False,2.0,116,90,77.58620689655173,166
colocated,False,3.0,116,65,56.03448275862068,166
colocated,False,4.0,116,69,59.48275862068966,166
colocated,False,5.0,116,88,75.86206896551724,166
separated,False,-4.0,116,68,58.620689655172406,166
separated,False,-2.0,116,74,63.793103448275865,166
separated,False,0.0,116,85,73.27586206896551,166
separated,False,1.0,116,94,81.03448275862068,166
separated,False,2.0,116,82,70.6896551724138,166
separated,False,3.0,116,76,65.51724137931035,166
separated,False,4.0,116,90,77.58620689655173,166
separated,False,5.0,116,84,72.41379310344827,166
single_speaker,False,-4.0,116,89,76.72413793103449,166
single_speaker,False,-2.0,116,76,65.51724137931035,166
single_speaker,False,0.0,116,90,77.58620689655173,166
single_speaker,False,1.0,116,95,81.89655172413794,166
single_speaker,False,2.0,116,109,93.96551724137932,166
single_speaker,False,3.0,116,81,69.82758620689656,166
single_speaker,False,4.0,116,95,81.89655172413794,166
single_speaker,False,5.0,116,87,75.0,166
colocated,False,-4.0,116,67,57.758620689655174,167
colocated,False,-2.0,116,63,54.310344827586206,167
colocated,False,0.0,116,74,63.793103448275865,167
colocated,False,1.0,116,77,66.37931034482759,167
colocated,False,2.0,116,88,75.86206896551724,167
colocated,False,3.0,116,60,51.724137931034484,167
colocated,False,4.0,116,80,68.96551724137932,167
colocated,False,5.0,116,75,64.65517241379311,167
separated,False,-4.0,116,64,55.172413793103445,167
separated,False,-2.0,116,73,62.93103448275862,167
separated,False,0.0,116,78,67.24137931034483,167
separated,False,1.0,116,94,81.03448275862068,167
separated,False,2.0,116,76,65.51724137931035,167
separated,False,3.0,116,67,57.758620689655174,167
separated,False,4.0,116,87,75.0,167
separated,False,5.0,116,71,61.206896551724135,167
single_speaker,False,-4.0,116,86,74.13793103448276,167
single_speaker,False,-2.0,116,80,68.96551724137932,167
single_speaker,False,0.0,116,79,68.10344827586206,167
single_speaker,False,1.0,116,93,80.17241379310344,167
single_speaker,False,2.0,116,94,81.03448275862068,167
single_speaker,False,3.0,116,86,74.13793103448276,167
single_speaker,False,4.0,116,90,77.58620689655173,167
single_speaker,False,5.0,116,75,64.65517241379311,167
colocated,False,-4.0,116,64,55.172413793103445,168
colocated,False,-2.0,116,74,63.793103448275865,168
colocated,False,0.0,116,73,62.93103448275862,168
colocated,False,1.0,116,83,71.55172413793103,168
colocated,False,2.0,116,93,80.17241379310344,168
colocated,False,3.0,116,64,55.172413793103445,168
colocated,False,4.0,116,77,66.37931034482759,168
colocated,False,5.0,116,75,64.65517241379311,168
separated,False,-4.0,116,57,49.137931034482754,168
separated,False,-2.0,116,76,65.51724137931035,168
separated,False,0.0,116,73,62.93103448275862,168
separated,False,1.0,116,101,87.06896551724138,168
separated,False,2.0,116,79,68.10344827586206,168
separated,False,3.0,116,71,61.206896551724135,168
separated,False,4.0,116,88,75.86206896551724,168
separated,False,5.0,116,72,62.06896551724138,168
single_speaker,False,-4.0,116,91,78.44827586206897,168
single_speaker,False,-2.0,116,76,65.51724137931035,168
single_speaker,False,0.0,116,71,61.206896551724135,168
single_speaker,False,1.0,116,98,84.48275862068965,168
single_speaker,False,2.0,116,97,83.62068965517241,168
single_speaker,False,3.0,116,81,69.82758620689656,168
single_speaker,False,4.0,116,96,82.75862068965517,168
single_speaker,False,5.0,116,70,60.3448275862069,168
colocated,False,-4.0,116,66,56.896551724137936,169
colocated,False,-2.0,116,57,49.137931034482754,169
colocated,False,0.0,116,79,68.10344827586206,169
colocated,False,1.0,116,78,67.24137931034483,169
colocated,False,2.0,116,92,79.3103448275862,169
colocated,False,3.0,116,56,48.275862068965516,169
colocated,False,4.0,116,84,72.41379310344827,169
colocated,False,5.0,116,81,69.82758620689656,169
separated,False,-4.0,116,63,54.310344827586206,169
separated,False,-2.0,116,75,64.65517241379311,169
separated,False,0.0,116,81,69.82758620689656,169
separated,False,1.0,116,92,79.3103448275862,169
separated,False,2.0,116,78,67.24137931034483,169
separated,False,3.0,116,66,56.896551724137936,169
separated,False,4.0,116,86,74.13793103448276,169
separated,False,5.0,116,80,68.96551724137932,169
single_speaker,False,-4.0,116,86,74.13793103448276,169
single_speaker,False,-2.0,116,83,71.55172413793103,169
single_speaker,False,0.0,116,88,75.86206896551724,169
single_speaker,False,1.0,116,98,84.48275862068965,169
single_speaker,False,2.0,116,99,85.34482758620689,169
single_speaker,False,3.0,116,81,69.82758620689656,169
single_speaker,False,4.0,116,95,81.89655172413794,169
single_speaker,False,5.0,116,91,78.44827586206897,169
colocated,False,-4.0,116,69,59.48275862068966,170
colocated,False,-2.0,116,70,60.3448275862069,170
colocated,False,0.0,116,65,56.03448275862068,170
colocated,False,1.0,116,76,65.51724137931035,170
colocated,False,2.0,116,86,74.13793103448276,170
colocated,False,3.0,116,61,52.58620689655172,170
colocated,False,4.0,116,82,70.6896551724138,170
colocated,False,5.0,116,74,63.793103448275865,170
separated,False,-4.0,116,56,48.275862068965516,170
separated,False,-2.0,116,65,56.03448275862068,170
separated,False,0.0,116,76,65.51724137931035,170
separated,False,1.0,116,97,83.62068965517241,170
separated,False,2.0,116,64,55.172413793103445,170
separated,False,3.0,116,77,66.37931034482759,170
separated,False,4.0,116,74,63.793103448275865,170
separated,False,5.0,116,72,62.06896551724138,170
single_speaker,False,-4.0,116,83,71.55172413793103,170
single_speaker,False,-2.0,116,75,64.65517241379311,170
single_speaker,False,0.0,116,78,67.24137931034483,170
single_speaker,False,1.0,116,91,78.44827586206897,170
single_speaker,False,2.0,116,101,87.06896551724138,170
single_speaker,False,3.0,116,83,71.55172413793103,170
single_speaker,False,4.0,116,90,77.58620689655173,170
single_speaker,False,5.0,116,76,65.51724137931035,170
colocated,False,-4.0,116,69,59.48275862068966,171
colocated,False,-2.0,116,70,60.3448275862069,171
colocated,False,0.0,116,77,66.37931034482759,171
colocated,False,1.0,116,79,68.10344827586206,171
colocated,False,2.0,116,87,75.0,171
colocated,False,3.0,116,71,61.206896551724135,171
colocated,False,4.0,116,79,68.10344827586206,171
colocated,False,5.0,116,85,73.27586206896551,171
separated,False,-4.0,116,65,56.03448275862068,171
separated,False,-2.0,116,77,66.37931034482759,171
separated,False,0.0,116,69,59.48275862068966,171
separated,False,1.0,116,102,87.93103448275862,171
separated,False,2.0,116,74,63.793103448275865,171
separated,False,3.0,116,62,53.44827586206896,171
separated,False,4.0,116,81,69.82758620689656,171
separated,False,5.0,116,78,67.24137931034483,171
single_speaker,False,-4.0,116,89,76.72413793103449,171
single_speaker,False,-2.0,116,81,69.82758620689656,171
single_speaker,False,0.0,116,78,67.24137931034483,171
single_speaker,False,1.0,116,96,82.75862068965517,171
single_speaker,False,2.0,116,104,89.65517241379311,171
single_speaker,False,3.0,116,88,75.86206896551724,171
single_speaker,False,4.0,116,87,75.0,171
single_speaker,False,5.0,116,83,71.55172413793103,171
colocated,False,-4.0,116,56,48.275862068965516,172
colocated,False,-2.0,116,75,64.65517241379311,172
colocated,False,0.0,116,74,63.793103448275865,172
colocated,False,1.0,116,81,69.82758620689656,172
colocated,False,2.0,116,89,76.72413793103449,172
colocated,False,3.0,116,69,59.48275862068966,172
colocated,False,4.0,116,76,65.51724137931035,172
colocated,False,5.0,116,78,67.24137931034483,172
separated,False,-4.0,116,62,53.44827586206896,172
separated,False,-2.0,116,81,69.82758620689656,172
separated,False,0.0,116,80,68.96551724137932,172
separated,False,1.0,116,101,87.06896551724138,172
separated,False,2.0,116,77,66.37931034482759,172
separated,False,3.0,116,66,56.896551724137936,172
separated,False,4.0,116,82,70.6896551724138,172
separated,False,5.0,116,80,68.96551724137932,172
single_speaker,False,-4.0,116,89,76.72413793103449,172
single_speaker,False,-2.0,116,80,68.96551724137932,172
single_speaker,False,0.0,116,81,69.82758620689656,172
single_speaker,False,1.0,116,88,75.86206896551724,172
single_speaker,False,2.0,116,100,86.20689655172413,172
single_speaker,False,3.0,116,83,71.55172413793103,172
single_speaker,False,4.0,116,86,74.13793103448276,172
single_speaker,False,5.0,116,79,68.10344827586206,172
colocated,False,-4.0,116,71,61.206896551724135,173
colocated,False,-2.0,116,65,56.03448275862068,173
colocated,False,0.0,116,76,65.51724137931035,173
colocated,False,1.0,116,86,74.13793103448276,173
colocated,False,2.0,116,86,74.13793103448276,173
colocated,False,3.0,116,72,62.06896551724138,173
colocated,False,4.0,116,77,66.37931034482759,173
colocated,False,5.0,116,84,72.41379310344827,173
separated,False,-4.0,116,61,52.58620689655172,173
separated,False,-2.0,116,80,68.96551724137932,173
separated,False,0.0,116,87,75.0,173
separated,False,1.0,116,96,82.75862068965517,173
separated,False,2.0,116,73,62.93103448275862,173
separated,False,3.0,116,68,58.620689655172406,173
separated,False,4.0,116,85,73.27586206896551,173
separated,False,5.0,116,74,63.793103448275865,173
single_speaker,False,-4.0,116,82,70.6896551724138,173
single_speaker,False,-2.0,116,77,66.37931034482759,173
single_speaker,False,0.0,116,83,71.55172413793103,173
single_speaker,False,1.0,116,88,75.86206896551724,173
single_speaker,False,2.0,116,98,84.48275862068965,173
single_speaker,False,3.0,116,82,70.6896551724138,173
single_speaker,False,4.0,116,91,78.44827586206897,173
single_speaker,False,5.0,116,91,78.44827586206897,173
colocated,False,-4.0,116,65,56.03448275862068,174
colocated,False,-2.0,116,65,56.03448275862068,174
colocated,False,0.0,116,68,58.620689655172406,174
colocated,False,1.0,116,75,64.65517241379311,174
colocated,False,2.0,116,92,79.3103448275862,174
colocated,False,3.0,116,68,58.620689655172406,174
colocated,False,4.0,116,75,64.65517241379311,174
colocated,False,5.0,116,82,70.6896551724138,174
separated,False,-4.0,116,64,55.172413793103445,174
separated,False,-2.0,116,71,61.206896551724135,174
separated,False,0.0,116,70,60.3448275862069,174
separated,False,1.0,116,92,79.3103448275862,174
separated,False,2.0,116,67,57.758620689655174,174
separated,False,3.0,116,66,56.896551724137936,174
separated,False,4.0,116,81,69.82758620689656,174
separated,False,5.0,116,70,60.3448275862069,174
single_speaker,False,-4.0,116,90,77.58620689655173,174
single_speaker,False,-2.0,116,86,74.13793103448276,174
single_speaker,False,0.0,116,84,72.41379310344827,174
single_speaker,False,1.0,116,96,82.75862068965517,174
single_speaker,False,2.0,116,102,87.93103448275862,174
single_speaker,False,3.0,116,88,75.86206896551724,174
single_speaker,False,4.0,116,96,82.75862068965517,174
single_speaker,False,5.0,116,84,72.41379310344827,174
colocated,False,-4.0,116,67,57.758620689655174,175
colocated,False,-2.0,116,62,53.44827586206896,175
colocated,False,0.0,116,73,62.93103448275862,175
colocated,False,1.0,116,72,62.06896551724138,175
colocated,False,2.0,116,86,74.13793103448276,175
colocated,False,3.0,116,69,59.48275862068966,175
colocated,False,4.0,116,78,67.24137931034483,175
colocated,False,5.0,116,79,68.10344827586206,175
separated,False,-4.0,116,56,48.275862068965516,175
separated,False,-2.0,116,79,68.10344827586206,175
separated,False,0.0,116,67,57.758620689655174,175
separated,False,1.0,116,92,79.3103448275862,175
separated,False,2.0,116,75,64.65517241379311,175
separated,False,3.0,116,70,60.3448275862069,175
separated,False,4.0,116,88,75.86206896551724,175
separated,False,5.0,116,80,68.96551724137932,175
single_speaker,False,-4.0,116,88,75.86206896551724,175
single_speaker,False,-2.0,116,73,62.93103448275862,175
single_speaker,False,0.0,116,84,72.41379310344827,175
single_speaker,False,1.0,116,93,80.17241379310344,175
single_speaker,False,2.0,116,95,81.89655172413794,175
single_speaker,False,3.0,116,78,67.24137931034483,175
single_speaker,False,4.0,116,94,81.03448275862068,175
single_speaker,False,5.0,116,82,70.6896551724138,175
colocated,False,-4.0,116,58,50.0,176
colocated,False,-2.0,116,74,63.793103448275865,176
colocated,False,0.0,116,70,60.3448275862069,176
colocated,False,1.0,116,70,60.3448275862069,176
colocated,False,2.0,116,86,74.13793103448276,176
colocated,False,3.0,116,60,51.724137931034484,176
colocated,False,4.0,116,84,72.41379310344827,176
colocated,False,5.0,116,68,58.620689655172406,176
separated,False,-4.0,116,60,51.724137931034484,176
separated,False,-2.0,116,81,69.82758620689656,176
separated,False,0.0,116,81,69.82758620689656,176
separated,False,1.0,116,88,75.86206896551724,176
separated,False,2.0,116,74,63.793103448275865,176
separated,False,3.0,116,72,62.06896551724138,176
separated,False,4.0,116,87,75.0,176
separated,False,5.0,116,86,74.13793103448276,176
single_speaker,False,-4.0,116,90,77.58620689655173,176
single_speaker,False,-2.0,116,90,77.58620689655173,176
single_speaker,False,0.0,116,86,74.13793103448276,176
single_speaker,False,1.0,116,89,76.72413793103449,176
single_speaker,False,2.0,116,101,87.06896551724138,176
single_speaker,False,3.0,116,83,71.55172413793103,176
single_speaker,False,4.0,116,95,81.89655172413794,176
single_speaker,False,5.0,116,77,66.37931034482759,176
colocated,False,-4.0,116,58,50.0,177
colocated,False,-2.0,116,75,64.65517241379311,177
colocated,False,0.0,116,74,63.793103448275865,177
colocated,False,1.0,116,86,74.13793103448276,177
colocated,False,2.0,116,85,73.27586206896551,177
colocated,False,3.0,116,63,54.310344827586206,177
colocated,False,4.0,116,83,71.55172413793103,177
colocated,False,5.0,116,80,68.96551724137932,177
separated,False,-4.0,116,52,44.827586206896555,177
separated,False,-2.0,116,74,63.793103448275865,177
separated,False,0.0,116,70,60.3448275862069,177
separated,False,1.0,116,92,79.3103448275862,177
separated,False,2.0,116,68,58.620689655172406,177
separated,False,3.0,116,80,68.96551724137932,177
separated,False,4.0,116,70,60.3448275862069,177
separated,False,5.0,116,71,61.206896551724135,177
single_speaker,False,-4.0,116,86,74.13793103448276,177
single_speaker,False,-2.0,116,84,72.41379310344827,177
single_speaker,False,0.0,116,81,69.82758620689656,177
single_speaker,False,1.0,116,92,79.3103448275862,177
single_speaker,False,2.0,116,101,87.06896551724138,177
single_speaker,False,3.0,116,76,65.51724137931035,177
single_speaker,False,4.0,116,92,79.3103448275862,177
single_speaker,False,5.0,116,85,73.27586206896551,177
colocated,False,-4.0,116,66,56.896551724137936,178
colocated,False,-2.0,116,66,56.896551724137936,178
colocated,False,0.0,116,79,68.10344827586206,178
colocated,False,1.0,116,82,70.6896551724138,178
colocated,False,2.0,116,84,72.41379310344827,178
colocated,False,3.0,116,66,56.896551724137936,178
colocated,False,4.0,116,80,68.96551724137932,178
colocated,False,5.0,116,81,69.82758620689656,178
separated,False,-4.0,116,65,56.03448275862068,178
separated,False,-2.0,116,74,63.793103448275865,178
separated,False,0.0,116,81,69.82758620689656,178
separated,False,1.0,116,86,74.13793103448276,178
separated,False,2.0,116,81,69.82758620689656,178
separated,False,3.0,116,75,64.65517241379311,178
separated,False,4.0,116,77,66.37931034482759,178
separated,False,5.0,116,74,63.793103448275865,178
single_speaker,False,-4.0,116,84,72.41379310344827,178
single_speaker,False,-2.0,116,86,74.13793103448276,178
single_speaker,False,0.0,116,70,60.3448275862069,178
single_speaker,False,1.0,116,93,80.17241379310344,178
single_speaker,False,2.0,116,99,85.34482758620689,178
single_speaker,False,3.0,116,85,73.27586206896551,178
single_speaker,False,4.0,116,95,81.89655172413794,178
single_speaker,False,5.0,116,89,76.72413793103449,178
colocated,False,-4.0,116,71,61.206896551724135,179
colocated,False,-2.0,116,62,53.44827586206896,179
colocated,False,0.0,116,83,71.55172413793103,179
colocated,False,1.0,116,79,68.10344827586206,179
colocated,False,2.0,116,86,74.13793103448276,179
colocated,False,3.0,116,67,57.758620689655174,179
colocated,False,4.0,116,82,70.6896551724138,179
colocated,False,5.0,116,79,68.10344827586206,179
separated,False,-4.0,116,62,53.44827586206896,179
separated,False,-2.0,116,71,61.206896551724135,179
separated,False,0.0,116,80,68.96551724137932,179
separated,False,1.0,116,95,81.89655172413794,179
separated,False,2.0,116,70,60.3448275862069,179
separated,False,3.0,116,69,59.48275862068966,179
separated,False,4.0,116,84,72.41379310344827,179
separated,False,5.0,116,84,72.41379310344827,179
single_speaker,False,-4.0,116,82,70.6896551724138,179
single_speaker,False,-2.0,116,80,68.96551724137932,179
single_speaker,False,0.0,116,79,68.10344827586206,179
single_speaker,False,1.0,116,95,81.89655172413794,179
single_speaker,False,2.0,116,97,83.62068965517241,179
single_speaker,False,3.0,116,82,70.6896551724138,179
single_speaker,False,4.0,116,99,85.34482758620689,179
single_speaker,False,5.0,116,86,74.13793103448276,179
colocated,False,-4.0,116,68,58.620689655172406,180
colocated,False,-2.0,116,71,61.206896551724135,180
colocated,False,0.0,116,68,58.620689655172406,180
colocated,False,1.0,116,79,68.10344827586206,180
colocated,False,2.0,116,87,75.0,180
colocated,False,3.0,116,63,54.310344827586206,180
colocated,False,4.0,116,78,67.24137931034483,180
colocated,False,5.0,116,80,68.96551724137932,180
separated,False,-4.0,116,70,60.3448275862069,180
separated,False,-2.0,116,79,68.10344827586206,180
separated,False,0.0,116,66,56.896551724137936,180
separated,False,1.0,116,94,81.03448275862068,180
separated,False,2.0,116,74,63.793103448275865,180
separated,False,3.0,116,66,56.896551724137936,180
separated,False,4.0,116,80,68.96551724137932,180
separated,False,5.0,116,79,68.10344827586206,180
single_speaker,False,-4.0,116,86,74.13793103448276,180
single_speaker,False,-2.0,116,85,73.27586206896551,180
single_speaker,False,0.0,116,84,72.41379310344827,180
single_speaker,False,1.0,116,99,85.34482758620689,180
single_speaker,False,2.0,116,100,86.20689655172413,180
single_speaker,False,3.0,116,80,68.96551724137932,180
single_speaker,False,4.0,116,98,84.48275862068965,180
single_speaker,False,5.0,116,83,71.55172413793103,180
colocated,False,-4.0,116,76,65.51724137931035,181
colocated,False,-2.0,116,69,59.48275862068966,181
colocated,False,0.0,116,72,62.06896551724138,181
colocated,False,1.0,116,75,64.65517241379311,181
colocated,False,2.0,116,98,84.48275862068965,181
colocated,False,3.0,116,64,55.172413793103445,181
colocated,False,4.0,116,79,68.10344827586206,181
colocated,False,5.0,116,75,64.65517241379311,181
separated,False,-4.0,116,64,55.172413793103445,181
separated,False,-2.0,116,72,62.06896551724138,181
separated,False,0.0,116,74,63.793103448275865,181
separated,False,1.0,116,102,87.93103448275862,181
separated,False,2.0,116,78,67.24137931034483,181
separated,False,3.0,116,66,56.896551724137936,181
separated,False,4.0,116,90,77.58620689655173,181
separated,False,5.0,116,80,68.96551724137932,181
single_speaker,False,-4.0,116,88,75.86206896551724,181
single_speaker,False,-2.0,116,74,63.793103448275865,181
single_speaker,False,0.0,116,88,75.86206896551724,181
single_speaker,False,1.0,116,95,81.89655172413794,181
single_speaker,False,2.0,116,100,86.20689655172413,181
single_speaker,False,3.0,116,86,74.13793103448276,181
single_speaker,False,4.0,116,101,87.06896551724138,181
single_speaker,False,5.0,116,84,72.41379310344827,181
colocated,False,-4.0,116,59,50.86206896551724,182
colocated,False,-2.0,116,64,55.172413793103445,182
colocated,False,0.0,116,71,61.206896551724135,182
colocated,False,1.0,116,77,66.37931034482759,182
colocated,False,2.0,116,84,72.41379310344827,182
colocated,False,3.0,116,65,56.03448275862068,182
colocated,False,4.0,116,76,65.51724137931035,182
colocated,False,5.0,116,78,67.24137931034483,182
separated,False,-4.0,116,62,53.44827586206896,182
separated,False,-2.0,116,74,63.793103448275865,182
separated,False,0.0,116,77,66.37931034482759,182
separated,False,1.0,116,95,81.89655172413794,182
separated,False,2.0,116,71,61.206896551724135,182
separated,False,3.0,116,67,57.758620689655174,182
separated,False,4.0,116,82,70.6896551724138,182
separated,False,5.0,116,79,68.10344827586206,182
single_speaker,False,-4.0,116,82,70.6896551724138,182
single_speaker,False,-2.0,116,83,71.55172413793103,182
single_speaker,False,0.0,116,85,73.27586206896551,182
single_speaker,False,1.0,116,99,85.34482758620689,182
single_speaker,False,2.0,116,99,85.34482758620689,182
single_speaker,False,3.0,116,88,75.86206896551724,182
single_speaker,False,4.0,116,93,80.17241379310344,182
single_speaker,False,5.0,116,80,68.96551724137932,182
colocated,False,-4.0,116,72,62.06896551724138,183
colocated,False,-2.0,116,73,62.93103448275862,183
colocated,False,0.0,116,77,66.37931034482759,183
colocated,False,1.0,116,87,75.0,183
colocated,False,2.0,116,84,72.41379310344827,183
colocated,False,3.0,116,70,60.3448275862069,183
colocated,False,4.0,116,78,67.24137931034483,183
colocated,False,5.0,116,84,72.41379310344827,183
separated,False,-4.0,116,57,49.137931034482754,183
separated,False,-2.0,116,71,61.206896551724135,183
separated,False,0.0,116,74,63.793103448275865,183
separated,False,1.0,116,97,83.62068965517241,183
separated,False,2.0,116,82,70.6896551724138,183
separated,False,3.0,116,64,55.172413793103445,183
separated,False,4.0,116,77,66.37931034482759,183
separated,False,5.0,116,78,67.24137931034483,183
single_speaker,False,-4.0,116,97,83.62068965517241,183
single_speaker,False,-2.0,116,86,74.13793103448276,183
single_speaker,False,0.0,116,86,74.13793103448276,183
single_speaker,False,1.0,116,90,77.58620689655173,183
single_speaker,False,2.0,116,102,87.93103448275862,183
single_speaker,False,3.0,116,88,75.86206896551724,183
single_speaker,False,4.0,116,100,86.20689655172413,183
single_speaker,False,5.0,116,87,75.0,183
colocated,False,-4.0,116,72,62.06896551724138,184
colocated,False,-2.0,116,61,52.58620689655172,184
colocated,False,0.0,116,68,58.620689655172406,184
colocated,False,1.0,116,82,70.6896551724138,184
colocated,False,2.0,116,93,80.17241379310344,184
colocated,False,3.0,116,65,56.03448275862068,184
colocated,False,4.0,116,80,68.96551724137932,184
colocated,False,5.0,116,87,75.0,184
separated,False,-4.0,116,66,56.896551724137936,184
separated,False,-2.0,116,78,67.24137931034483,184
separated,False,0.0,116,69,59.48275862068966,184
separated,False,1.0,116,95,81.89655172413794,184
separated,False,2.0,116,70,60.3448275862069,184
separated,False,3.0,116,71,61.206896551724135,184
separated,False,4.0,116,94,81.03448275862068,184
separated,False,5.0,116,76,65.51724137931035,184
single_speaker,False,-4.0,116,89,76.72413793103449,184
single_speaker,False,-2.0,116,81,69.82758620689656,184
single_speaker,False,0.0,116,91,78.44827586206897,184
single_speaker,False,1.0,116,92,79.3103448275862,184
single_speaker,False,2.0,116,101,87.06896551724138,184
single_speaker,False,3.0,116,82,70.6896551724138,184
single_speaker,False,4.0,116,97,83.62068965517241,184
single_speaker,False,5.0,116,81,69.82758620689656,184
colocated,False,-4.0,116,68,58.620689655172406,185
colocated,False,-2.0,116,72,62.06896551724138,185
colocated,False,0.0,116,70,60.3448275862069,185
colocated,False,1.0,116,76,65.51724137931035,185
colocated,False,2.0,116,86,74.13793103448276,185
colocated,False,3.0,116,71,61.206896551724135,185
colocated,False,4.0,116,79,68.10344827586206,185
colocated,False,5.0,116,82,70.6896551724138,185
separated,False,-4.0,116,66,56.896551724137936,185
separated,False,-2.0,116,67,57.758620689655174,185
separated,False,0.0,116,75,64.65517241379311,185
separated,False,1.0,116,97,83.62068965517241,185
separated,False,2.0,116,72,62.06896551724138,185
separated,False,3.0,116,73,62.93103448275862,185
separated,False,4.0,116,89,76.72413793103449,185
separated,False,5.0,116,85,73.27586206896551,185
single_speaker,False,-4.0,116,79,68.10344827586206,185
single_speaker,False,-2.0,116,83,71.55172413793103,185
single_speaker,False,0.0,116,80,68.96551724137932,185
single_speaker,False,1.0,116,93,80.17241379310344,185
single_speaker,False,2.0,116,96,82.75862068965517,185
single_speaker,False,3.0,116,83,71.55172413793103,185
single_speaker,False,4.0,116,97,83.62068965517241,185
single_speaker,False,5.0,116,82,70.6896551724138,185
colocated,False,-4.0,116,68,58.620689655172406,186
colocated,False,-2.0,116,67,57.758620689655174,186
colocated,False,0.0,116,64,55.172413793103445,186
colocated,False,1.0,116,77,66.37931034482759,186
colocated,False,2.0,116,86,74.13793103448276,186
colocated,False,3.0,116,66,56.896551724137936,186
colocated,False,4.0,116,80,68.96551724137932,186
colocated,False,5.0,116,79,68.10344827586206,186
separated,False,-4.0,116,64,55.172413793103445,186
separated,False,-2.0,116,84,72.41379310344827,186
separated,False,0.0,116,84,72.41379310344827,186
separated,False,1.0,116,93,80.17241379310344,186
separated,False,2.0,116,81,69.82758620689656,186
separated,False,3.0,116,61,52.58620689655172,186
separated,False,4.0,116,84,72.41379310344827,186
separated,False,5.0,116,82,70.6896551724138,186
single_speaker,False,-4.0,116,86,74.13793103448276,186
single_speaker,False,-2.0,116,82,70.6896551724138,186
single_speaker,False,0.0,116,82,70.6896551724138,186
single_speaker,False,1.0,116,92,79.3103448275862,186
single_speaker,False,2.0,116,94,81.03448275862068,186
single_speaker,False,3.0,116,86,74.13793103448276,186
single_speaker,False,4.0,116,97,83.62068965517241,186
single_speaker,False,5.0,116,89,76.72413793103449,186
colocated,False,-4.0,116,67,57.758620689655174,187
colocated,False,-2.0,116,61,52.58620689655172,187
colocated,False,0.0,116,73,62.93103448275862,187
colocated,False,1.0,116,90,77.58620689655173,187
colocated,False,2.0,116,86,74.13793103448276,187
colocated,False,3.0,116,64,55.172413793103445,187
colocated,False,4.0,116,76,65.51724137931035,187
colocated,False,5.0,116,78,67.24137931034483,187
separated,False,-4.0,116,63,54.310344827586206,187
separated,False,-2.0,116,69,59.48275862068966,187
separated,False,0.0,116,81,69.82758620689656,187
separated,False,1.0,116,100,86.20689655172413,187
separated,False,2.0,116,74,63.793103448275865,187
separated,False,3.0,116,69,59.48275862068966,187
separated,False,4.0,116,92,79.3103448275862,187
separated,False,5.0,116,74,63.793103448275865,187
single_speaker,False,-4.0,116,93,80.17241379310344,187
single_speaker,False,-2.0,116,73,62.93103448275862,187
single_speaker,False,0.0,116,89,76.72413793103449,187
single_speaker,False,1.0,116,95,81.89655172413794,187
single_speaker,False,2.0,116,96,82.75862068965517,187
single_speaker,False,3.0,116,86,74.13793103448276,187
single_speaker,False,4.0,116,94,81.03448275862068,187
single_speaker,False,5.0,116,87,75.0,187
colocated,False,-4.0,116,61,52.58620689655172,188
colocated,False,-2.0,116,73,62.93103448275862,188
colocated,False,0.0,116,71,61.206896551724135,188
colocated,False,1.0,116,81,69.82758620689656,188
colocated,False,2.0,116,82,70.6896551724138,188
colocated,False,3.0,116,63,54.310344827586206,188
colocated,False,4.0,116,85,73.27586206896551,188
colocated,False,5.0,116,77,66.37931034482759,188
separated,False,-4.0,116,57,49.137931034482754,188
separated,False,-2.0,116,78,67.24137931034483,188
separated,False,0.0,116,78,67.24137931034483,188
separated,False,1.0,116,105,90.51724137931035,188
separated,False,2.0,116,80,68.96551724137932,188
separated,False,3.0,116,62,53.44827586206896,188
separated,False,4.0,116,84,72.41379310344827,188
separated,False,5.0,116,84,72.41379310344827,188
single_speaker,False,-4.0,116,86,74.13793103448276,188
single_speaker,False,-2.0,116,86,74.13793103448276,188
single_speaker,False,0.0,116,86,74.13793103448276,188
single_speaker,False,1.0,116,100,86.20689655172413,188
single_speaker,False,2.0,116,94,81.03448275862068,188
single_speaker,False,3.0,116,86,74.13793103448276,188
single_speaker,False,4.0,116,95,81.89655172413794,188
single_speaker,False,5.0,116,92,79.3103448275862,188
colocated,False,-4.0,116,69,59.48275862068966,189
colocated,False,-2.0,116,73,62.93103448275862,189
colocated,False,0.0,116,73,62.93103448275862,189
colocated,False,1.0,116,79,68.10344827586206,189
colocated,False,2.0,116,86,74.13793103448276,189
colocated,False,3.0,116,72,62.06896551724138,189
colocated,False,4.0,116,80,68.96551724137932,189
colocated,False,5.0,116,82,70.6896551724138,189
separated,False,-4.0,116,56,48.275862068965516,189
separated,False,-2.0,116,74,63.793103448275865,189
separated,False,0.0,116,70,60.3448275862069,189
separated,False,1.0,116,89,76.72413793103449,189
separated,False,2.0,116,78,67.24137931034483,189
separated,False,3.0,116,69,59.48275862068966,189
separated,False,4.0,116,81,69.82758620689656,189
separated,False,5.0,116,86,74.13793103448276,189
single_speaker,False,-4.0,116,89,76.72413793103449,189
single_speaker,False,-2.0,116,81,69.82758620689656,189
single_speaker,False,0.0,116,88,75.86206896551724,189
single_speaker,False,1.0,116,89,76.72413793103449,189
single_speaker,False,2.0,116,102,87.93103448275862,189
single_speaker,False,3.0,116,81,69.82758620689656,189
single_speaker,False,4.0,116,94,81.03448275862068,189
single_speaker,False,5.0,116,69,59.48275862068966,189
colocated,False,-4.0,116,66,56.896551724137936,190
colocated,False,-2.0,116,76,65.51724137931035,190
colocated,False,0.0,116,81,69.82758620689656,190
colocated,False,1.0,116,81,69.82758620689656,190
colocated,False,2.0,116,92,79.3103448275862,190
colocated,False,3.0,116,66,56.896551724137936,190
colocated,False,4.0,116,81,69.82758620689656,190
colocated,False,5.0,116,81,69.82758620689656,190
separated,False,-4.0,116,69,59.48275862068966,190
separated,False,-2.0,116,75,64.65517241379311,190
separated,False,0.0,116,72,62.06896551724138,190
separated,False,1.0,116,91,78.44827586206897,190
separated,False,2.0,116,73,62.93103448275862,190
separated,False,3.0,116,61,52.58620689655172,190
separated,False,4.0,116,88,75.86206896551724,190
separated,False,5.0,116,83,71.55172413793103,190
single_speaker,False,-4.0,116,84,72.41379310344827,190
single_speaker,False,-2.0,116,85,73.27586206896551,190
single_speaker,False,0.0,116,84,72.41379310344827,190
single_speaker,False,1.0,116,100,86.20689655172413,190
single_speaker,False,2.0,116,97,83.62068965517241,190
single_speaker,False,3.0,116,83,71.55172413793103,190
single_speaker,False,4.0,116,91,78.44827586206897,190
single_speaker,False,5.0,116,88,75.86206896551724,190
colocated,False,-4.0,116,66,56.896551724137936,191
colocated,False,-2.0,116,64,55.172413793103445,191
colocated,False,0.0,116,70,60.3448275862069,191
colocated,False,1.0,116,84,72.41379310344827,191
colocated,False,2.0,116,90,77.58620689655173,191
colocated,False,3.0,116,59,50.86206896551724,191
colocated,False,4.0,116,76,65.51724137931035,191
colocated,False,5.0,116,77,66.37931034482759,191
separated,False,-4.0,116,60,51.724137931034484,191
separated,False,-2.0,116,69,59.48275862068966,191
separated,False,0.0,116,82,70.6896551724138,191
separated,False,1.0,116,87,75.0,191
separated,False,2.0,116,84,72.41379310344827,191
separated,False,3.0,116,63,54.310344827586206,191
separated,False,4.0,116,80,68.96551724137932,191
separated,False,5.0,116,79,68.10344827586206,191
single_speaker,False,-4.0,116,83,71.55172413793103,191
single_speaker,False,-2.0,116,79,68.10344827586206,191
single_speaker,False,0.0,116,85,73.27586206896551,191
single_speaker,False,1.0,116,92,79.3103448275862,191
single_speaker,False,2.0,116,105,90.51724137931035,191
single_speaker,False,3.0,116,78,67.24137931034483,191
single_speaker,False,4.0,116,95,81.89655172413794,191
single_speaker,False,5.0,116,85,73.27586206896551,191
colocated,False,-4.0,116,70,60.3448275862069,192
colocated,False,-2.0,116,63,54.310344827586206,192
colocated,False,0.0,116,73,62.93103448275862,192
colocated,False,1.0,116,88,75.86206896551724,192
colocated,False,2.0,116,88,75.86206896551724,192
colocated,False,3.0,116,66,56.896551724137936,192
colocated,False,4.0,116,80,68.96551724137932,192
colocated,False,5.0,116,76,65.51724137931035,192
separated,False,-4.0,116,57,49.137931034482754,192
separated,False,-2.0,116,70,60.3448275862069,192
separated,False,0.0,116,74,63.793103448275865,192
separated,False,1.0,116,97,83.62068965517241,192
separated,False,2.0,116,76,65.51724137931035,192
separated,False,3.0,116,67,57.758620689655174,192
separated,False,4.0,116,89,76.72413793103449,192
separated,False,5.0,116,77,66.37931034482759,192
single_speaker,False,-4.0,116,86,74.13793103448276,192
single_speaker,False,-2.0,116,76,65.51724137931035,192
single_speaker,False,0.0,116,80,68.96551724137932,192
single_speaker,False,1.0,116,98,84.48275862068965,192
single_speaker,False,2.0,116,102,87.93103448275862,192
single_speaker,False,3.0,116,79,68.10344827586206,192
single_speaker,False,4.0,116,94,81.03448275862068,192
single_speaker,False,5.0,116,82,70.6896551724138,192
colocated,False,-4.0,116,65,56.03448275862068,193
colocated,False,-2.0,116,67,57.758620689655174,193
colocated,False,0.0,116,67,57.758620689655174,193
colocated,False,1.0,116,75,64.65517241379311,193
colocated,False,2.0,116,79,68.10344827586206,193
colocated,False,3.0,116,73,62.93103448275862,193
colocated,False,4.0,116,75,64.65517241379311,193
colocated,False,5.0,116,78,67.24137931034483,193
separated,False,-4.0,116,63,54.310344827586206,193
separated,False,-2.0,116,74,63.793103448275865,193
separated,False,0.0,116,77,66.37931034482759,193
separated,False,1.0,116,92,79.3103448275862,193
separated,False,2.0,116,79,68.10344827586206,193
separated,False,3.0,116,71,61.206896551724135,193
separated,False,4.0,116,87,75.0,193
separated,False,5.0,116,69,59.48275862068966,193
single_speaker,False,-4.0,116,91,78.44827586206897,193
single_speaker,False,-2.0,116,81,69.82758620689656,193
single_speaker,False,0.0,116,86,74.13793103448276,193
single_speaker,False,1.0,116,94,81.03448275862068,193
single_speaker,False,2.0,116,97,83.62068965517241,193
single_speaker,False,3.0,116,78,67.24137931034483,193
single_speaker,False,4.0,116,95,81.89655172413794,193
single_speaker,False,5.0,116,79,68.10344827586206,193
colocated,False,-4.0,116,60,51.724137931034484,194
colocated,False,-2.0,116,60,51.724137931034484,194
colocated,False,0.0,116,72,62.06896551724138,194
colocated,False,1.0,116,74,63.793103448275865,194
colocated,False,2.0,116,89,76.72413793103449,194
colocated,False,3.0,116,69,59.48275862068966,194
colocated,False,4.0,116,67,57.758620689655174,194
colocated,False,5.0,116,84,72.41379310344827,194
separated,False,-4.0,116,66,56.896551724137936,194
separated,False,-2.0,116,69,59.48275862068966,194
separated,False,0.0,116,70,60.3448275862069,194
separated,False,1.0,116,96,82.75862068965517,194
separated,False,2.0,116,90,77.58620689655173,194
separated,False,3.0,116,69,59.48275862068966,194
separated,False,4.0,116,88,75.86206896551724,194
separated,False,5.0,116,70,60.3448275862069,194
single_speaker,False,-4.0,116,88,75.86206896551724,194
single_speaker,False,-2.0,116,77,66.37931034482759,194
single_speaker,False,0.0,116,89,76.72413793103449,194
single_speaker,False,1.0,116,85,73.27586206896551,194
single_speaker,False,2.0,116,94,81.03448275862068,194
single_speaker,False,3.0,116,87,75.0,194
single_speaker,False,4.0,116,94,81.03448275862068,194
single_speaker,False,5.0,116,87,75.0,194
colocated,False,-4.0,116,65,56.03448275862068,195
colocated,False,-2.0,116,70,60.3448275862069,195
colocated,False,0.0,116,65,56.03448275862068,195
colocated,False,1.0,116,78,67.24137931034483,195
colocated,False,2.0,116,90,77.58620689655173,195
colocated,False,3.0,116,77,66.37931034482759,195
colocated,False,4.0,116,79,68.10344827586206,195
colocated,False,5.0,116,83,71.55172413793103,195
separated,False,-4.0,116,58,50.0,195
separated,False,-2.0,116,73,62.93103448275862,195
separated,False,0.0,116,72,62.06896551724138,195
separated,False,1.0,116,84,72.41379310344827,195
separated,False,2.0,116,81,69.82758620689656,195
separated,False,3.0,116,73,62.93103448275862,195
separated,False,4.0,116,81,69.82758620689656,195
separated,False,5.0,116,74,63.793103448275865,195
single_speaker,False,-4.0,116,91,78.44827586206897,195
single_speaker,False,-2.0,116,78,67.24137931034483,195
single_speaker,False,0.0,116,90,77.58620689655173,195
single_speaker,False,1.0,116,91,78.44827586206897,195
single_speaker,False,2.0,116,106,91.37931034482759,195
single_speaker,False,3.0,116,82,70.6896551724138,195
single_speaker,False,4.0,116,88,75.86206896551724,195
single_speaker,False,5.0,116,84,72.41379310344827,195
colocated,False,-4.0,116,66,56.896551724137936,196
colocated,False,-2.0,116,70,60.3448275862069,196
colocated,False,0.0,116,69,59.48275862068966,196
colocated,False,1.0,116,75,64.65517241379311,196
colocated,False,2.0,116,97,83.62068965517241,196
colocated,False,3.0,116,69,59.48275862068966,196
colocated,False,4.0,116,76,65.51724137931035,196
colocated,False,5.0,116,87,75.0,196
separated,False,-4.0,116,58,50.0,196
separated,False,-2.0,116,82,70.6896551724138,196
separated,False,0.0,116,75,64.65517241379311,196
separated,False,1.0,116,92,79.3103448275862,196
separated,False,2.0,116,76,65.51724137931035,196
separated,False,3.0,116,68,58.620689655172406,196
separated,False,4.0,116,83,71.55172413793103,196
separated,False,5.0,116,68,58.620689655172406,196
single_speaker,False,-4.0,116,86,74.13793103448276,196
single_speaker,False,-2.0,116,83,71.55172413793103,196
single_speaker,False,0.0,116,82,70.6896551724138,196
single_speaker,False,1.0,116,93,80.17241379310344,196
single_speaker,False,2.0,116,101,87.06896551724138,196
single_speaker,False,3.0,116,85,73.27586206896551,196
single_speaker,False,4.0,116,96,82.75862068965517,196
single_speaker,False,5.0,116,79,68.10344827586206,196
colocated,False,-4.0,116,58,50.0,197
colocated,False,-2.0,116,64,55.172413793103445,197
colocated,False,0.0,116,71,61.206896551724135,197
colocated,False,1.0,116,79,68.10344827586206,197
colocated,False,2.0,116,89,76.72413793103449,197
colocated,False,3.0,116,67,57.758620689655174,197
colocated,False,4.0,116,75,64.65517241379311,197
colocated,False,5.0,116,87,75.0,197
separated,False,-4.0,116,62,53.44827586206896,197
separated,False,-2.0,116,72,62.06896551724138,197
separated,False,0.0,116,77,66.37931034482759,197
separated,False,1.0,116,91,78.44827586206897,197
separated,False,2.0,116,73,62.93103448275862,197
separated,False,3.0,116,62,53.44827586206896,197
separated,False,4.0,116,82,70.6896551724138,197
separated,False,5.0,116,80,68.96551724137932,197
single_speaker,False,-4.0,116,91,78.44827586206897,197
single_speaker,False,-2.0,116,87,75.0,197
single_speaker,False,0.0,116,78,67.24137931034483,197
single_speaker,False,1.0,116,94,81.03448275862068,197
single_speaker,False,2.0,116,104,89.65517241379311,197
single_speaker,False,3.0,116,81,69.82758620689656,197
single_speaker,False,4.0,116,96,82.75862068965517,197
single_speaker,False,5.0,116,85,73.27586206896551,197
colocated,False,-4.0,116,70,60.3448275862069,198
colocated,False,-2.0,116,61,52.58620689655172,198
colocated,False,0.0,116,86,74.13793103448276,198
colocated,False,1.0,116,78,67.24137931034483,198
colocated,False,2.0,116,92,79.3103448275862,198
colocated,False,3.0,116,69,59.48275862068966,198
colocated,False,4.0,116,75,64.65517241379311,198
colocated,False,5.0,116,74,63.793103448275865,198
separated,False,-4.0,116,60,51.724137931034484,198
separated,False,-2.0,116,73,62.93103448275862,198
separated,False,0.0,116,70,60.3448275862069,198
separated,False,1.0,116,92,79.3103448275862,198
separated,False,2.0,116,80,68.96551724137932,198
separated,False,3.0,116,67,57.758620689655174,198
separated,False,4.0,116,81,69.82758620689656,198
separated,False,5.0,116,74,63.793103448275865,198
single_speaker,False,-4.0,116,92,79.3103448275862,198
single_speaker,False,-2.0,116,81,69.82758620689656,198
single_speaker,False,0.0,116,82,70.6896551724138,198
single_speaker,False,1.0,116,92,79.3103448275862,198
single_speaker,False,2.0,116,95,81.89655172413794,198
single_speaker,False,3.0,116,82,70.6896551724138,198
single_speaker,False,4.0,116,97,83.62068965517241,198
single_speaker,False,5.0,116,82,70.6896551724138,198
colocated,False,-4.0,116,65,56.03448275862068,199
colocated,False,-2.0,116,61,52.58620689655172,199
colocated,False,0.0,116,83,71.55172413793103,199
colocated,False,1.0,116,85,73.27586206896551,199
colocated,False,2.0,116,82,70.6896551724138,199
colocated,False,3.0,116,67,57.758620689655174,199
colocated,False,4.0,116,78,67.24137931034483,199
colocated,False,5.0,116,82,70.6896551724138,199
separated,False,-4.0,116,62,53.44827586206896,199
separated,False,-2.0,116,66,56.896551724137936,199
separated,False,0.0,116,74,63.793103448275865,199
separated,False,1.0,116,101,87.06896551724138,199
separated,False,2.0,116,74,63.793103448275865,199
separated,False,3.0,116,70,60.3448275862069,199
separated,False,4.0,116,80,68.96551724137932,199
separated,False,5.0,116,82,70.6896551724138,199
single_speaker,False,-4.0,116,87,75.0,199
single_speaker,False,-2.0,116,77,66.37931034482759,199
single_speaker,False,0.0,116,85,73.27586206896551,199
single_speaker,False,1.0,116,85,73.27586206896551,199
single_speaker,False,2.0,116,98,84.48275862068965,199
single_speaker,False,3.0,116,84,72.41379310344827,199
single_speaker,False,4.0,116,86,74.13793103448276,199
single_speaker,False,5.0,116,92,79.3103448275862,199
colocated,False,-4.0,116,68,58.620689655172406,200
colocated,False,-2.0,116,67,57.758620689655174,200
colocated,False,0.0,116,80,68.96551724137932,200
colocated,False,1.0,116,68,58.620689655172406,200
colocated,False,2.0,116,80,68.96551724137932,200
colocated,False,3.0,116,71,61.206896551724135,200
colocated,False,4.0,116,76,65.51724137931035,200
colocated,False,5.0,116,73,62.93103448275862,200
separated,False,-4.0,116,63,54.310344827586206,200
separated,False,-2.0,116,74,63.793103448275865,200
separated,False,0.0,116,76,65.51724137931035,200
separated,False,1.0,116,95,81.89655172413794,200
separated,False,2.0,116,81,69.82758620689656,200
separated,False,3.0,116,65,56.03448275862068,200
separated,False,4.0,116,82,70.6896551724138,200
separated,False,5.0,116,83,71.55172413793103,200
single_speaker,False,-4.0,116,88,75.86206896551724,200
single_speaker,False,-2.0,116,79,68.10344827586206,200
single_speaker,False,0.0,116,85,73.27586206896551,200
single_speaker,False,1.0,116,99,85.34482758620689,200
single_speaker,False,2.0,116,98,84.48275862068965,200
single_speaker,False,3.0,116,82,70.6896551724138,200
single_speaker,False,4.0,116,91,78.44827586206897,200
single_speaker,False,5.0,116,83,71.55172413793103,200
colocated,False,-4.0,116,58,50.0,201
colocated,False,-2.0,116,64,55.172413793103445,201
colocated,False,0.0,116,76,65.51724137931035,201
colocated,False,1.0,116,80,68.96551724137932,201
colocated,False,2.0,116,86,74.13793103448276,201
colocated,False,3.0,116,65,56.03448275862068,201
colocated,False,4.0,116,77,66.37931034482759,201
colocated,False,5.0,116,82,70.6896551724138,201
separated,False,-4.0,116,59,50.86206896551724,201
separated,False,-2.0,116,70,60.3448275862069,201
separated,False,0.0,116,78,67.24137931034483,201
separated,False,1.0,116,91,78.44827586206897,201
separated,False,2.0,116,85,73.27586206896551,201
separated,False,3.0,116,60,51.724137931034484,201
separated,False,4.0,116,85,73.27586206896551,201
separated,False,5.0,116,76,65.51724137931035,201
single_speaker,False,-4.0,116,89,76.72413793103449,201
single_speaker,False,-2.0,116,78,67.24137931034483,201
single_speaker,False,0.0,116,80,68.96551724137932,201
single_speaker,False,1.0,116,98,84.48275862068965,201
single_speaker,False,2.0,116,105,90.51724137931035,201
single_speaker,False,3.0,116,82,70.6896551724138,201
single_speaker,False,4.0,116,99,85.34482758620689,201
single_speaker,False,5.0,116,81,69.82758620689656,201
colocated,False,-4.0,116,71,61.206896551724135,202
colocated,False,-2.0,116,71,61.206896551724135,202
colocated,False,0.0,116,70,60.3448275862069,202
colocated,False,1.0,116,75,64.65517241379311,202
colocated,False,2.0,116,83,71.55172413793103,202
colocated,False,3.0,116,69,59.48275862068966,202
colocated,False,4.0,116,83,71.55172413793103,202
colocated,False,5.0,116,79,68.10344827586206,202
separated,False,-4.0,116,64,55.172413793103445,202
separated,False,-2.0,116,76,65.51724137931035,202
separated,False,0.0,116,76,65.51724137931035,202
separated,False,1.0,116,90,77.58620689655173,202
separated,False,2.0,116,76,65.51724137931035,202
separated,False,3.0,116,74,63.793103448275865,202
separated,False,4.0,116,88,75.86206896551724,202
separated,False,5.0,116,77,66.37931034482759,202
single_speaker,False,-4.0,116,80,68.96551724137932,202
single_speaker,False,-2.0,116,80,68.96551724137932,202
single_speaker,False,0.0,116,81,69.82758620689656,202
single_speaker,False,1.0,116,90,77.58620689655173,202
single_speaker,False,2.0,116,101,87.06896551724138,202
single_speaker,False,3.0,116,82,70.6896551724138,202
single_speaker,False,4.0,116,92,79.3103448275862,202
single_speaker,False,5.0,116,77,66.37931034482759,202
colocated,False,-4.0,116,62,53.44827586206896,203
colocated,False,-2.0,116,64,55.172413793103445,203
colocated,False,0.0,116,64,55.172413793103445,203
colocated,False,1.0,116,74,63.793103448275865,203
colocated,False,2.0,116,85,73.27586206896551,203
colocated,False,3.0,116,69,59.48275862068966,203
colocated,False,4.0,116,78,67.24137931034483,203
colocated,False,5.0,116,82,70.6896551724138,203
separated,False,-4.0,116,55,47.41379310344828,203
separated,False,-2.0,116,78,67.24137931034483,203
separated,False,0.0,116,77,66.37931034482759,203
separated,False,1.0,116,96,82.75862068965517,203
separated,False,2.0,116,82,70.6896551724138,203
separated,False,3.0,116,64,55.172413793103445,203
separated,False,4.0,116,78,67.24137931034483,203
separated,False,5.0,116,78,67.24137931034483,203
single_speaker,False,-4.0,116,91,78.44827586206897,203
single_speaker,False,-2.0,116,76,65.51724137931035,203
single_speaker,False,0.0,116,82,70.6896551724138,203
single_speaker,False,1.0,116,94,81.03448275862068,203
single_speaker,False,2.0,116,100,86.20689655172413,203
single_speaker,False,3.0,116,83,71.55172413793103,203
single_speaker,False,4.0,116,97,83.62068965517241,203
single_speaker,False,5.0,116,88,75.86206896551724,203
colocated,False,-4.0,116,63,54.310344827586206,204
colocated,False,-2.0,116,60,51.724137931034484,204
colocated,False,0.0,116,60,51.724137931034484,204
colocated,False,1.0,116,83,71.55172413793103,204
colocated,False,2.0,116,87,75.0,204
colocated,False,3.0,116,60,51.724137931034484,204
colocated,False,4.0,116,82,70.6896551724138,204
colocated,False,5.0,116,79,68.10344827586206,204
separated,False,-4.0,116,67,57.758620689655174,204
separated,False,-2.0,116,72,62.06896551724138,204
separated,False,0.0,116,77,66.37931034482759,204
separated,False,1.0,116,92,79.3103448275862,204
separated,False,2.0,116,78,67.24137931034483,204
separated,False,3.0,116,68,58.620689655172406,204
separated,False,4.0,116,78,67.24137931034483,204
separated,False,5.0,116,81,69.82758620689656,204
single_speaker,False,-4.0,116,83,71.55172413793103,204
single_speaker,False,-2.0,116,78,67.24137931034483,204
single_speaker,False,0.0,116,85,73.27586206896551,204
single_speaker,False,1.0,116,87,75.0,204
single_speaker,False,2.0,116,96,82.75862068965517,204
single_speaker,False,3.0,116,81,69.82758620689656,204
single_speaker,False,4.0,116,84,72.41379310344827,204
single_speaker,False,5.0,116,86,74.13793103448276,204
colocated,False,-4.0,116,70,60.3448275862069,205
colocated,False,-2.0,116,56,48.275862068965516,205
colocated,False,0.0,116,58,50.0,205
colocated,False,1.0,116,80,68.96551724137932,205
colocated,False,2.0,116,82,70.6896551724138,205
colocated,False,3.0,116,62,53.44827586206896,205
colocated,False,4.0,116,74,63.793103448275865,205
colocated,False,5.0,116,80,68.96551724137932,205
separated,False,-4.0,116,62,53.44827586206896,205
separated,False,-2.0,116,82,70.6896551724138,205
separated,False,0.0,116,72,62.06896551724138,205
separated,False,1.0,116,93,80.17241379310344,205
separated,False,2.0,116,68,58.620689655172406,205
separated,False,3.0,116,69,59.48275862068966,205
separated,False,4.0,116,86,74.13793103448276,205
separated,False,5.0,116,74,63.793103448275865,205
single_speaker,False,-4.0,116,94,81.03448275862068,205
single_speaker,False,-2.0,116,77,66.37931034482759,205
single_speaker,False,0.0,116,90,77.58620689655173,205
single_speaker,False,1.0,116,92,79.3103448275862,205
single_speaker,False,2.0,116,101,87.06896551724138,205
single_speaker,False,3.0,116,78,67.24137931034483,205
single_speaker,False,4.0,116,94,81.03448275862068,205
single_speaker,False,5.0,116,84,72.41379310344827,205
colocated,False,-4.0,116,72,62.06896551724138,206
colocated,False,-2.0,116,59,50.86206896551724,206
colocated,False,0.0,116,76,65.51724137931035,206
colocated,False,1.0,116,79,68.10344827586206,206
colocated,False,2.0,116,85,73.27586206896551,206
colocated,False,3.0,116,60,51.724137931034484,206
colocated,False,4.0,116,68,58.620689655172406,206
colocated,False,5.0,116,86,74.13793103448276,206
separated,False,-4.0,116,65,56.03448275862068,206
separated,False,-2.0,116,75,64.65517241379311,206
separated,False,0.0,116,82,70.6896551724138,206
separated,False,1.0,116,90,77.58620689655173,206
separated,False,2.0,116,75,64.65517241379311,206
separated,False,3.0,116,79,68.10344827586206,206
separated,False,4.0,116,80,68.96551724137932,206
separated,False,5.0,116,87,75.0,206
single_speaker,False,-4.0,116,88,75.86206896551724,206
single_speaker,False,-2.0,116,78,67.24137931034483,206
single_speaker,False,0.0,116,83,71.55172413793103,206
single_speaker,False,1.0,116,97,83.62068965517241,206
single_speaker,False,2.0,116,95,81.89655172413794,206
single_speaker,False,3.0,116,91,78.44827586206897,206
single_speaker,False,4.0,116,89,76.72413793103449,206
single_speaker,False,5.0,116,85,73.27586206896551,206
colocated,False,-4.0,116,61,52.58620689655172,207
colocated,False,-2.0,116,80,68.96551724137932,207
colocated,False,0.0,116,74,63.793103448275865,207
colocated,False,1.0,116,75,64.65517241379311,207
colocated,False,2.0,116,86,74.13793103448276,207
colocated,False,3.0,116,63,54.310344827586206,207
colocated,False,4.0,116,81,69.82758620689656,207
colocated,False,5.0,116,87,75.0,207
separated,False,-4.0,116,64,55.172413793103445,207
separated,False,-2.0,116,67,57.758620689655174,207
separated,False,0.0,116,72,62.06896551724138,207
separated,False,1.0,116,93,80.17241379310344,207
separated,False,2.0,116,80,68.96551724137932,207
separated,False,3.0,116,63,54.310344827586206,207
separated,False,4.0,116,81,69.82758620689656,207
separated,False,5.0,116,74,63.793103448275865,207
single_speaker,False,-4.0,116,96,82.75862068965517,207
single_speaker,False,-2.0,116,80,68.96551724137932,207
single_speaker,False,0.0,116,77,66.37931034482759,207
single_speaker,False,1.0,116,84,72.41379310344827,207
single_speaker,False,2.0,116,102,87.93103448275862,207
single_speaker,False,3.0,116,85,73.27586206896551,207
single_speaker,False,4.0,116,93,80.17241379310344,207
single_speaker,False,5.0,116,89,76.72413793103449,207
colocated,False,-4.0,116,69,59.48275862068966,208
colocated,False,-2.0,116,56,48.275862068965516,208
colocated,False,0.0,116,70,60.3448275862069,208
colocated,False,1.0,116,75,64.65517241379311,208
colocated,False,2.0,116,81,69.82758620689656,208
colocated,False,3.0,116,67,57.758620689655174,208
colocated,False,4.0,116,73,62.93103448275862,208
colocated,False,5.0,116,85,73.27586206896551,208
separated,False,-4.0,116,53,45.689655172413794,208
separated,False,-2.0,116,85,73.27586206896551,208
separated,False,0.0,116,76,65.51724137931035,208
separated,False,1.0,116,91,78.44827586206897,208
separated,False,2.0,116,75,64.65517241379311,208
separated,False,3.0,116,70,60.3448275862069,208
separated,False,4.0,116,84,72.41379310344827,208
separated,False,5.0,116,87,75.0,208
single_speaker,False,-4.0,116,82,70.6896551724138,208
single_speaker,False,-2.0,116,79,68.10344827586206,208
single_speaker,False,0.0,116,85,73.27586206896551,208
single_speaker,False,1.0,116,92,79.3103448275862,208
single_speaker,False,2.0,116,99,85.34482758620689,208
single_speaker,False,3.0,116,87,75.0,208
single_speaker,False,4.0,116,97,83.62068965517241,208
single_speaker,False,5.0,116,76,65.51724137931035,208
colocated,False,-4.0,116,61,52.58620689655172,209
colocated,False,-2.0,116,72,62.06896551724138,209
colocated,False,0.0,116,69,59.48275862068966,209
colocated,False,1.0,116,79,68.10344827586206,209
colocated,False,2.0,116,84,72.41379310344827,209
colocated,False,3.0,116,52,44.827586206896555,209
colocated,False,4.0,116,82,70.6896551724138,209
colocated,False,5.0,116,76,65.51724137931035,209
separated,False,-4.0,116,63,54.310344827586206,209
separated,False,-2.0,116,72,62.06896551724138,209
separated,False,0.0,116,78,67.24137931034483,209
separated,False,1.0,116,90,77.58620689655173,209
separated,False,2.0,116,78,67.24137931034483,209
separated,False,3.0,116,64,55.172413793103445,209
separated,False,4.0,116,88,75.86206896551724,209
separated,False,5.0,116,75,64.65517241379311,209
single_speaker,False,-4.0,116,88,75.86206896551724,209
single_speaker,False,-2.0,116,65,56.03448275862068,209
single_speaker,False,0.0,116,78,67.24137931034483,209
single_speaker,False,1.0,116,93,80.17241379310344,209
single_speaker,False,2.0,116,102,87.93103448275862,209
single_speaker,False,3.0,116,86,74.13793103448276,209
single_speaker,False,4.0,116,93,80.17241379310344,209
single_speaker,False,5.0,116,78,67.24137931034483,209
colocated,False,-4.0,116,61,52.58620689655172,210
colocated,False,-2.0,116,67,57.758620689655174,210
colocated,False,0.0,116,75,64.65517241379311,210
colocated,False,1.0,116,80,68.96551724137932,210
colocated,False,2.0,116,90,77.58620689655173,210
colocated,False,3.0,116,72,62.06896551724138,210
colocated,False,4.0,116,78,67.24137931034483,210
colocated,False,5.0,116,82,70.6896551724138,210
separated,False,-4.0,116,63,54.310344827586206,210
separated,False,-2.0,116,73,62.93103448275862,210
separated,False,0.0,116,75,64.65517241379311,210
separated,False,1.0,116,93,80.17241379310344,210
separated,False,2.0,116,76,65.51724137931035,210
separated,False,3.0,116,81,69.82758620689656,210
separated,False,4.0,116,87,75.0,210
separated,False,5.0,116,72,62.06896551724138,210
single_speaker,False,-4.0,116,90,77.58620689655173,210
single_speaker,False,-2.0,116,82,70.6896551724138,210
single_speaker,False,0.0,116,83,71.55172413793103,210
single_speaker,False,1.0,116,98,84.48275862068965,210
single_speaker,False,2.0,116,101,87.06896551724138,210
single_speaker,False,3.0,116,83,71.55172413793103,210
single_speaker,False,4.0,116,88,75.86206896551724,210
single_speaker,False,5.0,116,81,69.82758620689656,210
colocated,False,-4.0,116,67,57.758620689655174,211
colocated,False,-2.0,116,68,58.620689655172406,211
colocated,False,0.0,116,76,65.51724137931035,211
colocated,False,1.0,116,84,72.41379310344827,211
colocated,False,2.0,116,90,77.58620689655173,211
colocated,False,3.0,116,73,62.93103448275862,211
colocated,False,4.0,116,72,62.06896551724138,211
colocated,False,5.0,116,79,68.10344827586206,211
separated,False,-4.0,116,68,58.620689655172406,211
separated,False,-2.0,116,69,59.48275862068966,211
separated,False,0.0,116,74,63.793103448275865,211
separated,False,1.0,116,91,78.44827586206897,211
separated,False,2.0,116,77,66.37931034482759,211
separated,False,3.0,116,76,65.51724137931035,211
separated,False,4.0,116,86,74.13793103448276,211
separated,False,5.0,116,74,63.793103448275865,211
single_speaker,False,-4.0,116,88,75.86206896551724,211
single_speaker,False,-2.0,116,78,67.24137931034483,211
single_speaker,False,0.0,116,84,72.41379310344827,211
single_speaker,False,1.0,116,80,68.96551724137932,211
single_speaker,False,2.0,116,102,87.93103448275862,211
single_speaker,False,3.0,116,80,68.96551724137932,211
single_speaker,False,4.0,116,92,79.3103448275862,211
single_speaker,False,5.0,116,81,69.82758620689656,211
colocated,False,-4.0,116,59,50.86206896551724,212
colocated,False,-2.0,116,66,56.896551724137936,212
colocated,False,0.0,116,70,60.3448275862069,212
colocated,False,1.0,116,78,67.24137931034483,212
colocated,False,2.0,116,85,73.27586206896551,212
colocated,False,3.0,116,63,54.310344827586206,212
colocated,False,4.0,116,82,70.6896551724138,212
colocated,False,5.0,116,75,64.65517241379311,212
separated,False,-4.0,116,62,53.44827586206896,212
separated,False,-2.0,116,65,56.03448275862068,212
separated,False,0.0,116,75,64.65517241379311,212
separated,False,1.0,116,93,80.17241379310344,212
separated,False,2.0,116,77,66.37931034482759,212
separated,False,3.0,116,62,53.44827586206896,212
separated,False,4.0,116,88,75.86206896551724,212
separated,False,5.0,116,82,70.6896551724138,212
single_speaker,False,-4.0,116,89,76.72413793103449,212
single_speaker,False,-2.0,116,84,72.41379310344827,212
single_speaker,False,0.0,116,85,73.27586206896551,212
single_speaker,False,1.0,116,94,81.03448275862068,212
single_speaker,False,2.0,116,101,87.06896551724138,212
single_speaker,False,3.0,116,81,69.82758620689656,212
single_speaker,False,4.0,116,97,83.62068965517241,212
single_speaker,False,5.0,116,95,81.89655172413794,212
colocated,False,-4.0,116,71,61.206896551724135,213
colocated,False,-2.0,116,65,56.03448275862068,213
colocated,False,0.0,116,77,66.37931034482759,213
colocated,False,1.0,116,87,75.0,213
colocated,False,2.0,116,85,73.27586206896551,213
colocated,False,3.0,116,73,62.93103448275862,213
colocated,False,4.0,116,75,64.65517241379311,213
colocated,False,5.0,116,77,66.37931034482759,213
separated,False,-4.0,116,60,51.724137931034484,213
separated,False,-2.0,116,75,64.65517241379311,213
separated,False,0.0,116,79,68.10344827586206,213
separated,False,1.0,116,101,87.06896551724138,213
separated,False,2.0,116,78,67.24137931034483,213
separated,False,3.0,116,67,57.758620689655174,213
separated,False,4.0,116,89,76.72413793103449,213
separated,False,5.0,116,82,70.6896551724138,213
single_speaker,False,-4.0,116,90,77.58620689655173,213
single_speaker,False,-2.0,116,91,78.44827586206897,213
single_speaker,False,0.0,116,89,76.72413793103449,213
single_speaker,False,1.0,116,95,81.89655172413794,213
single_speaker,False,2.0,116,101,87.06896551724138,213
single_speaker,False,3.0,116,79,68.10344827586206,213
single_speaker,False,4.0,116,93,80.17241379310344,213
single_speaker,False,5.0,116,86,74.13793103448276,213
colocated,False,-4.0,116,63,54.310344827586206,214
colocated,False,-2.0,116,65,56.03448275862068,214
colocated,False,0.0,116,77,66.37931034482759,214
colocated,False,1.0,116,77,66.37931034482759,214
colocated,False,2.0,116,95,81.89655172413794,214
colocated,False,3.0,116,63,54.310344827586206,214
colocated,False,4.0,116,79,68.10344827586206,214
colocated,False,5.0,116,78,67.24137931034483,214
separated,False,-4.0,116,63,54.310344827586206,214
separated,False,-2.0,116,64,55.172413793103445,214
separated,False,0.0,116,67,57.758620689655174,214
separated,False,1.0,116,95,81.89655172413794,214
separated,False,2.0,116,71,61.206896551724135,214
separated,False,3.0,116,64,55.172413793103445,214
separated,False,4.0,116,80,68.96551724137932,214
separated,False,5.0,116,77,66.37931034482759,214
single_speaker,False,-4.0,116,82,70.6896551724138,214
single_speaker,False,-2.0,116,79,68.10344827586206,214
single_speaker,False,0.0,116,87,75.0,214
single_speaker,False,1.0,116,91,78.44827586206897,214
single_speaker,False,2.0,116,106,91.37931034482759,214
single_speaker,False,3.0,116,91,78.44827586206897,214
single_speaker,False,4.0,116,96,82.75862068965517,214
single_speaker,False,5.0,116,77,66.37931034482759,214
colocated,False,-4.0,116,69,59.48275862068966,215
colocated,False,-2.0,116,63,54.310344827586206,215
colocated,False,0.0,116,77,66.37931034482759,215
colocated,False,1.0,116,73,62.93103448275862,215
colocated,False,2.0,116,90,77.58620689655173,215
colocated,False,3.0,116,66,56.896551724137936,215
colocated,False,4.0,116,80,68.96551724137932,215
colocated,False,5.0,116,85,73.27586206896551,215
separated,False,-4.0,116,73,62.93103448275862,215
separated,False,-2.0,116,69,59.48275862068966,215
separated,False,0.0,116,74,63.793103448275865,215
separated,False,1.0,116,89,76.72413793103449,215
separated,False,2.0,116,80,68.96551724137932,215
separated,False,3.0,116,69,59.48275862068966,215
separated,False,4.0,116,82,70.6896551724138,215
separated,False,5.0,116,86,74.13793103448276,215
single_speaker,False,-4.0,116,91,78.44827586206897,215
single_speaker,False,-2.0,116,80,68.96551724137932,215
single_speaker,False,0.0,116,84,72.41379310344827,215
single_speaker,False,1.0,116,98,84.48275862068965,215
single_speaker,False,2.0,116,102,87.93103448275862,215
single_speaker,False,3.0,116,84,72.41379310344827,215
single_speaker,False,4.0,116,94,81.03448275862068,215
single_speaker,False,5.0,116,82,70.6896551724138,215
colocated,False,-4.0,116,66,56.896551724137936,216
colocated,False,-2.0,116,62,53.44827586206896,216
colocated,False,0.0,116,75,64.65517241379311,216
colocated,False,1.0,116,74,63.793103448275865,216
colocated,False,2.0,116,82,70.6896551724138,216
colocated,False,3.0,116,66,56.896551724137936,216
colocated,False,4.0,116,80,68.96551724137932,216
colocated,False,5.0,116,75,64.65517241379311,216
separated,False,-4.0,116,60,51.724137931034484,216
separated,False,-2.0,116,73,62.93103448275862,216
separated,False,0.0,116,76,65.51724137931035,216
separated,False,1.0,116,102,87.93103448275862,216
separated,False,2.0,116,70,60.3448275862069,216
separated,False,3.0,116,65,56.03448275862068,216
separated,False,4.0,116,85,73.27586206896551,216
separated,False,5.0,116,63,54.310344827586206,216
single_speaker,False,-4.0,116,92,79.3103448275862,216
single_speaker,False,-2.0,116,77,66.37931034482759,216
single_speaker,False,0.0,116,75,64.65517241379311,216
single_speaker,False,1.0,116,96,82.75862068965517,216
single_speaker,False,2.0,116,99,85.34482758620689,216
single_speaker,False,3.0,116,79,68.10344827586206,216
single_speaker,False,4.0,116,98,84.48275862068965,216
single_speaker,False,5.0,116,90,77.58620689655173,216
colocated,False,-4.0,116,64,55.172413793103445,217
colocated,False,-2.0,116,63,54.310344827586206,217
colocated,False,0.0,116,73,62.93103448275862,217
colocated,False,1.0,116,77,66.37931034482759,217
colocated,False,2.0,116,92,79.3103448275862,217
colocated,False,3.0,116,62,53.44827586206896,217
colocated,False,4.0,116,76,65.51724137931035,217
colocated,False,5.0,116,89,76.72413793103449,217
separated,False,-4.0,116,68,58.620689655172406,217
separated,False,-2.0,116,71,61.206896551724135,217
separated,False,0.0,116,70,60.3448275862069,217
separated,False,1.0,116,97,83.62068965517241,217
separated,False,2.0,116,85,73.27586206896551,217
separated,False,3.0,116,67,57.758620689655174,217
separated,False,4.0,116,90,77.58620689655173,217
separated,False,5.0,116,78,67.24137931034483,217
single_speaker,False,-4.0,116,90,77.58620689655173,217
single_speaker,False,-2.0,116,88,75.86206896551724,217
single_speaker,False,0.0,116,84,72.41379310344827,217
single_speaker,False,1.0,116,98,84.48275862068965,217
single_speaker,False,2.0,116,101,87.06896551724138,217
single_speaker,False,3.0,116,90,77.58620689655173,217
single_speaker,False,4.0,116,97,83.62068965517241,217
single_speaker,False,5.0,116,89,76.72413793103449,217
colocated,False,-4.0,116,62,53.44827586206896,218
colocated,False,-2.0,116,63,54.310344827586206,218
colocated,False,0.0,116,76,65.51724137931035,218
colocated,False,1.0,116,76,65.51724137931035,218
colocated,False,2.0,116,83,71.55172413793103,218
colocated,False,3.0,116,68,58.620689655172406,218
colocated,False,4.0,116,76,65.51724137931035,218
colocated,False,5.0,116,84,72.41379310344827,218
separated,False,-4.0,116,61,52.58620689655172,218
separated,False,-2.0,116,75,64.65517241379311,218
separated,False,0.0,116,62,53.44827586206896,218
separated,False,1.0,116,99,85.34482758620689,218
separated,False,2.0,116,71,61.206896551724135,218
separated,False,3.0,116,73,62.93103448275862,218
separated,False,4.0,116,75,64.65517241379311,218
separated,False,5.0,116,79,68.10344827586206,218
single_speaker,False,-4.0,116,95,81.89655172413794,218
single_speaker,False,-2.0,116,89,76.72413793103449,218
single_speaker,False,0.0,116,81,69.82758620689656,218
single_speaker,False,1.0,116,87,75.0,218
single_speaker,False,2.0,116,97,83.62068965517241,218
single_speaker,False,3.0,116,79,68.10344827586206,218
single_speaker,False,4.0,116,100,86.20689655172413,218
single_speaker,False,5.0,116,86,74.13793103448276,218
colocated,False,-4.0,116,63,54.310344827586206,219
colocated,False,-2.0,116,67,57.758620689655174,219
colocated,False,0.0,116,75,64.65517241379311,219
colocated,False,1.0,116,78,67.24137931034483,219
colocated,False,2.0,116,85,73.27586206896551,219
colocated,False,3.0,116,67,57.758620689655174,219
colocated,False,4.0,116,82,70.6896551724138,219
colocated,False,5.0,116,73,62.93103448275862,219
separated,False,-4.0,116,63,54.310344827586206,219
separated,False,-2.0,116,66,56.896551724137936,219
separated,False,0.0,116,67,57.758620689655174,219
separated,False,1.0,116,88,75.86206896551724,219
separated,False,2.0,116,78,67.24137931034483,219
separated,False,3.0,116,74,63.793103448275865,219
separated,False,4.0,116,84,72.41379310344827,219
separated,False,5.0,116,82,70.6896551724138,219
single_speaker,False,-4.0,116,88,75.86206896551724,219
single_speaker,False,-2.0,116,81,69.82758620689656,219
single_speaker,False,0.0,116,87,75.0,219
single_speaker,False,1.0,116,96,82.75862068965517,219
single_speaker,False,2.0,116,104,89.65517241379311,219
single_speaker,False,3.0,116,86,74.13793103448276,219
single_speaker,False,4.0,116,87,75.0,219
single_speaker,False,5.0,116,79,68.10344827586206,219
colocated,False,-4.0,116,65,56.03448275862068,220
colocated,False,-2.0,116,67,57.758620689655174,220
colocated,False,0.0,116,73,62.93103448275862,220
colocated,False,1.0,116,87,75.0,220
colocated,False,2.0,116,89,76.72413793103449,220
colocated,False,3.0,116,60,51.724137931034484,220
colocated,False,4.0,116,85,73.27586206896551,220
colocated,False,5.0,116,82,70.6896551724138,220
separated,False,-4.0,116,63,54.310344827586206,220
separated,False,-2.0,116,72,62.06896551724138,220
separated,False,0.0,116,76,65.51724137931035,220
separated,False,1.0,116,93,80.17241379310344,220
separated,False,2.0,116,73,62.93103448275862,220
separated,False,3.0,116,66,56.896551724137936,220
separated,False,4.0,116,79,68.10344827586206,220
separated,False,5.0,116,74,63.793103448275865,220
single_speaker,False,-4.0,116,85,73.27586206896551,220
single_speaker,False,-2.0,116,82,70.6896551724138,220
single_speaker,False,0.0,116,86,74.13793103448276,220
single_speaker,False,1.0,116,100,86.20689655172413,220
single_speaker,False,2.0,116,107,92.24137931034483,220
single_speaker,False,3.0,116,89,76.72413793103449,220
single_speaker,False,4.0,116,90,77.58620689655173,220
single_speaker,False,5.0,116,92,79.3103448275862,220
colocated,False,-4.0,116,60,51.724137931034484,221
colocated,False,-2.0,116,71,61.206896551724135,221
colocated,False,0.0,116,73,62.93103448275862,221
colocated,False,1.0,116,83,71.55172413793103,221
colocated,False,2.0,116,82,70.6896551724138,221
colocated,False,3.0,116,61,52.58620689655172,221
colocated,False,4.0,116,75,64.65517241379311,221
colocated,False,5.0,116,70,60.3448275862069,221
separated,False,-4.0,116,53,45.689655172413794,221
separated,False,-2.0,116,69,59.48275862068966,221
separated,False,0.0,116,81,69.82758620689656,221
separated,False,1.0,116,95,81.89655172413794,221
separated,False,2.0,116,75,64.65517241379311,221
separated,False,3.0,116,76,65.51724137931035,221
separated,False,4.0,116,82,70.6896551724138,221
separated,False,5.0,116,82,70.6896551724138,221
single_speaker,False,-4.0,116,87,75.0,221
single_speaker,False,-2.0,116,76,65.51724137931035,221
single_speaker,False,0.0,116,79,68.10344827586206,221
single_speaker,False,1.0,116,89,76.72413793103449,221
single_speaker,False,2.0,116,99,85.34482758620689,221
single_speaker,False,3.0,116,84,72.41379310344827,221
single_speaker,False,4.0,116,92,79.3103448275862,221
single_speaker,False,5.0,116,77,66.37931034482759,221
colocated,False,-4.0,116,75,64.65517241379311,222
colocated,False,-2.0,116,66,56.896551724137936,222
colocated,False,0.0,116,72,62.06896551724138,222
colocated,False,1.0,116,84,72.41379310344827,222
colocated,False,2.0,116,85,73.27586206896551,222
colocated,False,3.0,116,68,58.620689655172406,222
colocated,False,4.0,116,76,65.51724137931035,222
colocated,False,5.0,116,77,66.37931034482759,222
separated,False,-4.0,116,56,48.275862068965516,222
separated,False,-2.0,116,72,62.06896551724138,222
separated,False,0.0,116,72,62.06896551724138,222
separated,False,1.0,116,92,79.3103448275862,222
separated,False,2.0,116,77,66.37931034482759,222
separated,False,3.0,116,71,61.206896551724135,222
separated,False,4.0,116,87,75.0,222
separated,False,5.0,116,81,69.82758620689656,222
single_speaker,False,-4.0,116,85,73.27586206896551,222
single_speaker,False,-2.0,116,85,73.27586206896551,222
single_speaker,False,0.0,116,86,74.13793103448276,222
single_speaker,False,1.0,116,90,77.58620689655173,222
single_speaker,False,2.0,116,101,87.06896551724138,222
single_speaker,False,3.0,116,76,65.51724137931035,222
single_speaker,False,4.0,116,95,81.89655172413794,222
single_speaker,False,5.0,116,87,75.0,222
colocated,False,-4.0,116,68,58.620689655172406,223
colocated,False,-2.0,116,65,56.03448275862068,223
colocated,False,0.0,116,79,68.10344827586206,223
colocated,False,1.0,116,87,75.0,223
colocated,False,2.0,116,84,72.41379310344827,223
colocated,False,3.0,116,65,56.03448275862068,223
colocated,False,4.0,116,76,65.51724137931035,223
colocated,False,5.0,116,89,76.72413793103449,223
separated,False,-4.0,116,56,48.275862068965516,223
separated,False,-2.0,116,78,67.24137931034483,223
separated,False,0.0,116,81,69.82758620689656,223
separated,False,1.0,116,96,82.75862068965517,223
separated,False,2.0,116,83,71.55172413793103,223
separated,False,3.0,116,74,63.793103448275865,223
separated,False,4.0,116,86,74.13793103448276,223
separated,False,5.0,116,73,62.93103448275862,223
single_speaker,False,-4.0,116,86,74.13793103448276,223
single_speaker,False,-2.0,116,85,73.27586206896551,223
single_speaker,False,0.0,116,74,63.793103448275865,223
single_speaker,False,1.0,116,95,81.89655172413794,223
single_speaker,False,2.0,116,96,82.75862068965517,223
single_speaker,False,3.0,116,82,70.6896551724138,223
single_speaker,False,4.0,116,97,83.62068965517241,223
single_speaker,False,5.0,116,85,73.27586206896551,223
colocated,False,-4.0,116,71,61.206896551724135,224
colocated,False,-2.0,116,74,63.793103448275865,224
colocated,False,0.0,116,74,63.793103448275865,224
colocated,False,1.0,116,82,70.6896551724138,224
colocated,False,2.0,116,86,74.13793103448276,224
colocated,False,3.0,116,64,55.172413793103445,224
colocated,False,4.0,116,77,66.37931034482759,224
colocated,False,5.0,116,67,57.758620689655174,224
separated,False,-4.0,116,74,63.793103448275865,224
separated,False,-2.0,116,74,63.793103448275865,224
separated,False,0.0,116,76,65.51724137931035,224
separated,False,1.0,116,91,78.44827586206897,224
separated,False,2.0,116,91,78.44827586206897,224
separated,False,3.0,116,73,62.93103448275862,224
separated,False,4.0,116,82,70.6896551724138,224
separated,False,5.0,116,90,77.58620689655173,224
single_speaker,False,-4.0,116,90,77.58620689655173,224
single_speaker,False,-2.0,116,86,74.13793103448276,224
single_speaker,False,0.0,116,87,75.0,224
single_speaker,False,1.0,116,98,84.48275862068965,224
single_speaker,False,2.0,116,104,89.65517241379311,224
single_speaker,False,3.0,116,74,63.793103448275865,224
single_speaker,False,4.0,116,98,84.48275862068965,224
single_speaker,False,5.0,116,92,79.3103448275862,224
colocated,False,-4.0,116,56,48.275862068965516,225
colocated,False,-2.0,116,71,61.206896551724135,225
colocated,False,0.0,116,75,64.65517241379311,225
colocated,False,1.0,116,84,72.41379310344827,225
colocated,False,2.0,116,88,75.86206896551724,225
colocated,False,3.0,116,66,56.896551724137936,225
colocated,False,4.0,116,82,70.6896551724138,225
colocated,False,5.0,116,77,66.37931034482759,225
separated,False,-4.0,116,70,60.3448275862069,225
separated,False,-2.0,116,73,62.93103448275862,225
separated,False,0.0,116,72,62.06896551724138,225
separated,False,1.0,116,95,81.89655172413794,225
separated,False,2.0,116,69,59.48275862068966,225
separated,False,3.0,116,65,56.03448275862068,225
separated,False,4.0,116,85,73.27586206896551,225
separated,False,5.0,116,77,66.37931034482759,225
single_speaker,False,-4.0,116,78,67.24137931034483,225
single_speaker,False,-2.0,116,87,75.0,225
single_speaker,False,0.0,116,89,76.72413793103449,225
single_speaker,False,1.0,116,92,79.3103448275862,225
single_speaker,False,2.0,116,99,85.34482758620689,225
single_speaker,False,3.0,116,84,72.41379310344827,225
single_speaker,False,4.0,116,88,75.86206896551724,225
single_speaker,False,5.0,116,90,77.58620689655173,225
colocated,False,-4.0,116,73,62.93103448275862,226
colocated,False,-2.0,116,70,60.3448275862069,226
colocated,False,0.0,116,70,60.3448275862069,226
colocated,False,1.0,116,79,68.10344827586206,226
colocated,False,2.0,116,87,75.0,226
colocated,False,3.0,116,66,56.896551724137936,226
colocated,False,4.0,116,75,64.65517241379311,226
colocated,False,5.0,116,83,71.55172413793103,226
separated,False,-4.0,116,69,59.48275862068966,226
separated,False,-2.0,116,74,63.793103448275865,226
separated,False,0.0,116,73,62.93103448275862,226
separated,False,1.0,116,91,78.44827586206897,226
separated,False,2.0,116,80,68.96551724137932,226
separated,False,3.0,116,65,56.03448275862068,226
separated,False,4.0,116,83,71.55172413793103,226
separated,False,5.0,116,70,60.3448275862069,226
single_speaker,False,-4.0,116,86,74.13793103448276,226
single_speaker,False,-2.0,116,80,68.96551724137932,226
single_speaker,False,0.0,116,80,68.96551724137932,226
single_speaker,False,1.0,116,95,81.89655172413794,226
single_speaker,False,2.0,116,99,85.34482758620689,226
single_speaker,False,3.0,116,84,72.41379310344827,226
single_speaker,False,4.0,116,95,81.89655172413794,226
single_speaker,False,5.0,116,81,69.82758620689656,226
colocated,False,-4.0,116,71,61.206896551724135,227
colocated,False,-2.0,116,62,53.44827586206896,227
colocated,False,0.0,116,76,65.51724137931035,227
colocated,False,1.0,116,80,68.96551724137932,227
colocated,False,2.0,116,88,75.86206896551724,227
colocated,False,3.0,116,73,62.93103448275862,227
colocated,False,4.0,116,79,68.10344827586206,227
colocated,False,5.0,116,78,67.24137931034483,227
separated,False,-4.0,116,67,57.758620689655174,227
separated,False,-2.0,116,83,71.55172413793103,227
separated,False,0.0,116,77,66.37931034482759,227
separated,False,1.0,116,98,84.48275862068965,227
separated,False,2.0,116,76,65.51724137931035,227
separated,False,3.0,116,75,64.65517241379311,227
separated,False,4.0,116,85,73.27586206896551,227
separated,False,5.0,116,79,68.10344827586206,227
single_speaker,False,-4.0,116,84,72.41379310344827,227
single_speaker,False,-2.0,116,79,68.10344827586206,227
single_speaker,False,0.0,116,84,72.41379310344827,227
single_speaker,False,1.0,116,100,86.20689655172413,227
single_speaker,False,2.0,116,106,91.37931034482759,227
single_speaker,False,3.0,116,84,72.41379310344827,227
single_speaker,False,4.0,116,91,78.44827586206897,227
single_speaker,False,5.0,116,80,68.96551724137932,227
colocated,False,-4.0,116,71,61.206896551724135,228
colocated,False,-2.0,116,69,59.48275862068966,228
colocated,False,0.0,116,77,66.37931034482759,228
colocated,False,1.0,116,75,64.65517241379311,228
colocated,False,2.0,116,85,73.27586206896551,228
colocated,False,3.0,116,66,56.896551724137936,228
colocated,False,4.0,116,82,70.6896551724138,228
colocated,False,5.0,116,71,61.206896551724135,228
separated,False,-4.0,116,58,50.0,228
separated,False,-2.0,116,68,58.620689655172406,228
separated,False,0.0,116,74,63.793103448275865,228
separated,False,1.0,116,90,77.58620689655173,228
separated,False,2.0,116,65,56.03448275862068,228
separated,False,3.0,116,73,62.93103448275862,228
separated,False,4.0,116,81,69.82758620689656,228
separated,False,5.0,116,75,64.65517241379311,228
single_speaker,False,-4.0,116,93,80.17241379310344,228
single_speaker,False,-2.0,116,86,74.13793103448276,228
single_speaker,False,0.0,116,85,73.27586206896551,228
single_speaker,False,1.0,116,90,77.58620689655173,228
single_speaker,False,2.0,116,100,86.20689655172413,228
single_speaker,False,3.0,116,75,64.65517241379311,228
single_speaker,False,4.0,116,94,81.03448275862068,228
single_speaker,False,5.0,116,87,75.0,228
colocated,False,-4.0,116,77,66.37931034482759,229
colocated,False,-2.0,116,67,57.758620689655174,229
colocated,False,0.0,116,86,74.13793103448276,229
colocated,False,1.0,116,82,70.6896551724138,229
colocated,False,2.0,116,89,76.72413793103449,229
colocated,False,3.0,116,79,68.10344827586206,229
colocated,False,4.0,116,77,66.37931034482759,229
colocated,False,5.0,116,73,62.93103448275862,229
separated,False,-4.0,116,67,57.758620689655174,229
separated,False,-2.0,116,72,62.06896551724138,229
separated,False,0.0,116,76,65.51724137931035,229
separated,False,1.0,116,93,80.17241379310344,229
separated,False,2.0,116,74,63.793103448275865,229
separated,False,3.0,116,64,55.172413793103445,229
separated,False,4.0,116,71,61.206896551724135,229
separated,False,5.0,116,79,68.10344827586206,229
single_speaker,False,-4.0,116,82,70.6896551724138,229
single_speaker,False,-2.0,116,79,68.10344827586206,229
single_speaker,False,0.0,116,77,66.37931034482759,229
single_speaker,False,1.0,116,91,78.44827586206897,229
single_speaker,False,2.0,116,101,87.06896551724138,229
single_speaker,False,3.0,116,88,75.86206896551724,229
single_speaker,False,4.0,116,99,85.34482758620689,229
single_speaker,False,5.0,116,86,74.13793103448276,229
colocated,False,-4.0,116,64,55.172413793103445,230
colocated,False,-2.0,116,76,65.51724137931035,230
colocated,False,0.0,116,80,68.96551724137932,230
colocated,False,1.0,116,83,71.55172413793103,230
colocated,False,2.0,116,89,76.72413793103449,230
colocated,False,3.0,116,67,57.758620689655174,230
colocated,False,4.0,116,79,68.10344827586206,230
colocated,False,5.0,116,82,70.6896551724138,230
separated,False,-4.0,116,62,53.44827586206896,230
separated,False,-2.0,116,80,68.96551724137932,230
separated,False,0.0,116,75,64.65517241379311,230
separated,False,1.0,116,84,72.41379310344827,230
separated,False,2.0,116,67,57.758620689655174,230
separated,False,3.0,116,66,56.896551724137936,230
separated,False,4.0,116,89,76.72413793103449,230
separated,False,5.0,116,81,69.82758620689656,230
single_speaker,False,-4.0,116,91,78.44827586206897,230
single_speaker,False,-2.0,116,85,73.27586206896551,230
single_speaker,False,0.0,116,87,75.0,230
single_speaker,False,1.0,116,92,79.3103448275862,230
single_speaker,False,2.0,116,97,83.62068965517241,230
single_speaker,False,3.0,116,74,63.793103448275865,230
single_speaker,False,4.0,116,92,79.3103448275862,230
single_speaker,False,5.0,116,86,74.13793103448276,230
colocated,False,-4.0,116,62,53.44827586206896,231
colocated,False,-2.0,116,76,65.51724137931035,231
colocated,False,0.0,116,79,68.10344827586206,231
colocated,False,1.0,116,80,68.96551724137932,231
colocated,False,2.0,116,87,75.0,231
colocated,False,3.0,116,60,51.724137931034484,231
colocated,False,4.0,116,75,64.65517241379311,231
colocated,False,5.0,116,81,69.82758620689656,231
separated,False,-4.0,116,58,50.0,231
separated,False,-2.0,116,63,54.310344827586206,231
separated,False,0.0,116,73,62.93103448275862,231
separated,False,1.0,116,94,81.03448275862068,231
separated,False,2.0,116,83,71.55172413793103,231
separated,False,3.0,116,61,52.58620689655172,231
separated,False,4.0,116,86,74.13793103448276,231
separated,False,5.0,116,80,68.96551724137932,231
single_speaker,False,-4.0,116,80,68.96551724137932,231
single_speaker,False,-2.0,116,78,67.24137931034483,231
single_speaker,False,0.0,116,88,75.86206896551724,231
single_speaker,False,1.0,116,97,83.62068965517241,231
single_speaker,False,2.0,116,99,85.34482758620689,231
single_speaker,False,3.0,116,81,69.82758620689656,231
single_speaker,False,4.0,116,98,84.48275862068965,231
single_speaker,False,5.0,116,85,73.27586206896551,231
colocated,False,-4.0,116,68,58.620689655172406,232
colocated,False,-2.0,116,57,49.137931034482754,232
colocated,False,0.0,116,64,55.172413793103445,232
colocated,False,1.0,116,87,75.0,232
colocated,False,2.0,116,87,75.0,232
colocated,False,3.0,116,59,50.86206896551724,232
colocated,False,4.0,116,75,64.65517241379311,232
colocated,False,5.0,116,77,66.37931034482759,232
separated,False,-4.0,116,61,52.58620689655172,232
separated,False,-2.0,116,68,58.620689655172406,232
separated,False,0.0,116,83,71.55172413793103,232
separated,False,1.0,116,91,78.44827586206897,232
separated,False,2.0,116,78,67.24137931034483,232
separated,False,3.0,116,66,56.896551724137936,232
separated,False,4.0,116,84,72.41379310344827,232
separated,False,5.0,116,72,62.06896551724138,232
single_speaker,False,-4.0,116,84,72.41379310344827,232
single_speaker,False,-2.0,116,83,71.55172413793103,232
single_speaker,False,0.0,116,88,75.86206896551724,232
single_speaker,False,1.0,116,89,76.72413793103449,232
single_speaker,False,2.0,116,100,86.20689655172413,232
single_speaker,False,3.0,116,74,63.793103448275865,232
single_speaker,False,4.0,116,95,81.89655172413794,232
single_speaker,False,5.0,116,91,78.44827586206897,232
colocated,False,-4.0,116,66,56.896551724137936,233
colocated,False,-2.0,116,59,50.86206896551724,233
colocated,False,0.0,116,77,66.37931034482759,233
colocated,False,1.0,116,88,75.86206896551724,233
colocated,False,2.0,116,82,70.6896551724138,233
colocated,False,3.0,116,67,57.758620689655174,233
colocated,False,4.0,116,72,62.06896551724138,233
colocated,False,5.0,116,74,63.793103448275865,233
separated,False,-4.0,116,69,59.48275862068966,233
separated,False,-2.0,116,77,66.37931034482759,233
separated,False,0.0,116,74,63.793103448275865,233
separated,False,1.0,116,100,86.20689655172413,233
separated,False,2.0,116,72,62.06896551724138,233
separated,False,3.0,116,69,59.48275862068966,233
separated,False,4.0,116,92,79.3103448275862,233
separated,False,5.0,116,70,60.3448275862069,233
single_speaker,False,-4.0,116,88,75.86206896551724,233
single_speaker,False,-2.0,116,77,66.37931034482759,233
single_speaker,False,0.0,116,90,77.58620689655173,233
single_speaker,False,1.0,116,90,77.58620689655173,233
single_speaker,False,2.0,116,98,84.48275862068965,233
single_speaker,False,3.0,116,78,67.24137931034483,233
single_speaker,False,4.0,116,93,80.17241379310344,233
single_speaker,False,5.0,116,86,74.13793103448276,233
colocated,False,-4.0,116,76,65.51724137931035,234
colocated,False,-2.0,116,69,59.48275862068966,234
colocated,False,0.0,116,71,61.206896551724135,234
colocated,False,1.0,116,81,69.82758620689656,234
colocated,False,2.0,116,87,75.0,234
colocated,False,3.0,116,68,58.620689655172406,234
colocated,False,4.0,116,79,68.10344827586206,234
colocated,False,5.0,116,92,79.3103448275862,234
separated,False,-4.0,116,67,57.758620689655174,234
separated,False,-2.0,116,71,61.206896551724135,234
separated,False,0.0,116,72,62.06896551724138,234
separated,False,1.0,116,92,79.3103448275862,234
separated,False,2.0,116,70,60.3448275862069,234
separated,False,3.0,116,70,60.3448275862069,234
separated,False,4.0,116,86,74.13793103448276,234
separated,False,5.0,116,76,65.51724137931035,234
single_speaker,False,-4.0,116,90,77.58620689655173,234
single_speaker,False,-2.0,116,83,71.55172413793103,234
single_speaker,False,0.0,116,88,75.86206896551724,234
single_speaker,False,1.0,116,94,81.03448275862068,234
single_speaker,False,2.0,116,98,84.48275862068965,234
single_speaker,False,3.0,116,88,75.86206896551724,234
single_speaker,False,4.0,116,89,76.72413793103449,234
single_speaker,False,5.0,116,89,76.72413793103449,234
colocated,False,-4.0,116,58,50.0,235
colocated,False,-2.0,116,63,54.310344827586206,235
colocated,False,0.0,116,77,66.37931034482759,235
colocated,False,1.0,116,88,75.86206896551724,235
colocated,False,2.0,116,87,75.0,235
colocated,False,3.0,116,63,54.310344827586206,235
colocated,False,4.0,116,78,67.24137931034483,235
colocated,False,5.0,116,88,75.86206896551724,235
separated,False,-4.0,116,63,54.310344827586206,235
separated,False,-2.0,116,70,60.3448275862069,235
separated,False,0.0,116,79,68.10344827586206,235
separated,False,1.0,116,102,87.93103448275862,235
separated,False,2.0,116,72,62.06896551724138,235
separated,False,3.0,116,66,56.896551724137936,235
separated,False,4.0,116,79,68.10344827586206,235
separated,False,5.0,116,76,65.51724137931035,235
single_speaker,False,-4.0,116,83,71.55172413793103,235
single_speaker,False,-2.0,116,78,67.24137931034483,235
single_speaker,False,0.0,116,83,71.55172413793103,235
single_speaker,False,1.0,116,92,79.3103448275862,235
single_speaker,False,2.0,116,101,87.06896551724138,235
single_speaker,False,3.0,116,81,69.82758620689656,235
single_speaker,False,4.0,116,99,85.34482758620689,235
single_speaker,False,5.0,116,77,66.37931034482759,235
colocated,False,-4.0,116,64,55.172413793103445,236
colocated,False,-2.0,116,59,50.86206896551724,236
colocated,False,0.0,116,83,71.55172413793103,236
colocated,False,1.0,116,90,77.58620689655173,236
colocated,False,2.0,116,97,83.62068965517241,236
colocated,False,3.0,116,73,62.93103448275862,236
colocated,False,4.0,116,81,69.82758620689656,236
colocated,False,5.0,116,85,73.27586206896551,236
separated,False,-4.0,116,66,56.896551724137936,236
separated,False,-2.0,116,75,64.65517241379311,236
separated,False,0.0,116,75,64.65517241379311,236
separated,False,1.0,116,87,75.0,236
separated,False,2.0,116,77,66.37931034482759,236
separated,False,3.0,116,74,63.793103448275865,236
separated,False,4.0,116,86,74.13793103448276,236
separated,False,5.0,116,82,70.6896551724138,236
single_speaker,False,-4.0,116,90,77.58620689655173,236
single_speaker,False,-2.0,116,85,73.27586206896551,236
single_speaker,False,0.0,116,80,68.96551724137932,236
single_speaker,False,1.0,116,90,77.58620689655173,236
single_speaker,False,2.0,116,109,93.96551724137932,236
single_speaker,False,3.0,116,81,69.82758620689656,236
single_speaker,False,4.0,116,101,87.06896551724138,236
single_speaker,False,5.0,116,80,68.96551724137932,236
colocated,False,-4.0,116,69,59.48275862068966,237
colocated,False,-2.0,116,69,59.48275862068966,237
colocated,False,0.0,116,76,65.51724137931035,237
colocated,False,1.0,116,78,67.24137931034483,237
colocated,False,2.0,116,87,75.0,237
colocated,False,3.0,116,62,53.44827586206896,237
colocated,False,4.0,116,69,59.48275862068966,237
colocated,False,5.0,116,85,73.27586206896551,237
separated,False,-4.0,116,60,51.724137931034484,237
separated,False,-2.0,116,79,68.10344827586206,237
separated,False,0.0,116,81,69.82758620689656,237
separated,False,1.0,116,96,82.75862068965517,237
separated,False,2.0,116,79,68.10344827586206,237
separated,False,3.0,116,69,59.48275862068966,237
separated,False,4.0,116,75,64.65517241379311,237
separated,False,5.0,116,80,68.96551724137932,237
single_speaker,False,-4.0,116,81,69.82758620689656,237
single_speaker,False,-2.0,116,78,67.24137931034483,237
single_speaker,False,0.0,116,88,75.86206896551724,237
single_speaker,False,1.0,116,94,81.03448275862068,237
single_speaker,False,2.0,116,102,87.93103448275862,237
single_speaker,False,3.0,116,79,68.10344827586206,237
single_speaker,False,4.0,116,94,81.03448275862068,237
single_speaker,False,5.0,116,85,73.27586206896551,237
colocated,False,-4.0,116,68,58.620689655172406,238
colocated,False,-2.0,116,68,58.620689655172406,238
colocated,False,0.0,116,69,59.48275862068966,238
colocated,False,1.0,116,80,68.96551724137932,238
colocated,False,2.0,116,83,71.55172413793103,238
colocated,False,3.0,116,58,50.0,238
colocated,False,4.0,116,79,68.10344827586206,238
colocated,False,5.0,116,73,62.93103448275862,238
separated,False,-4.0,116,65,56.03448275862068,238
separated,False,-2.0,116,79,68.10344827586206,238
separated,False,0.0,116,86,74.13793103448276,238
separated,False,1.0,116,95,81.89655172413794,238
separated,False,2.0,116,75,64.65517241379311,238
separated,False,3.0,116,76,65.51724137931035,238
separated,False,4.0,116,88,75.86206896551724,238
separated,False,5.0,116,67,57.758620689655174,238
single_speaker,False,-4.0,116,86,74.13793103448276,238
single_speaker,False,-2.0,116,75,64.65517241379311,238
single_speaker,False,0.0,116,82,70.6896551724138,238
single_speaker,False,1.0,116,93,80.17241379310344,238
single_speaker,False,2.0,116,102,87.93103448275862,238
single_speaker,False,3.0,116,90,77.58620689655173,238
single_speaker,False,4.0,116,95,81.89655172413794,238
single_speaker,False,5.0,116,84,72.41379310344827,238
colocated,False,-4.0,116,67,57.758620689655174,239
colocated,False,-2.0,116,70,60.3448275862069,239
colocated,False,0.0,116,71,61.206896551724135,239
colocated,False,1.0,116,76,65.51724137931035,239
colocated,False,2.0,116,91,78.44827586206897,239
colocated,False,3.0,116,68,58.620689655172406,239
colocated,False,4.0,116,78,67.24137931034483,239
colocated,False,5.0,116,84,72.41379310344827,239
separated,False,-4.0,116,68,58.620689655172406,239
separated,False,-2.0,116,70,60.3448275862069,239
separated,False,0.0,116,71,61.206896551724135,239
separated,False,1.0,116,92,79.3103448275862,239
separated,False,2.0,116,77,66.37931034482759,239
separated,False,3.0,116,61,52.58620689655172,239
separated,False,4.0,116,87,75.0,239
separated,False,5.0,116,79,68.10344827586206,239
single_speaker,False,-4.0,116,84,72.41379310344827,239
single_speaker,False,-2.0,116,78,67.24137931034483,239
single_speaker,False,0.0,116,86,74.13793103448276,239
single_speaker,False,1.0,116,93,80.17241379310344,239
single_speaker,False,2.0,116,102,87.93103448275862,239
single_speaker,False,3.0,116,90,77.58620689655173,239
single_speaker,False,4.0,116,92,79.3103448275862,239
single_speaker,False,5.0,116,75,64.65517241379311,239
colocated,False,-4.0,116,64,55.172413793103445,240
colocated,False,-2.0,116,62,53.44827586206896,240
colocated,False,0.0,116,63,54.310344827586206,240
colocated,False,1.0,116,77,66.37931034482759,240
colocated,False,2.0,116,93,80.17241379310344,240
colocated,False,3.0,116,59,50.86206896551724,240
colocated,False,4.0,116,90,77.58620689655173,240
colocated,False,5.0,116,78,67.24137931034483,240
separated,False,-4.0,116,57,49.137931034482754,240
separated,False,-2.0,116,65,56.03448275862068,240
separated,False,0.0,116,77,66.37931034482759,240
separated,False,1.0,116,93,80.17241379310344,240
separated,False,2.0,116,78,67.24137931034483,240
separated,False,3.0,116,72,62.06896551724138,240
separated,False,4.0,116,82,70.6896551724138,240
separated,False,5.0,116,74,63.793103448275865,240
single_speaker,False,-4.0,116,89,76.72413793103449,240
single_speaker,False,-2.0,116,83,71.55172413793103,240
single_speaker,False,0.0,116,86,74.13793103448276,240
single_speaker,False,1.0,116,100,86.20689655172413,240
single_speaker,False,2.0,116,95,81.89655172413794,240
single_speaker,False,3.0,116,81,69.82758620689656,240
single_speaker,False,4.0,116,88,75.86206896551724,240
single_speaker,False,5.0,116,78,67.24137931034483,240
colocated,False,-4.0,116,71,61.206896551724135,241
colocated,False,-2.0,116,67,57.758620689655174,241
colocated,False,0.0,116,65,56.03448275862068,241
colocated,False,1.0,116,77,66.37931034482759,241
colocated,False,2.0,116,88,75.86206896551724,241
colocated,False,3.0,116,68,58.620689655172406,241
colocated,False,4.0,116,89,76.72413793103449,241
colocated,False,5.0,116,86,74.13793103448276,241
separated,False,-4.0,116,67,57.758620689655174,241
separated,False,-2.0,116,63,54.310344827586206,241
separated,False,0.0,116,73,62.93103448275862,241
separated,False,1.0,116,89,76.72413793103449,241
separated,False,2.0,116,82,70.6896551724138,241
separated,False,3.0,116,73,62.93103448275862,241
separated,False,4.0,116,77,66.37931034482759,241
separated,False,5.0,116,79,68.10344827586206,241
single_speaker,False,-4.0,116,87,75.0,241
single_speaker,False,-2.0,116,75,64.65517241379311,241
single_speaker,False,0.0,116,83,71.55172413793103,241
single_speaker,False,1.0,116,101,87.06896551724138,241
single_speaker,False,2.0,116,99,85.34482758620689,241
single_speaker,False,3.0,116,82,70.6896551724138,241
single_speaker,False,4.0,116,97,83.62068965517241,241
single_speaker,False,5.0,116,89,76.72413793103449,241
colocated,False,-4.0,116,71,61.206896551724135,242
colocated,False,-2.0,116,70,60.3448275862069,242
colocated,False,0.0,116,77,66.37931034482759,242
colocated,False,1.0,116,77,66.37931034482759,242
colocated,False,2.0,116,84,72.41379310344827,242
colocated,False,3.0,116,73,62.93103448275862,242
colocated,False,4.0,116,66,56.896551724137936,242
colocated,False,5.0,116,89,76.72413793103449,242
separated,False,-4.0,116,70,60.3448275862069,242
separated,False,-2.0,116,79,68.10344827586206,242
separated,False,0.0,116,72,62.06896551724138,242
separated,False,1.0,116,93,80.17241379310344,242
separated,False,2.0,116,70,60.3448275862069,242
separated,False,3.0,116,61,52.58620689655172,242
separated,False,4.0,116,85,73.27586206896551,242
separated,False,5.0,116,82,70.6896551724138,242
single_speaker,False,-4.0,116,89,76.72413793103449,242
single_speaker,False,-2.0,116,81,69.82758620689656,242
single_speaker,False,0.0,116,92,79.3103448275862,242
single_speaker,False,1.0,116,91,78.44827586206897,242
single_speaker,False,2.0,116,99,85.34482758620689,242
single_speaker,False,3.0,116,87,75.0,242
single_speaker,False,4.0,116,91,78.44827586206897,242
single_speaker,False,5.0,116,82,70.6896551724138,242
colocated,False,-4.0,116,69,59.48275862068966,243
colocated,False,-2.0,116,62,53.44827586206896,243
colocated,False,0.0,116,70,60.3448275862069,243
colocated,False,1.0,116,77,66.37931034482759,243
colocated,False,2.0,116,92,79.3103448275862,243
colocated,False,3.0,116,63,54.310344827586206,243
colocated,False,4.0,116,82,70.6896551724138,243
colocated,False,5.0,116,80,68.96551724137932,243
separated,False,-4.0,116,62,53.44827586206896,243
separated,False,-2.0,116,68,58.620689655172406,243
separated,False,0.0,116,79,68.10344827586206,243
separated,False,1.0,116,99,85.34482758620689,243
separated,False,2.0,116,75,64.65517241379311,243
separated,False,3.0,116,62,53.44827586206896,243
separated,False,4.0,116,86,74.13793103448276,243
separated,False,5.0,116,75,64.65517241379311,243
single_speaker,False,-4.0,116,89,76.72413793103449,243
single_speaker,False,-2.0,116,77,66.37931034482759,243
single_speaker,False,0.0,116,77,66.37931034482759,243
single_speaker,False,1.0,116,91,78.44827586206897,243
single_speaker,False,2.0,116,97,83.62068965517241,243
single_speaker,False,3.0,116,84,72.41379310344827,243
single_speaker,False,4.0,116,92,79.3103448275862,243
single_speaker,False,5.0,116,76,65.51724137931035,243
colocated,False,-4.0,116,59,50.86206896551724,244
colocated,False,-2.0,116,64,55.172413793103445,244
colocated,False,0.0,116,80,68.96551724137932,244
colocated,False,1.0,116,74,63.793103448275865,244
colocated,False,2.0,116,88,75.86206896551724,244
colocated,False,3.0,116,70,60.3448275862069,244
colocated,False,4.0,116,82,70.6896551724138,244
colocated,False,5.0,116,73,62.93103448275862,244
separated,False,-4.0,116,68,58.620689655172406,244
separated,False,-2.0,116,83,71.55172413793103,244
separated,False,0.0,116,78,67.24137931034483,244
separated,False,1.0,116,99,85.34482758620689,244
separated,False,2.0,116,76,65.51724137931035,244
separated,False,3.0,116,81,69.82758620689656,244
separated,False,4.0,116,80,68.96551724137932,244
separated,False,5.0,116,77,66.37931034482759,244
single_speaker,False,-4.0,116,86,74.13793103448276,244
single_speaker,False,-2.0,116,76,65.51724137931035,244
single_speaker,False,0.0,116,83,71.55172413793103,244
single_speaker,False,1.0,116,95,81.89655172413794,244
single_speaker,False,2.0,116,100,86.20689655172413,244
single_speaker,False,3.0,116,72,62.06896551724138,244
single_speaker,False,4.0,116,91,78.44827586206897,244
single_speaker,False,5.0,116,80,68.96551724137932,244
colocated,False,-4.0,116,67,57.758620689655174,245
colocated,False,-2.0,116,65,56.03448275862068,245
colocated,False,0.0,116,71,61.206896551724135,245
colocated,False,1.0,116,82,70.6896551724138,245
colocated,False,2.0,116,92,79.3103448275862,245
colocated,False,3.0,116,69,59.48275862068966,245
colocated,False,4.0,116,82,70.6896551724138,245
colocated,False,5.0,116,84,72.41379310344827,245
separated,False,-4.0,116,66,56.896551724137936,245
separated,False,-2.0,116,75,64.65517241379311,245
separated,False,0.0,116,85,73.27586206896551,245
separated,False,1.0,116,101,87.06896551724138,245
separated,False,2.0,116,82,70.6896551724138,245
separated,False,3.0,116,62,53.44827586206896,245
separated,False,4.0,116,76,65.51724137931035,245
separated,False,5.0,116,74,63.793103448275865,245
single_speaker,False,-4.0,116,88,75.86206896551724,245
single_speaker,False,-2.0,116,78,67.24137931034483,245
single_speaker,False,0.0,116,87,75.0,245
single_speaker,False,1.0,116,93,80.17241379310344,245
single_speaker,False,2.0,116,101,87.06896551724138,245
single_speaker,False,3.0,116,83,71.55172413793103,245
single_speaker,False,4.0,116,92,79.3103448275862,245
single_speaker,False,5.0,116,86,74.13793103448276,245
colocated,False,-4.0,116,69,59.48275862068966,246
colocated,False,-2.0,116,56,48.275862068965516,246
colocated,False,0.0,116,70,60.3448275862069,246
colocated,False,1.0,116,83,71.55172413793103,246
colocated,False,2.0,116,86,74.13793103448276,246
colocated,False,3.0,116,55,47.41379310344828,246
colocated,False,4.0,116,82,70.6896551724138,246
colocated,False,5.0,116,77,66.37931034482759,246
separated,False,-4.0,116,69,59.48275862068966,246
separated,False,-2.0,116,72,62.06896551724138,246
separated,False,0.0,116,72,62.06896551724138,246
separated,False,1.0,116,99,85.34482758620689,246
separated,False,2.0,116,85,73.27586206896551,246
separated,False,3.0,116,66,56.896551724137936,246
separated,False,4.0,116,77,66.37931034482759,246
separated,False,5.0,116,73,62.93103448275862,246
single_speaker,False,-4.0,116,88,75.86206896551724,246
single_speaker,False,-2.0,116,70,60.3448275862069,246
single_speaker,False,0.0,116,80,68.96551724137932,246
single_speaker,False,1.0,116,93,80.17241379310344,246
single_speaker,False,2.0,116,96,82.75862068965517,246
single_speaker,False,3.0,116,88,75.86206896551724,246
single_speaker,False,4.0,116,96,82.75862068965517,246
single_speaker,False,5.0,116,80,68.96551724137932,246
colocated,False,-4.0,116,64,55.172413793103445,247
colocated,False,-2.0,116,69,59.48275862068966,247
colocated,False,0.0,116,71,61.206896551724135,247
colocated,False,1.0,116,72,62.06896551724138,247
colocated,False,2.0,116,81,69.82758620689656,247
colocated,False,3.0,116,71,61.206896551724135,247
colocated,False,4.0,116,86,74.13793103448276,247
colocated,False,5.0,116,81,69.82758620689656,247
separated,False,-4.0,116,63,54.310344827586206,247
separated,False,-2.0,116,74,63.793103448275865,247
separated,False,0.0,116,75,64.65517241379311,247
separated,False,1.0,116,89,76.72413793103449,247
separated,False,2.0,116,73,62.93103448275862,247
separated,False,3.0,116,68,58.620689655172406,247
separated,False,4.0,116,85,73.27586206896551,247
separated,False,5.0,116,68,58.620689655172406,247
single_speaker,False,-4.0,116,93,80.17241379310344,247
single_speaker,False,-2.0,116,73,62.93103448275862,247
single_speaker,False,0.0,116,86,74.13793103448276,247
single_speaker,False,1.0,116,99,85.34482758620689,247
single_speaker,False,2.0,116,97,83.62068965517241,247
single_speaker,False,3.0,116,86,74.13793103448276,247
single_speaker,False,4.0,116,94,81.03448275862068,247
single_speaker,False,5.0,116,86,74.13793103448276,247
colocated,False,-4.0,116,74,63.793103448275865,248
colocated,False,-2.0,116,67,57.758620689655174,248
colocated,False,0.0,116,65,56.03448275862068,248
colocated,False,1.0,116,80,68.96551724137932,248
colocated,False,2.0,116,88,75.86206896551724,248
colocated,False,3.0,116,66,56.896551724137936,248
colocated,False,4.0,116,83,71.55172413793103,248
colocated,False,5.0,116,72,62.06896551724138,248
separated,False,-4.0,116,70,60.3448275862069,248
separated,False,-2.0,116,75,64.65517241379311,248
separated,False,0.0,116,77,66.37931034482759,248
separated,False,1.0,116,95,81.89655172413794,248
separated,False,2.0,116,82,70.6896551724138,248
separated,False,3.0,116,67,57.758620689655174,248
separated,False,4.0,116,86,74.13793103448276,248
separated,False,5.0,116,72,62.06896551724138,248
single_speaker,False,-4.0,116,82,70.6896551724138,248
single_speaker,False,-2.0,116,72,62.06896551724138,248
single_speaker,False,0.0,116,85,73.27586206896551,248
single_speaker,False,1.0,116,92,79.3103448275862,248
single_speaker,False,2.0,116,90,77.58620689655173,248
single_speaker,False,3.0,116,85,73.27586206896551,248
single_speaker,False,4.0,116,97,83.62068965517241,248
single_speaker,False,5.0,116,83,71.55172413793103,248
colocated,False,-4.0,116,64,55.172413793103445,249
colocated,False,-2.0,116,67,57.758620689655174,249
colocated,False,0.0,116,72,62.06896551724138,249
colocated,False,1.0,116,79,68.10344827586206,249
colocated,False,2.0,116,87,75.0,249
colocated,False,3.0,116,72,62.06896551724138,249
colocated,False,4.0,116,81,69.82758620689656,249
colocated,False,5.0,116,78,67.24137931034483,249
separated,False,-4.0,116,66,56.896551724137936,249
separated,False,-2.0,116,74,63.793103448275865,249
separated,False,0.0,116,74,63.793103448275865,249
separated,False,1.0,116,94,81.03448275862068,249
separated,False,2.0,116,81,69.82758620689656,249
separated,False,3.0,116,71,61.206896551724135,249
separated,False,4.0,116,79,68.10344827586206,249
separated,False,5.0,116,80,68.96551724137932,249
single_speaker,False,-4.0,116,87,75.0,249
single_speaker,False,-2.0,116,81,69.82758620689656,249
single_speaker,False,0.0,116,83,71.55172413793103,249
single_speaker,False,1.0,116,92,79.3103448275862,249
single_speaker,False,2.0,116,106,91.37931034482759,249
single_speaker,False,3.0,116,88,75.86206896551724,249
single_speaker,False,4.0,116,89,76.72413793103449,249
single_speaker,False,5.0,116,84,72.41379310344827,249
colocated,False,-4.0,116,70,60.3448275862069,250
colocated,False,-2.0,116,67,57.758620689655174,250
colocated,False,0.0,116,60,51.724137931034484,250
colocated,False,1.0,116,86,74.13793103448276,250
colocated,False,2.0,116,100,86.20689655172413,250
colocated,False,3.0,116,65,56.03448275862068,250
colocated,False,4.0,116,85,73.27586206896551,250
colocated,False,5.0,116,81,69.82758620689656,250
separated,False,-4.0,116,74,63.793103448275865,250
separated,False,-2.0,116,62,53.44827586206896,250
separated,False,0.0,116,77,66.37931034482759,250
separated,False,1.0,116,91,78.44827586206897,250
separated,False,2.0,116,73,62.93103448275862,250
separated,False,3.0,116,69,59.48275862068966,250
separated,False,4.0,116,80,68.96551724137932,250
separated,False,5.0,116,75,64.65517241379311,250
single_speaker,False,-4.0,116,85,73.27586206896551,250
single_speaker,False,-2.0,116,86,74.13793103448276,250
single_speaker,False,0.0,116,90,77.58620689655173,250
single_speaker,False,1.0,116,97,83.62068965517241,250
single_speaker,False,2.0,116,102,87.93103448275862,250
single_speaker,False,3.0,116,76,65.51724137931035,250
single_speaker,False,4.0,116,90,77.58620689655173,250
single_speaker,False,5.0,116,83,71.55172413793103,250
colocated,False,-4.0,116,69,59.48275862068966,251
colocated,False,-2.0,116,65,56.03448275862068,251
colocated,False,0.0,116,82,70.6896551724138,251
colocated,False,1.0,116,82,70.6896551724138,251
colocated,False,2.0,116,87,75.0,251
colocated,False,3.0,116,62,53.44827586206896,251
colocated,False,4.0,116,76,65.51724137931035,251
colocated,False,5.0,116,79,68.10344827586206,251
separated,False,-4.0,116,60,51.724137931034484,251
separated,False,-2.0,116,67,57.758620689655174,251
separated,False,0.0,116,82,70.6896551724138,251
separated,False,1.0,116,95,81.89655172413794,251
separated,False,2.0,116,79,68.10344827586206,251
separated,False,3.0,116,67,57.758620689655174,251
separated,False,4.0,116,98,84.48275862068965,251
separated,False,5.0,116,70,60.3448275862069,251
single_speaker,False,-4.0,116,89,76.72413793103449,251
single_speaker,False,-2.0,116,80,68.96551724137932,251
single_speaker,False,0.0,116,89,76.72413793103449,251
single_speaker,False,1.0,116,97,83.62068965517241,251
single_speaker,False,2.0,116,99,85.34482758620689,251
single_speaker,False,3.0,116,82,70.6896551724138,251
single_speaker,False,4.0,116,88,75.86206896551724,251
single_speaker,False,5.0,116,84,72.41379310344827,251
colocated,False,-4.0,116,69,59.48275862068966,252
colocated,False,-2.0,116,60,51.724137931034484,252
colocated,False,0.0,116,78,67.24137931034483,252
colocated,False,1.0,116,82,70.6896551724138,252
colocated,False,2.0,116,83,71.55172413793103,252
colocated,False,3.0,116,75,64.65517241379311,252
colocated,False,4.0,116,74,63.793103448275865,252
colocated,False,5.0,116,83,71.55172413793103,252
separated,False,-4.0,116,57,49.137931034482754,252
separated,False,-2.0,116,74,63.793103448275865,252
separated,False,0.0,116,77,66.37931034482759,252
separated,False,1.0,116,93,80.17241379310344,252
separated,False,2.0,116,72,62.06896551724138,252
separated,False,3.0,116,70,60.3448275862069,252
separated,False,4.0,116,80,68.96551724137932,252
separated,False,5.0,116,75,64.65517241379311,252
single_speaker,False,-4.0,116,84,72.41379310344827,252
single_speaker,False,-2.0,116,77,66.37931034482759,252
single_speaker,False,0.0,116,87,75.0,252
single_speaker,False,1.0,116,90,77.58620689655173,252
single_speaker,False,2.0,116,100,86.20689655172413,252
single_speaker,False,3.0,116,95,81.89655172413794,252
single_speaker,False,4.0,116,94,81.03448275862068,252
single_speaker,False,5.0,116,89,76.72413793103449,252
colocated,False,-4.0,116,67,57.758620689655174,253
colocated,False,-2.0,116,62,53.44827586206896,253
colocated,False,0.0,116,67,57.758620689655174,253
colocated,False,1.0,116,82,70.6896551724138,253
colocated,False,2.0,116,81,69.82758620689656,253
colocated,False,3.0,116,60,51.724137931034484,253
colocated,False,4.0,116,81,69.82758620689656,253
colocated,False,5.0,116,78,67.24137931034483,253
separated,False,-4.0,116,58,50.0,253
separated,False,-2.0,116,72,62.06896551724138,253
separated,False,0.0,116,75,64.65517241379311,253
separated,False,1.0,116,98,84.48275862068965,253
separated,False,2.0,116,80,68.96551724137932,253
separated,False,3.0,116,77,66.37931034482759,253
separated,False,4.0,116,79,68.10344827586206,253
separated,False,5.0,116,75,64.65517241379311,253
single_speaker,False,-4.0,116,94,81.03448275862068,253
single_speaker,False,-2.0,116,77,66.37931034482759,253
single_speaker,False,0.0,116,84,72.41379310344827,253
single_speaker,False,1.0,116,93,80.17241379310344,253
single_speaker,False,2.0,116,97,83.62068965517241,253
single_speaker,False,3.0,116,86,74.13793103448276,253
single_speaker,False,4.0,116,96,82.75862068965517,253
single_speaker,False,5.0,116,77,66.37931034482759,253
colocated,False,-4.0,116,76,65.51724137931035,254
colocated,False,-2.0,116,70,60.3448275862069,254
colocated,False,0.0,116,80,68.96551724137932,254
colocated,False,1.0,116,77,66.37931034482759,254
colocated,False,2.0,116,83,71.55172413793103,254
colocated,False,3.0,116,60,51.724137931034484,254
colocated,False,4.0,116,78,67.24137931034483,254
colocated,False,5.0,116,85,73.27586206896551,254
separated,False,-4.0,116,58,50.0,254
separated,False,-2.0,116,71,61.206896551724135,254
separated,False,0.0,116,79,68.10344827586206,254
separated,False,1.0,116,96,82.75862068965517,254
separated,False,2.0,116,72,62.06896551724138,254
separated,False,3.0,116,64,55.172413793103445,254
separated,False,4.0,116,85,73.27586206896551,254
separated,False,5.0,116,82,70.6896551724138,254
single_speaker,False,-4.0,116,85,73.27586206896551,254
single_speaker,False,-2.0,116,87,75.0,254
single_speaker,False,0.0,116,81,69.82758620689656,254
single_speaker,False,1.0,116,88,75.86206896551724,254
single_speaker,False,2.0,116,98,84.48275862068965,254
single_speaker,False,3.0,116,84,72.41379310344827,254
single_speaker,False,4.0,116,95,81.89655172413794,254
single_speaker,False,5.0,116,89,76.72413793103449,254
colocated,False,-4.0,116,60,51.724137931034484,255
colocated,False,-2.0,116,53,45.689655172413794,255
colocated,False,0.0,116,69,59.48275862068966,255
colocated,False,1.0,116,82,70.6896551724138,255
colocated,False,2.0,116,85,73.27586206896551,255
colocated,False,3.0,116,65,56.03448275862068,255
colocated,False,4.0,116,66,56.896551724137936,255
colocated,False,5.0,116,77,66.37931034482759,255
separated,False,-4.0,116,59,50.86206896551724,255
separated,False,-2.0,116,69,59.48275862068966,255
separated,False,0.0,116,82,70.6896551724138,255
separated,False,1.0,116,92,79.3103448275862,255
separated,False,2.0,116,77,66.37931034482759,255
separated,False,3.0,116,75,64.65517241379311,255
separated,False,4.0,116,85,73.27586206896551,255
separated,False,5.0,116,68,58.620689655172406,255
single_speaker,False,-4.0,116,92,79.3103448275862,255
single_speaker,False,-2.0,116,74,63.793103448275865,255
single_speaker,False,0.0,116,86,74.13793103448276,255
single_speaker,False,1.0,116,89,76.72413793103449,255
single_speaker,False,2.0,116,104,89.65517241379311,255
single_speaker,False,3.0,116,78,67.24137931034483,255
single_speaker,False,4.0,116,96,82.75862068965517,255
single_speaker,False,5.0,116,85,73.27586206896551,255
colocated,False,-4.0,116,72,62.06896551724138,256
colocated,False,-2.0,116,63,54.310344827586206,256
colocated,False,0.0,116,79,68.10344827586206,256
colocated,False,1.0,116,75,64.65517241379311,256
colocated,False,2.0,116,91,78.44827586206897,256
colocated,False,3.0,116,74,63.793103448275865,256
colocated,False,4.0,116,81,69.82758620689656,256
colocated,False,5.0,116,79,68.10344827586206,256
separated,False,-4.0,116,59,50.86206896551724,256
separated,False,-2.0,116,78,67.24137931034483,256
separated,False,0.0,116,84,72.41379310344827,256
separated,False,1.0,116,91,78.44827586206897,256
separated,False,2.0,116,70,60.3448275862069,256
separated,False,3.0,116,69,59.48275862068966,256
separated,False,4.0,116,81,69.82758620689656,256
separated,False,5.0,116,84,72.41379310344827,256
single_speaker,False,-4.0,116,92,79.3103448275862,256
single_speaker,False,-2.0,116,85,73.27586206896551,256
single_speaker,False,0.0,116,82,70.6896551724138,256
single_speaker,False,1.0,116,96,82.75862068965517,256
single_speaker,False,2.0,116,100,86.20689655172413,256
single_speaker,False,3.0,116,77,66.37931034482759,256
single_speaker,False,4.0,116,91,78.44827586206897,256
single_speaker,False,5.0,116,82,70.6896551724138,256
colocated,False,-4.0,116,65,56.03448275862068,257
colocated,False,-2.0,116,60,51.724137931034484,257
colocated,False,0.0,116,75,64.65517241379311,257
colocated,False,1.0,116,89,76.72413793103449,257
colocated,False,2.0,116,90,77.58620689655173,257
colocated,False,3.0,116,67,57.758620689655174,257
colocated,False,4.0,116,76,65.51724137931035,257
colocated,False,5.0,116,81,69.82758620689656,257
separated,False,-4.0,116,63,54.310344827586206,257
separated,False,-2.0,116,69,59.48275862068966,257
separated,False,0.0,116,87,75.0,257
separated,False,1.0,116,93,80.17241379310344,257
separated,False,2.0,116,80,68.96551724137932,257
separated,False,3.0,116,73,62.93103448275862,257
separated,False,4.0,116,78,67.24137931034483,257
separated,False,5.0,116,75,64.65517241379311,257
single_speaker,False,-4.0,116,85,73.27586206896551,257
single_speaker,False,-2.0,116,77,66.37931034482759,257
single_speaker,False,0.0,116,87,75.0,257
single_speaker,False,1.0,116,92,79.3103448275862,257
single_speaker,False,2.0,116,101,87.06896551724138,257
single_speaker,False,3.0,116,87,75.0,257
single_speaker,False,4.0,116,93,80.17241379310344,257
single_speaker,False,5.0,116,78,67.24137931034483,257
colocated,False,-4.0,116,76,65.51724137931035,258
colocated,False,-2.0,116,69,59.48275862068966,258
colocated,False,0.0,116,73,62.93103448275862,258
colocated,False,1.0,116,76,65.51724137931035,258
colocated,False,2.0,116,89,76.72413793103449,258
colocated,False,3.0,116,69,59.48275862068966,258
colocated,False,4.0,116,75,64.65517241379311,258
colocated,False,5.0,116,83,71.55172413793103,258
separated,False,-4.0,116,63,54.310344827586206,258
separated,False,-2.0,116,76,65.51724137931035,258
separated,False,0.0,116,77,66.37931034482759,258
separated,False,1.0,116,100,86.20689655172413,258
separated,False,2.0,116,81,69.82758620689656,258
separated,False,3.0,116,68,58.620689655172406,258
separated,False,4.0,116,76,65.51724137931035,258
separated,False,5.0,116,85,73.27586206896551,258
single_speaker,False,-4.0,116,81,69.82758620689656,258
single_speaker,False,-2.0,116,80,68.96551724137932,258
single_speaker,False,0.0,116,85,73.27586206896551,258
single_speaker,False,1.0,116,80,68.96551724137932,258
single_speaker,False,2.0,116,98,84.48275862068965,258
single_speaker,False,3.0,116,81,69.82758620689656,258
single_speaker,False,4.0,116,92,79.3103448275862,258
single_speaker,False,5.0,116,83,71.55172413793103,258
colocated,False,-4.0,116,62,53.44827586206896,259
colocated,False,-2.0,116,63,54.310344827586206,259
colocated,False,0.0,116,68,58.620689655172406,259
colocated,False,1.0,116,77,66.37931034482759,259
colocated,False,2.0,116,82,70.6896551724138,259
colocated,False,3.0,116,68,58.620689655172406,259
colocated,False,4.0,116,79,68.10344827586206,259
colocated,False,5.0,116,67,57.758620689655174,259
separated,False,-4.0,116,65,56.03448275862068,259
separated,False,-2.0,116,77,66.37931034482759,259
separated,False,0.0,116,81,69.82758620689656,259
separated,False,1.0,116,90,77.58620689655173,259
separated,False,2.0,116,75,64.65517241379311,259
separated,False,3.0,116,70,60.3448275862069,259
separated,False,4.0,116,72,62.06896551724138,259
separated,False,5.0,116,75,64.65517241379311,259
single_speaker,False,-4.0,116,80,68.96551724137932,259
single_speaker,False,-2.0,116,78,67.24137931034483,259
single_speaker,False,0.0,116,85,73.27586206896551,259
single_speaker,False,1.0,116,93,80.17241379310344,259
single_speaker,False,2.0,116,100,86.20689655172413,259
single_speaker,False,3.0,116,80,68.96551724137932,259
single_speaker,False,4.0,116,91,78.44827586206897,259
single_speaker,False,5.0,116,85,73.27586206896551,259
colocated,False,-4.0,116,63,54.310344827586206,260
colocated,False,-2.0,116,62,53.44827586206896,260
colocated,False,0.0,116,74,63.793103448275865,260
colocated,False,1.0,116,83,71.55172413793103,260
colocated,False,2.0,116,86,74.13793103448276,260
colocated,False,3.0,116,71,61.206896551724135,260
colocated,False,4.0,116,76,65.51724137931035,260
colocated,False,5.0,116,76,65.51724137931035,260
separated,False,-4.0,116,62,53.44827586206896,260
separated,False,-2.0,116,72,62.06896551724138,260
separated,False,0.0,116,62,53.44827586206896,260
separated,False,1.0,116,91,78.44827586206897,260
separated,False,2.0,116,74,63.793103448275865,260
separated,False,3.0,116,70,60.3448275862069,260
separated,False,4.0,116,93,80.17241379310344,260
separated,False,5.0,116,75,64.65517241379311,260
single_speaker,False,-4.0,116,84,72.41379310344827,260
single_speaker,False,-2.0,116,83,71.55172413793103,260
single_speaker,False,0.0,116,85,73.27586206896551,260
single_speaker,False,1.0,116,94,81.03448275862068,260
single_speaker,False,2.0,116,102,87.93103448275862,260
single_speaker,False,3.0,116,78,67.24137931034483,260
single_speaker,False,4.0,116,97,83.62068965517241,260
single_speaker,False,5.0,116,89,76.72413793103449,260
colocated,False,-4.0,116,58,50.0,261
colocated,False,-2.0,116,60,51.724137931034484,261
colocated,False,0.0,116,75,64.65517241379311,261
colocated,False,1.0,116,79,68.10344827586206,261
colocated,False,2.0,116,90,77.58620689655173,261
colocated,False,3.0,116,65,56.03448275862068,261
colocated,False,4.0,116,78,67.24137931034483,261
colocated,False,5.0,116,77,66.37931034482759,261
separated,False,-4.0,116,68,58.620689655172406,261
separated,False,-2.0,116,68,58.620689655172406,261
separated,False,0.0,116,80,68.96551724137932,261
separated,False,1.0,116,85,73.27586206896551,261
separated,False,2.0,116,68,58.620689655172406,261
separated,False,3.0,116,63,54.310344827586206,261
separated,False,4.0,116,81,69.82758620689656,261
separated,False,5.0,116,66,56.896551724137936,261
single_speaker,False,-4.0,116,81,69.82758620689656,261
single_speaker,False,-2.0,116,79,68.10344827586206,261
single_speaker,False,0.0,116,86,74.13793103448276,261
single_speaker,False,1.0,116,93,80.17241379310344,261
single_speaker,False,2.0,116,104,89.65517241379311,261
single_speaker,False,3.0,116,84,72.41379310344827,261
single_speaker,False,4.0,116,88,75.86206896551724,261
single_speaker,False,5.0,116,80,68.96551724137932,261
colocated,False,-4.0,116,62,53.44827586206896,262
colocated,False,-2.0,116,73,62.93103448275862,262
colocated,False,0.0,116,71,61.206896551724135,262
colocated,False,1.0,116,78,67.24137931034483,262
colocated,False,2.0,116,88,75.86206896551724,262
colocated,False,3.0,116,74,63.793103448275865,262
colocated,False,4.0,116,81,69.82758620689656,262
colocated,False,5.0,116,71,61.206896551724135,262
separated,False,-4.0,116,57,49.137931034482754,262
separated,False,-2.0,116,74,63.793103448275865,262
separated,False,0.0,116,74,63.793103448275865,262
separated,False,1.0,116,89,76.72413793103449,262
separated,False,2.0,116,87,75.0,262
separated,False,3.0,116,63,54.310344827586206,262
separated,False,4.0,116,77,66.37931034482759,262
separated,False,5.0,116,72,62.06896551724138,262
single_speaker,False,-4.0,116,84,72.41379310344827,262
single_speaker,False,-2.0,116,84,72.41379310344827,262
single_speaker,False,0.0,116,89,76.72413793103449,262
single_speaker,False,1.0,116,89,76.72413793103449,262
single_speaker,False,2.0,116,97,83.62068965517241,262
single_speaker,False,3.0,116,79,68.10344827586206,262
single_speaker,False,4.0,116,99,85.34482758620689,262
single_speaker,False,5.0,116,83,71.55172413793103,262
colocated,False,-4.0,116,65,56.03448275862068,263
colocated,False,-2.0,116,69,59.48275862068966,263
colocated,False,0.0,116,72,62.06896551724138,263
colocated,False,1.0,116,79,68.10344827586206,263
colocated,False,2.0,116,85,73.27586206896551,263
colocated,False,3.0,116,66,56.896551724137936,263
colocated,False,4.0,116,81,69.82758620689656,263
colocated,False,5.0,116,72,62.06896551724138,263
separated,False,-4.0,116,49,42.241379310344826,263
separated,False,-2.0,116,73,62.93103448275862,263
separated,False,0.0,116,77,66.37931034482759,263
separated,False,1.0,116,96,82.75862068965517,263
separated,False,2.0,116,70,60.3448275862069,263
separated,False,3.0,116,58,50.0,263
separated,False,4.0,116,81,69.82758620689656,263
separated,False,5.0,116,85,73.27586206896551,263
single_speaker,False,-4.0,116,88,75.86206896551724,263
single_speaker,False,-2.0,116,81,69.82758620689656,263
single_speaker,False,0.0,116,84,72.41379310344827,263
single_speaker,False,1.0,116,92,79.3103448275862,263
single_speaker,False,2.0,116,103,88.79310344827587,263
single_speaker,False,3.0,116,81,69.82758620689656,263
single_speaker,False,4.0,116,92,79.3103448275862,263
single_speaker,False,5.0,116,91,78.44827586206897,263
colocated,False,-4.0,116,59,50.86206896551724,264
colocated,False,-2.0,116,70,60.3448275862069,264
colocated,False,0.0,116,66,56.896551724137936,264
colocated,False,1.0,116,75,64.65517241379311,264
colocated,False,2.0,116,86,74.13793103448276,264
colocated,False,3.0,116,70,60.3448275862069,264
colocated,False,4.0,116,73,62.93103448275862,264
colocated,False,5.0,116,83,71.55172413793103,264
separated,False,-4.0,116,62,53.44827586206896,264
separated,False,-2.0,116,76,65.51724137931035,264
separated,False,0.0,116,83,71.55172413793103,264
separated,False,1.0,116,98,84.48275862068965,264
separated,False,2.0,116,81,69.82758620689656,264
separated,False,3.0,116,67,57.758620689655174,264
separated,False,4.0,116,84,72.41379310344827,264
separated,False,5.0,116,73,62.93103448275862,264
single_speaker,False,-4.0,116,90,77.58620689655173,264
single_speaker,False,-2.0,116,80,68.96551724137932,264
single_speaker,False,0.0,116,82,70.6896551724138,264
single_speaker,False,1.0,116,94,81.03448275862068,264
single_speaker,False,2.0,116,105,90.51724137931035,264
single_speaker,False,3.0,116,74,63.793103448275865,264
single_speaker,False,4.0,116,87,75.0,264
single_speaker,False,5.0,116,78,67.24137931034483,264
colocated,False,-4.0,116,62,53.44827586206896,265
colocated,False,-2.0,116,67,57.758620689655174,265
colocated,False,0.0,116,59,50.86206896551724,265
colocated,False,1.0,116,83,71.55172413793103,265
colocated,False,2.0,116,89,76.72413793103449,265
colocated,False,3.0,116,56,48.275862068965516,265
colocated,False,4.0,116,92,79.3103448275862,265
colocated,False,5.0,116,73,62.93103448275862,265
separated,False,-4.0,116,57,49.137931034482754,265
separated,False,-2.0,116,85,73.27586206896551,265
separated,False,0.0,116,76,65.51724137931035,265
separated,False,1.0,116,88,75.86206896551724,265
separated,False,2.0,116,73,62.93103448275862,265
separated,False,3.0,116,68,58.620689655172406,265
separated,False,4.0,116,81,69.82758620689656,265
separated,False,5.0,116,75,64.65517241379311,265
single_speaker,False,-4.0,116,88,75.86206896551724,265
single_speaker,False,-2.0,116,79,68.10344827586206,265
single_speaker,False,0.0,116,94,81.03448275862068,265
single_speaker,False,1.0,116,87,75.0,265
single_speaker,False,2.0,116,96,82.75862068965517,265
single_speaker,False,3.0,116,79,68.10344827586206,265
single_speaker,False,4.0,116,97,83.62068965517241,265
single_speaker,False,5.0,116,80,68.96551724137932,265
colocated,False,-4.0,116,73,62.93103448275862,266
colocated,False,-2.0,116,77,66.37931034482759,266
colocated,False,0.0,116,80,68.96551724137932,266
colocated,False,1.0,116,77,66.37931034482759,266
colocated,False,2.0,116,92,79.3103448275862,266
colocated,False,3.0,116,66,56.896551724137936,266
colocated,False,4.0,116,74,63.793103448275865,266
colocated,False,5.0,116,78,67.24137931034483,266
separated,False,-4.0,116,54,46.55172413793103,266
separated,False,-2.0,116,80,68.96551724137932,266
separated,False,0.0,116,79,68.10344827586206,266
separated,False,1.0,116,95,81.89655172413794,266
separated,False,2.0,116,81,69.82758620689656,266
separated,False,3.0,116,68,58.620689655172406,266
separated,False,4.0,116,89,76.72413793103449,266
separated,False,5.0,116,76,65.51724137931035,266
single_speaker,False,-4.0,116,89,76.72413793103449,266
single_speaker,False,-2.0,116,76,65.51724137931035,266
single_speaker,False,0.0,116,79,68.10344827586206,266
single_speaker,False,1.0,116,92,79.3103448275862,266
single_speaker,False,2.0,116,94,81.03448275862068,266
single_speaker,False,3.0,116,89,76.72413793103449,266
single_speaker,False,4.0,116,90,77.58620689655173,266
single_speaker,False,5.0,116,81,69.82758620689656,266
colocated,False,-4.0,116,68,58.620689655172406,267
colocated,False,-2.0,116,68,58.620689655172406,267
colocated,False,0.0,116,72,62.06896551724138,267
colocated,False,1.0,116,88,75.86206896551724,267
colocated,False,2.0,116,88,75.86206896551724,267
colocated,False,3.0,116,67,57.758620689655174,267
colocated,False,4.0,116,84,72.41379310344827,267
colocated,False,5.0,116,80,68.96551724137932,267
separated,False,-4.0,116,73,62.93103448275862,267
separated,False,-2.0,116,72,62.06896551724138,267
separated,False,0.0,116,68,58.620689655172406,267
separated,False,1.0,116,99,85.34482758620689,267
separated,False,2.0,116,80,68.96551724137932,267
separated,False,3.0,116,70,60.3448275862069,267
separated,False,4.0,116,91,78.44827586206897,267
separated,False,5.0,116,82,70.6896551724138,267
single_speaker,False,-4.0,116,93,80.17241379310344,267
single_speaker,False,-2.0,116,72,62.06896551724138,267
single_speaker,False,0.0,116,80,68.96551724137932,267
single_speaker,False,1.0,116,87,75.0,267
single_speaker,False,2.0,116,94,81.03448275862068,267
single_speaker,False,3.0,116,86,74.13793103448276,267
single_speaker,False,4.0,116,93,80.17241379310344,267
single_speaker,False,5.0,116,84,72.41379310344827,267
colocated,False,-4.0,116,65,56.03448275862068,268
colocated,False,-2.0,116,68,58.620689655172406,268
colocated,False,0.0,116,71,61.206896551724135,268
colocated,False,1.0,116,75,64.65517241379311,268
colocated,False,2.0,116,91,78.44827586206897,268
colocated,False,3.0,116,67,57.758620689655174,268
colocated,False,4.0,116,79,68.10344827586206,268
colocated,False,5.0,116,86,74.13793103448276,268
separated,False,-4.0,116,61,52.58620689655172,268
separated,False,-2.0,116,74,63.793103448275865,268
separated,False,0.0,116,79,68.10344827586206,268
separated,False,1.0,116,95,81.89655172413794,268
separated,False,2.0,116,75,64.65517241379311,268
separated,False,3.0,116,68,58.620689655172406,268
separated,False,4.0,116,89,76.72413793103449,268
separated,False,5.0,116,71,61.206896551724135,268
single_speaker,False,-4.0,116,83,71.55172413793103,268
single_speaker,False,-2.0,116,81,69.82758620689656,268
single_speaker,False,0.0,116,76,65.51724137931035,268
single_speaker,False,1.0,116,88,75.86206896551724,268
single_speaker,False,2.0,116,108,93.10344827586206,268
single_speaker,False,3.0,116,79,68.10344827586206,268
single_speaker,False,4.0,116,93,80.17241379310344,268
single_speaker,False,5.0,116,78,67.24137931034483,268
colocated,False,-4.0,116,65,56.03448275862068,269
colocated,False,-2.0,116,64,55.172413793103445,269
colocated,False,0.0,116,73,62.93103448275862,269
colocated,False,1.0,116,74,63.793103448275865,269
colocated,False,2.0,116,85,73.27586206896551,269
colocated,False,3.0,116,67,57.758620689655174,269
colocated,False,4.0,116,83,71.55172413793103,269
colocated,False,5.0,116,74,63.793103448275865,269
separated,False,-4.0,116,64,55.172413793103445,269
separated,False,-2.0,116,72,62.06896551724138,269
separated,False,0.0,116,76,65.51724137931035,269
separated,False,1.0,116,89,76.72413793103449,269
separated,False,2.0,116,75,64.65517241379311,269
separated,False,3.0,116,65,56.03448275862068,269
separated,False,4.0,116,81,69.82758620689656,269
separated,False,5.0,116,81,69.82758620689656,269
single_speaker,False,-4.0,116,82,70.6896551724138,269
single_speaker,False,-2.0,116,77,66.37931034482759,269
single_speaker,False,0.0,116,90,77.58620689655173,269
single_speaker,False,1.0,116,95,81.89655172413794,269
single_speaker,False,2.0,116,97,83.62068965517241,269
single_speaker,False,3.0,116,88,75.86206896551724,269
single_speaker,False,4.0,116,89,76.72413793103449,269
single_speaker,False,5.0,116,78,67.24137931034483,269
colocated,False,-4.0,116,69,59.48275862068966,270
colocated,False,-2.0,116,56,48.275862068965516,270
colocated,False,0.0,116,74,63.793103448275865,270
colocated,False,1.0,116,82,70.6896551724138,270
colocated,False,2.0,116,89,76.72413793103449,270
colocated,False,3.0,116,70,60.3448275862069,270
colocated,False,4.0,116,84,72.41379310344827,270
colocated,False,5.0,116,85,73.27586206896551,270
separated,False,-4.0,116,64,55.172413793103445,270
separated,False,-2.0,116,73,62.93103448275862,270
separated,False,0.0,116,75,64.65517241379311,270
separated,False,1.0,116,94,81.03448275862068,270
separated,False,2.0,116,78,67.24137931034483,270
separated,False,3.0,116,75,64.65517241379311,270
separated,False,4.0,116,84,72.41379310344827,270
separated,False,5.0,116,71,61.206896551724135,270
single_speaker,False,-4.0,116,95,81.89655172413794,270
single_speaker,False,-2.0,116,79,68.10344827586206,270
single_speaker,False,0.0,116,85,73.27586206896551,270
single_speaker,False,1.0,116,93,80.17241379310344,270
single_speaker,False,2.0,116,105,90.51724137931035,270
single_speaker,False,3.0,116,78,67.24137931034483,270
single_speaker,False,4.0,116,92,79.3103448275862,270
single_speaker,False,5.0,116,91,78.44827586206897,270
colocated,False,-4.0,116,75,64.65517241379311,271
colocated,False,-2.0,116,57,49.137931034482754,271
colocated,False,0.0,116,75,64.65517241379311,271
colocated,False,1.0,116,80,68.96551724137932,271
colocated,False,2.0,116,82,70.6896551724138,271
colocated,False,3.0,116,80,68.96551724137932,271
colocated,False,4.0,116,74,63.793103448275865,271
colocated,False,5.0,116,79,68.10344827586206,271
separated,False,-4.0,116,61,52.58620689655172,271
separated,False,-2.0,116,82,70.6896551724138,271
separated,False,0.0,116,83,71.55172413793103,271
separated,False,1.0,116,86,74.13793103448276,271
separated,False,2.0,116,74,63.793103448275865,271
separated,False,3.0,116,73,62.93103448275862,271
separated,False,4.0,116,86,74.13793103448276,271
separated,False,5.0,116,79,68.10344827586206,271
single_speaker,False,-4.0,116,91,78.44827586206897,271
single_speaker,False,-2.0,116,78,67.24137931034483,271
single_speaker,False,0.0,116,91,78.44827586206897,271
single_speaker,False,1.0,116,92,79.3103448275862,271
single_speaker,False,2.0,116,103,88.79310344827587,271
single_speaker,False,3.0,116,80,68.96551724137932,271
single_speaker,False,4.0,116,94,81.03448275862068,271
single_speaker,False,5.0,116,78,67.24137931034483,271
colocated,False,-4.0,116,69,59.48275862068966,272
colocated,False,-2.0,116,72,62.06896551724138,272
colocated,False,0.0,116,65,56.03448275862068,272
colocated,False,1.0,116,72,62.06896551724138,272
colocated,False,2.0,116,89,76.72413793103449,272
colocated,False,3.0,116,68,58.620689655172406,272
colocated,False,4.0,116,71,61.206896551724135,272
colocated,False,5.0,116,83,71.55172413793103,272
separated,False,-4.0,116,70,60.3448275862069,272
separated,False,-2.0,116,76,65.51724137931035,272
separated,False,0.0,116,73,62.93103448275862,272
separated,False,1.0,116,92,79.3103448275862,272
separated,False,2.0,116,79,68.10344827586206,272
separated,False,3.0,116,76,65.51724137931035,272
separated,False,4.0,116,92,79.3103448275862,272
separated,False,5.0,116,74,63.793103448275865,272
single_speaker,False,-4.0,116,94,81.03448275862068,272
single_speaker,False,-2.0,116,83,71.55172413793103,272
single_speaker,False,0.0,116,82,70.6896551724138,272
single_speaker,False,1.0,116,92,79.3103448275862,272
single_speaker,False,2.0,116,100,86.20689655172413,272
single_speaker,False,3.0,116,81,69.82758620689656,272
single_speaker,False,4.0,116,92,79.3103448275862,272
single_speaker,False,5.0,116,79,68.10344827586206,272
colocated,False,-4.0,116,61,52.58620689655172,273
colocated,False,-2.0,116,62,53.44827586206896,273
colocated,False,0.0,116,70,60.3448275862069,273
colocated,False,1.0,116,79,68.10344827586206,273
colocated,False,2.0,116,87,75.0,273
colocated,False,3.0,116,63,54.310344827586206,273
colocated,False,4.0,116,81,69.82758620689656,273
colocated,False,5.0,116,81,69.82758620689656,273
separated,False,-4.0,116,69,59.48275862068966,273
separated,False,-2.0,116,75,64.65517241379311,273
separated,False,0.0,116,76,65.51724137931035,273
separated,False,1.0,116,98,84.48275862068965,273
separated,False,2.0,116,80,68.96551724137932,273
separated,False,3.0,116,71,61.206896551724135,273
separated,False,4.0,116,88,75.86206896551724,273
separated,False,5.0,116,77,66.37931034482759,273
single_speaker,False,-4.0,116,89,76.72413793103449,273
single_speaker,False,-2.0,116,85,73.27586206896551,273
single_speaker,False,0.0,116,80,68.96551724137932,273
single_speaker,False,1.0,116,99,85.34482758620689,273
single_speaker,False,2.0,116,96,82.75862068965517,273
single_speaker,False,3.0,116,80,68.96551724137932,273
single_speaker,False,4.0,116,100,86.20689655172413,273
single_speaker,False,5.0,116,88,75.86206896551724,273
colocated,False,-4.0,116,67,57.758620689655174,274
colocated,False,-2.0,116,62,53.44827586206896,274
colocated,False,0.0,116,77,66.37931034482759,274
colocated,False,1.0,116,76,65.51724137931035,274
colocated,False,2.0,116,81,69.82758620689656,274
colocated,False,3.0,116,66,56.896551724137936,274
colocated,False,4.0,116,75,64.65517241379311,274
colocated,False,5.0,116,83,71.55172413793103,274
separated,False,-4.0,116,60,51.724137931034484,274
separated,False,-2.0,116,73,62.93103448275862,274
separated,False,0.0,116,77,66.37931034482759,274
separated,False,1.0,116,96,82.75862068965517,274
separated,False,2.0,116,75,64.65517241379311,274
separated,False,3.0,116,68,58.620689655172406,274
separated,False,4.0,116,93,80.17241379310344,274
separated,False,5.0,116,84,72.41379310344827,274
single_speaker,False,-4.0,116,93,80.17241379310344,274
single_speaker,False,-2.0,116,77,66.37931034482759,274
single_speaker,False,0.0,116,87,75.0,274
single_speaker,False,1.0,116,100,86.20689655172413,274
single_speaker,False,2.0,116,101,87.06896551724138,274
single_speaker,False,3.0,116,74,63.793103448275865,274
single_speaker,False,4.0,116,86,74.13793103448276,274
single_speaker,False,5.0,116,86,74.13793103448276,274
colocated,False,-4.0,116,64,55.172413793103445,275
colocated,False,-2.0,116,67,57.758620689655174,275
colocated,False,0.0,116,75,64.65517241379311,275
colocated,False,1.0,116,64,55.172413793103445,275
colocated,False,2.0,116,98,84.48275862068965,275
colocated,False,3.0,116,65,56.03448275862068,275
colocated,False,4.0,116,80,68.96551724137932,275
colocated,False,5.0,116,81,69.82758620689656,275
separated,False,-4.0,116,65,56.03448275862068,275
separated,False,-2.0,116,76,65.51724137931035,275
separated,False,0.0,116,71,61.206896551724135,275
separated,False,1.0,116,102,87.93103448275862,275
separated,False,2.0,116,72,62.06896551724138,275
separated,False,3.0,116,70,60.3448275862069,275
separated,False,4.0,116,87,75.0,275
separated,False,5.0,116,75,64.65517241379311,275
single_speaker,False,-4.0,116,80,68.96551724137932,275
single_speaker,False,-2.0,116,69,59.48275862068966,275
single_speaker,False,0.0,116,86,74.13793103448276,275
single_speaker,False,1.0,116,86,74.13793103448276,275
single_speaker,False,2.0,116,105,90.51724137931035,275
single_speaker,False,3.0,116,80,68.96551724137932,275
single_speaker,False,4.0,116,94,81.03448275862068,275
single_speaker,False,5.0,116,79,68.10344827586206,275
colocated,False,-4.0,116,58,50.0,276
colocated,False,-2.0,116,66,56.896551724137936,276
colocated,False,0.0,116,70,60.3448275862069,276
colocated,False,1.0,116,75,64.65517241379311,276
colocated,False,2.0,116,88,75.86206896551724,276
colocated,False,3.0,116,59,50.86206896551724,276
colocated,False,4.0,116,85,73.27586206896551,276
colocated,False,5.0,116,85,73.27586206896551,276
separated,False,-4.0,116,54,46.55172413793103,276
separated,False,-2.0,116,78,67.24137931034483,276
separated,False,0.0,116,72,62.06896551724138,276
separated,False,1.0,116,91,78.44827586206897,276
separated,False,2.0,116,78,67.24137931034483,276
separated,False,3.0,116,66,56.896551724137936,276
separated,False,4.0,116,87,75.0,276
separated,False,5.0,116,76,65.51724137931035,276
single_speaker,False,-4.0,116,82,70.6896551724138,276
single_speaker,False,-2.0,116,80,68.96551724137932,276
single_speaker,False,0.0,116,82,70.6896551724138,276
single_speaker,False,1.0,116,92,79.3103448275862,276
single_speaker,False,2.0,116,103,88.79310344827587,276
single_speaker,False,3.0,116,87,75.0,276
single_speaker,False,4.0,116,85,73.27586206896551,276
single_speaker,False,5.0,116,86,74.13793103448276,276
colocated,False,-4.0,116,66,56.896551724137936,277
colocated,False,-2.0,116,58,50.0,277
colocated,False,0.0,116,72,62.06896551724138,277
colocated,False,1.0,116,84,72.41379310344827,277
colocated,False,2.0,116,89,76.72413793103449,277
colocated,False,3.0,116,63,54.310344827586206,277
colocated,False,4.0,116,78,67.24137931034483,277
colocated,False,5.0,116,77,66.37931034482759,277
separated,False,-4.0,116,73,62.93103448275862,277
separated,False,-2.0,116,73,62.93103448275862,277
separated,False,0.0,116,78,67.24137931034483,277
separated,False,1.0,116,92,79.3103448275862,277
separated,False,2.0,116,70,60.3448275862069,277
separated,False,3.0,116,72,62.06896551724138,277
separated,False,4.0,116,72,62.06896551724138,277
separated,False,5.0,116,82,70.6896551724138,277
single_speaker,False,-4.0,116,85,73.27586206896551,277
single_speaker,False,-2.0,116,73,62.93103448275862,277
single_speaker,False,0.0,116,92,79.3103448275862,277
single_speaker,False,1.0,116,93,80.17241379310344,277
single_speaker,False,2.0,116,98,84.48275862068965,277
single_speaker,False,3.0,116,88,75.86206896551724,277
single_speaker,False,4.0,116,93,80.17241379310344,277
single_speaker,False,5.0,116,86,74.13793103448276,277
colocated,False,-4.0,116,68,58.620689655172406,278
colocated,False,-2.0,116,59,50.86206896551724,278
colocated,False,0.0,116,71,61.206896551724135,278
colocated,False,1.0,116,73,62.93103448275862,278
colocated,False,2.0,116,86,74.13793103448276,278
colocated,False,3.0,116,60,51.724137931034484,278
colocated,False,4.0,116,71,61.206896551724135,278
colocated,False,5.0,116,88,75.86206896551724,278
separated,False,-4.0,116,59,50.86206896551724,278
separated,False,-2.0,116,66,56.896551724137936,278
separated,False,0.0,116,85,73.27586206896551,278
separated,False,1.0,116,90,77.58620689655173,278
separated,False,2.0,116,78,67.24137931034483,278
separated,False,3.0,116,62,53.44827586206896,278
separated,False,4.0,116,83,71.55172413793103,278
separated,False,5.0,116,75,64.65517241379311,278
single_speaker,False,-4.0,116,86,74.13793103448276,278
single_speaker,False,-2.0,116,76,65.51724137931035,278
single_speaker,False,0.0,116,86,74.13793103448276,278
single_speaker,False,1.0,116,93,80.17241379310344,278
single_speaker,False,2.0,116,99,85.34482758620689,278
single_speaker,False,3.0,116,88,75.86206896551724,278
single_speaker,False,4.0,116,92,79.3103448275862,278
single_speaker,False,5.0,116,92,79.3103448275862,278
colocated,False,-4.0,116,59,50.86206896551724,279
colocated,False,-2.0,116,79,68.10344827586206,279
colocated,False,0.0,116,75,64.65517241379311,279
colocated,False,1.0,116,89,76.72413793103449,279
colocated,False,2.0,116,85,73.27586206896551,279
colocated,False,3.0,116,57,49.137931034482754,279
colocated,False,4.0,116,81,69.82758620689656,279
colocated,False,5.0,116,80,68.96551724137932,279
separated,False,-4.0,116,66,56.896551724137936,279
separated,False,-2.0,116,69,59.48275862068966,279
separated,False,0.0,116,85,73.27586206896551,279
separated,False,1.0,116,92,79.3103448275862,279
separated,False,2.0,116,81,69.82758620689656,279
separated,False,3.0,116,66,56.896551724137936,279
separated,False,4.0,116,93,80.17241379310344,279
separated,False,5.0,116,83,71.55172413793103,279
single_speaker,False,-4.0,116,87,75.0,279
single_speaker,False,-2.0,116,74,63.793103448275865,279
single_speaker,False,0.0,116,87,75.0,279
single_speaker,False,1.0,116,91,78.44827586206897,279
single_speaker,False,2.0,116,103,88.79310344827587,279
single_speaker,False,3.0,116,83,71.55172413793103,279
single_speaker,False,4.0,116,87,75.0,279
single_speaker,False,5.0,116,90,77.58620689655173,279
colocated,False,-4.0,116,64,55.172413793103445,280
colocated,False,-2.0,116,73,62.93103448275862,280
colocated,False,0.0,116,73,62.93103448275862,280
colocated,False,1.0,116,79,68.10344827586206,280
colocated,False,2.0,116,92,79.3103448275862,280
colocated,False,3.0,116,72,62.06896551724138,280
colocated,False,4.0,116,75,64.65517241379311,280
colocated,False,5.0,116,76,65.51724137931035,280
separated,False,-4.0,116,56,48.275862068965516,280
separated,False,-2.0,116,74,63.793103448275865,280
separated,False,0.0,116,72,62.06896551724138,280
separated,False,1.0,116,99,85.34482758620689,280
separated,False,2.0,116,81,69.82758620689656,280
separated,False,3.0,116,75,64.65517241379311,280
separated,False,4.0,116,85,73.27586206896551,280
separated,False,5.0,116,84,72.41379310344827,280
single_speaker,False,-4.0,116,85,73.27586206896551,280
single_speaker,False,-2.0,116,76,65.51724137931035,280
single_speaker,False,0.0,116,84,72.41379310344827,280
single_speaker,False,1.0,116,98,84.48275862068965,280
single_speaker,False,2.0,116,90,77.58620689655173,280
single_speaker,False,3.0,116,81,69.82758620689656,280
single_speaker,False,4.0,116,90,77.58620689655173,280
single_speaker,False,5.0,116,73,62.93103448275862,280
colocated,False,-4.0,116,62,53.44827586206896,281
colocated,False,-2.0,116,60,51.724137931034484,281
colocated,False,0.0,116,71,61.206896551724135,281
colocated,False,1.0,116,70,60.3448275862069,281
colocated,False,2.0,116,82,70.6896551724138,281
colocated,False,3.0,116,60,51.724137931034484,281
colocated,False,4.0,116,71,61.206896551724135,281
colocated,False,5.0,116,78,67.24137931034483,281
separated,False,-4.0,116,69,59.48275862068966,281
separated,False,-2.0,116,80,68.96551724137932,281
separated,False,0.0,116,83,71.55172413793103,281
separated,False,1.0,116,92,79.3103448275862,281
separated,False,2.0,116,68,58.620689655172406,281
separated,False,3.0,116,64,55.172413793103445,281
separated,False,4.0,116,93,80.17241379310344,281
separated,False,5.0,116,82,70.6896551724138,281
single_speaker,False,-4.0,116,85,73.27586206896551,281
single_speaker,False,-2.0,116,77,66.37931034482759,281
single_speaker,False,0.0,116,81,69.82758620689656,281
single_speaker,False,1.0,116,92,79.3103448275862,281
single_speaker,False,2.0,116,102,87.93103448275862,281
single_speaker,False,3.0,116,84,72.41379310344827,281
single_speaker,False,4.0,116,95,81.89655172413794,281
single_speaker,False,5.0,116,85,73.27586206896551,281
colocated,False,-4.0,116,66,56.896551724137936,282
colocated,False,-2.0,116,72,62.06896551724138,282
colocated,False,0.0,116,71,61.206896551724135,282
colocated,False,1.0,116,88,75.86206896551724,282
colocated,False,2.0,116,91,78.44827586206897,282
colocated,False,3.0,116,58,50.0,282
colocated,False,4.0,116,87,75.0,282
colocated,False,5.0,116,82,70.6896551724138,282
separated,False,-4.0,116,62,53.44827586206896,282
separated,False,-2.0,116,70,60.3448275862069,282
separated,False,0.0,116,68,58.620689655172406,282
separated,False,1.0,116,97,83.62068965517241,282
separated,False,2.0,116,66,56.896551724137936,282
separated,False,3.0,116,71,61.206896551724135,282
separated,False,4.0,116,84,72.41379310344827,282
separated,False,5.0,116,78,67.24137931034483,282
single_speaker,False,-4.0,116,85,73.27586206896551,282
single_speaker,False,-2.0,116,73,62.93103448275862,282
single_speaker,False,0.0,116,84,72.41379310344827,282
single_speaker,False,1.0,116,91,78.44827586206897,282
single_speaker,False,2.0,116,100,86.20689655172413,282
single_speaker,False,3.0,116,89,76.72413793103449,282
single_speaker,False,4.0,116,91,78.44827586206897,282
single_speaker,False,5.0,116,87,75.0,282
colocated,False,-4.0,116,67,57.758620689655174,283
colocated,False,-2.0,116,73,62.93103448275862,283
colocated,False,0.0,116,74,63.793103448275865,283
colocated,False,1.0,116,76,65.51724137931035,283
colocated,False,2.0,116,82,70.6896551724138,283
colocated,False,3.0,116,60,51.724137931034484,283
colocated,False,4.0,116,84,72.41379310344827,283
colocated,False,5.0,116,91,78.44827586206897,283
separated,False,-4.0,116,63,54.310344827586206,283
separated,False,-2.0,116,75,64.65517241379311,283
separated,False,0.0,116,71,61.206896551724135,283
separated,False,1.0,116,96,82.75862068965517,283
separated,False,2.0,116,78,67.24137931034483,283
separated,False,3.0,116,64,55.172413793103445,283
separated,False,4.0,116,90,77.58620689655173,283
separated,False,5.0,116,77,66.37931034482759,283
single_speaker,False,-4.0,116,85,73.27586206896551,283
single_speaker,False,-2.0,116,88,75.86206896551724,283
single_speaker,False,0.0,116,94,81.03448275862068,283
single_speaker,False,1.0,116,94,81.03448275862068,283
single_speaker,False,2.0,116,101,87.06896551724138,283
single_speaker,False,3.0,116,75,64.65517241379311,283
single_speaker,False,4.0,116,96,82.75862068965517,283
single_speaker,False,5.0,116,80,68.96551724137932,283
colocated,False,-4.0,116,51,43.96551724137931,284
colocated,False,-2.0,116,58,50.0,284
colocated,False,0.0,116,78,67.24137931034483,284
colocated,False,1.0,116,82,70.6896551724138,284
colocated,False,2.0,116,90,77.58620689655173,284
colocated,False,3.0,116,65,56.03448275862068,284
colocated,False,4.0,116,86,74.13793103448276,284
colocated,False,5.0,116,75,64.65517241379311,284
separated,False,-4.0,116,72,62.06896551724138,284
separated,False,-2.0,116,67,57.758620689655174,284
separated,False,0.0,116,75,64.65517241379311,284
separated,False,1.0,116,92,79.3103448275862,284
separated,False,2.0,116,75,64.65517241379311,284
separated,False,3.0,116,80,68.96551724137932,284
separated,False,4.0,116,85,73.27586206896551,284
separated,False,5.0,116,82,70.6896551724138,284
single_speaker,False,-4.0,116,97,83.62068965517241,284
single_speaker,False,-2.0,116,80,68.96551724137932,284
single_speaker,False,0.0,116,76,65.51724137931035,284
single_speaker,False,1.0,116,92,79.3103448275862,284
single_speaker,False,2.0,116,102,87.93103448275862,284
single_speaker,False,3.0,116,82,70.6896551724138,284
single_speaker,False,4.0,116,96,82.75862068965517,284
single_speaker,False,5.0,116,81,69.82758620689656,284
colocated,False,-4.0,116,62,53.44827586206896,285
colocated,False,-2.0,116,63,54.310344827586206,285
colocated,False,0.0,116,69,59.48275862068966,285
colocated,False,1.0,116,75,64.65517241379311,285
colocated,False,2.0,116,90,77.58620689655173,285
colocated,False,3.0,116,64,55.172413793103445,285
colocated,False,4.0,116,81,69.82758620689656,285
colocated,False,5.0,116,78,67.24137931034483,285
separated,False,-4.0,116,61,52.58620689655172,285
separated,False,-2.0,116,72,62.06896551724138,285
separated,False,0.0,116,74,63.793103448275865,285
separated,False,1.0,116,94,81.03448275862068,285
separated,False,2.0,116,70,60.3448275862069,285
separated,False,3.0,116,70,60.3448275862069,285
separated,False,4.0,116,77,66.37931034482759,285
separated,False,5.0,116,75,64.65517241379311,285
single_speaker,False,-4.0,116,91,78.44827586206897,285
single_speaker,False,-2.0,116,72,62.06896551724138,285
single_speaker,False,0.0,116,76,65.51724137931035,285
single_speaker,False,1.0,116,96,82.75862068965517,285
single_speaker,False,2.0,116,100,86.20689655172413,285
single_speaker,False,3.0,116,81,69.82758620689656,285
single_speaker,False,4.0,116,92,79.3103448275862,285
single_speaker,False,5.0,116,83,71.55172413793103,285
colocated,False,-4.0,116,66,56.896551724137936,286
colocated,False,-2.0,116,66,56.896551724137936,286
colocated,False,0.0,116,79,68.10344827586206,286
colocated,False,1.0,116,87,75.0,286
colocated,False,2.0,116,88,75.86206896551724,286
colocated,False,3.0,116,61,52.58620689655172,286
colocated,False,4.0,116,75,64.65517241379311,286
colocated,False,5.0,116,74,63.793103448275865,286
separated,False,-4.0,116,57,49.137931034482754,286
separated,False,-2.0,116,77,66.37931034482759,286
separated,False,0.0,116,76,65.51724137931035,286
separated,False,1.0,116,89,76.72413793103449,286
separated,False,2.0,116,81,69.82758620689656,286
separated,False,3.0,116,65,56.03448275862068,286
separated,False,4.0,116,81,69.82758620689656,286
separated,False,5.0,116,79,68.10344827586206,286
single_speaker,False,-4.0,116,96,82.75862068965517,286
single_speaker,False,-2.0,116,83,71.55172413793103,286
single_speaker,False,0.0,116,88,75.86206896551724,286
single_speaker,False,1.0,116,95,81.89655172413794,286
single_speaker,False,2.0,116,100,86.20689655172413,286
single_speaker,False,3.0,116,88,75.86206896551724,286
single_speaker,False,4.0,116,96,82.75862068965517,286
single_speaker,False,5.0,116,85,73.27586206896551,286
colocated,False,-4.0,116,67,57.758620689655174,287
colocated,False,-2.0,116,54,46.55172413793103,287
colocated,False,0.0,116,64,55.172413793103445,287
colocated,False,1.0,116,74,63.793103448275865,287
colocated,False,2.0,116,76,65.51724137931035,287
colocated,False,3.0,116,68,58.620689655172406,287
colocated,False,4.0,116,77,66.37931034482759,287
colocated,False,5.0,116,72,62.06896551724138,287
separated,False,-4.0,116,60,51.724137931034484,287
separated,False,-2.0,116,64,55.172413793103445,287
separated,False,0.0,116,81,69.82758620689656,287
separated,False,1.0,116,93,80.17241379310344,287
separated,False,2.0,116,74,63.793103448275865,287
separated,False,3.0,116,67,57.758620689655174,287
separated,False,4.0,116,85,73.27586206896551,287
separated,False,5.0,116,71,61.206896551724135,287
single_speaker,False,-4.0,116,89,76.72413793103449,287
single_speaker,False,-2.0,116,80,68.96551724137932,287
single_speaker,False,0.0,116,88,75.86206896551724,287
single_speaker,False,1.0,116,102,87.93103448275862,287
single_speaker,False,2.0,116,98,84.48275862068965,287
single_speaker,False,3.0,116,88,75.86206896551724,287
single_speaker,False,4.0,116,88,75.86206896551724,287
single_speaker,False,5.0,116,86,74.13793103448276,287
colocated,False,-4.0,116,63,54.310344827586206,288
colocated,False,-2.0,116,59,50.86206896551724,288
colocated,False,0.0,116,75,64.65517241379311,288
colocated,False,1.0,116,83,71.55172413793103,288
colocated,False,2.0,116,84,72.41379310344827,288
colocated,False,3.0,116,73,62.93103448275862,288
colocated,False,4.0,116,75,64.65517241379311,288
colocated,False,5.0,116,80,68.96551724137932,288
separated,False,-4.0,116,71,61.206896551724135,288
separated,False,-2.0,116,85,73.27586206896551,288
separated,False,0.0,116,77,66.37931034482759,288
separated,False,1.0,116,99,85.34482758620689,288
separated,False,2.0,116,78,67.24137931034483,288
separated,False,3.0,116,60,51.724137931034484,288
separated,False,4.0,116,77,66.37931034482759,288
separated,False,5.0,116,81,69.82758620689656,288
single_speaker,False,-4.0,116,85,73.27586206896551,288
single_speaker,False,-2.0,116,75,64.65517241379311,288
single_speaker,False,0.0,116,87,75.0,288
single_speaker,False,1.0,116,94,81.03448275862068,288
single_speaker,False,2.0,116,101,87.06896551724138,288
single_speaker,False,3.0,116,83,71.55172413793103,288
single_speaker,False,4.0,116,94,81.03448275862068,288
single_speaker,False,5.0,116,87,75.0,288
colocated,False,-4.0,116,63,54.310344827586206,289
colocated,False,-2.0,116,69,59.48275862068966,289
colocated,False,0.0,116,73,62.93103448275862,289
colocated,False,1.0,116,78,67.24137931034483,289
colocated,False,2.0,116,81,69.82758620689656,289
colocated,False,3.0,116,71,61.206896551724135,289
colocated,False,4.0,116,80,68.96551724137932,289
colocated,False,5.0,116,80,68.96551724137932,289
separated,False,-4.0,116,69,59.48275862068966,289
separated,False,-2.0,116,71,61.206896551724135,289
separated,False,0.0,116,72,62.06896551724138,289
separated,False,1.0,116,89,76.72413793103449,289
separated,False,2.0,116,78,67.24137931034483,289
separated,False,3.0,116,86,74.13793103448276,289
separated,False,4.0,116,91,78.44827586206897,289
separated,False,5.0,116,82,70.6896551724138,289
single_speaker,False,-4.0,116,80,68.96551724137932,289
single_speaker,False,-2.0,116,86,74.13793103448276,289
single_speaker,False,0.0,116,83,71.55172413793103,289
single_speaker,False,1.0,116,90,77.58620689655173,289
single_speaker,False,2.0,116,103,88.79310344827587,289
single_speaker,False,3.0,116,92,79.3103448275862,289
single_speaker,False,4.0,116,97,83.62068965517241,289
single_speaker,False,5.0,116,83,71.55172413793103,289
colocated,False,-4.0,116,64,55.172413793103445,290
colocated,False,-2.0,116,69,59.48275862068966,290
colocated,False,0.0,116,71,61.206896551724135,290
colocated,False,1.0,116,80,68.96551724137932,290
colocated,False,2.0,116,93,80.17241379310344,290
colocated,False,3.0,116,66,56.896551724137936,290
colocated,False,4.0,116,83,71.55172413793103,290
colocated,False,5.0,116,83,71.55172413793103,290
separated,False,-4.0,116,54,46.55172413793103,290
separated,False,-2.0,116,70,60.3448275862069,290
separated,False,0.0,116,75,64.65517241379311,290
separated,False,1.0,116,91,78.44827586206897,290
separated,False,2.0,116,73,62.93103448275862,290
separated,False,3.0,116,61,52.58620689655172,290
separated,False,4.0,116,90,77.58620689655173,290
separated,False,5.0,116,68,58.620689655172406,290
single_speaker,False,-4.0,116,89,76.72413793103449,290
single_speaker,False,-2.0,116,80,68.96551724137932,290
single_speaker,False,0.0,116,86,74.13793103448276,290
single_speaker,False,1.0,116,96,82.75862068965517,290
single_speaker,False,2.0,116,98,84.48275862068965,290
single_speaker,False,3.0,116,83,71.55172413793103,290
single_speaker,False,4.0,116,89,76.72413793103449,290
single_speaker,False,5.0,116,91,78.44827586206897,290
colocated,False,-4.0,116,66,56.896551724137936,291
colocated,False,-2.0,116,67,57.758620689655174,291
colocated,False,0.0,116,76,65.51724137931035,291
colocated,False,1.0,116,81,69.82758620689656,291
colocated,False,2.0,116,86,74.13793103448276,291
colocated,False,3.0,116,65,56.03448275862068,291
colocated,False,4.0,116,74,63.793103448275865,291
colocated,False,5.0,116,83,71.55172413793103,291
separated,False,-4.0,116,64,55.172413793103445,291
separated,False,-2.0,116,79,68.10344827586206,291
separated,False,0.0,116,71,61.206896551724135,291
separated,False,1.0,116,92,79.3103448275862,291
separated,False,2.0,116,82,70.6896551724138,291
separated,False,3.0,116,64,55.172413793103445,291
separated,False,4.0,116,84,72.41379310344827,291
separated,False,5.0,116,75,64.65517241379311,291
single_speaker,False,-4.0,116,84,72.41379310344827,291
single_speaker,False,-2.0,116,81,69.82758620689656,291
single_speaker,False,0.0,116,88,75.86206896551724,291
single_speaker,False,1.0,116,93,80.17241379310344,291
single_speaker,False,2.0,116,99,85.34482758620689,291
single_speaker,False,3.0,116,77,66.37931034482759,291
single_speaker,False,4.0,116,96,82.75862068965517,291
single_speaker,False,5.0,116,82,70.6896551724138,291
colocated,False,-4.0,116,71,61.206896551724135,292
colocated,False,-2.0,116,58,50.0,292
colocated,False,0.0,116,73,62.93103448275862,292
colocated,False,1.0,116,82,70.6896551724138,292
colocated,False,2.0,116,91,78.44827586206897,292
colocated,False,3.0,116,63,54.310344827586206,292
colocated,False,4.0,116,76,65.51724137931035,292
colocated,False,5.0,116,78,67.24137931034483,292
separated,False,-4.0,116,69,59.48275862068966,292
separated,False,-2.0,116,75,64.65517241379311,292
separated,False,0.0,116,77,66.37931034482759,292
separated,False,1.0,116,88,75.86206896551724,292
separated,False,2.0,116,73,62.93103448275862,292
separated,False,3.0,116,59,50.86206896551724,292
separated,False,4.0,116,86,74.13793103448276,292
separated,False,5.0,116,70,60.3448275862069,292
single_speaker,False,-4.0,116,74,63.793103448275865,292
single_speaker,False,-2.0,116,80,68.96551724137932,292
single_speaker,False,0.0,116,80,68.96551724137932,292
single_speaker,False,1.0,116,85,73.27586206896551,292
single_speaker,False,2.0,116,98,84.48275862068965,292
single_speaker,False,3.0,116,82,70.6896551724138,292
single_speaker,False,4.0,116,91,78.44827586206897,292
single_speaker,False,5.0,116,89,76.72413793103449,292
colocated,False,-4.0,116,60,51.724137931034484,293
colocated,False,-2.0,116,69,59.48275862068966,293
colocated,False,0.0,116,74,63.793103448275865,293
colocated,False,1.0,116,76,65.51724137931035,293
colocated,False,2.0,116,86,74.13793103448276,293
colocated,False,3.0,116,65,56.03448275862068,293
colocated,False,4.0,116,76,65.51724137931035,293
colocated,False,5.0,116,77,66.37931034482759,293
separated,False,-4.0,116,65,56.03448275862068,293
separated,False,-2.0,116,75,64.65517241379311,293
separated,False,0.0,116,73,62.93103448275862,293
separated,False,1.0,116,88,75.86206896551724,293
separated,False,2.0,116,78,67.24137931034483,293
separated,False,3.0,116,69,59.48275862068966,293
separated,False,4.0,116,86,74.13793103448276,293
separated,False,5.0,116,79,68.10344827586206,293
single_speaker,False,-4.0,116,88,75.86206896551724,293
single_speaker,False,-2.0,116,85,73.27586206896551,293
single_speaker,False,0.0,116,88,75.86206896551724,293
single_speaker,False,1.0,116,88,75.86206896551724,293
single_speaker,False,2.0,116,98,84.48275862068965,293
single_speaker,False,3.0,116,90,77.58620689655173,293
single_speaker,False,4.0,116,92,79.3103448275862,293
single_speaker,False,5.0,116,79,68.10344827586206,293
colocated,False,-4.0,116,70,60.3448275862069,294
colocated,False,-2.0,116,62,53.44827586206896,294
colocated,False,0.0,116,73,62.93103448275862,294
colocated,False,1.0,116,76,65.51724137931035,294
colocated,False,2.0,116,86,74.13793103448276,294
colocated,False,3.0,116,73,62.93103448275862,294
colocated,False,4.0,116,75,64.65517241379311,294
colocated,False,5.0,116,83,71.55172413793103,294
separated,False,-4.0,116,55,47.41379310344828,294
separated,False,-2.0,116,81,69.82758620689656,294
separated,False,0.0,116,70,60.3448275862069,294
separated,False,1.0,116,89,76.72413793103449,294
separated,False,2.0,116,77,66.37931034482759,294
separated,False,3.0,116,71,61.206896551724135,294
separated,False,4.0,116,82,70.6896551724138,294
separated,False,5.0,116,73,62.93103448275862,294
single_speaker,False,-4.0,116,88,75.86206896551724,294
single_speaker,False,-2.0,116,80,68.96551724137932,294
single_speaker,False,0.0,116,85,73.27586206896551,294
single_speaker,False,1.0,116,85,73.27586206896551,294
single_speaker,False,2.0,116,104,89.65517241379311,294
single_speaker,False,3.0,116,77,66.37931034482759,294
single_speaker,False,4.0,116,86,74.13793103448276,294
single_speaker,False,5.0,116,84,72.41379310344827,294
colocated,False,-4.0,116,68,58.620689655172406,295
colocated,False,-2.0,116,67,57.758620689655174,295
colocated,False,0.0,116,77,66.37931034482759,295
colocated,False,1.0,116,78,67.24137931034483,295
colocated,False,2.0,116,85,73.27586206896551,295
colocated,False,3.0,116,54,46.55172413793103,295
colocated,False,4.0,116,74,63.793103448275865,295
colocated,False,5.0,116,80,68.96551724137932,295
separated,False,-4.0,116,67,57.758620689655174,295
separated,False,-2.0,116,65,56.03448275862068,295
separated,False,0.0,116,86,74.13793103448276,295
separated,False,1.0,116,90,77.58620689655173,295
separated,False,2.0,116,83,71.55172413793103,295
separated,False,3.0,116,82,70.6896551724138,295
separated,False,4.0,116,90,77.58620689655173,295
separated,False,5.0,116,75,64.65517241379311,295
single_speaker,False,-4.0,116,89,76.72413793103449,295
single_speaker,False,-2.0,116,87,75.0,295
single_speaker,False,0.0,116,83,71.55172413793103,295
single_speaker,False,1.0,116,90,77.58620689655173,295
single_speaker,False,2.0,116,95,81.89655172413794,295
single_speaker,False,3.0,116,75,64.65517241379311,295
single_speaker,False,4.0,116,97,83.62068965517241,295
single_speaker,False,5.0,116,87,75.0,295
colocated,False,-4.0,116,63,54.310344827586206,296
colocated,False,-2.0,116,68,58.620689655172406,296
colocated,False,0.0,116,70,60.3448275862069,296
colocated,False,1.0,116,77,66.37931034482759,296
colocated,False,2.0,116,83,71.55172413793103,296
colocated,False,3.0,116,74,63.793103448275865,296
colocated,False,4.0,116,80,68.96551724137932,296
colocated,False,5.0,116,70,60.3448275862069,296
separated,False,-4.0,116,71,61.206896551724135,296
separated,False,-2.0,116,82,70.6896551724138,296
separated,False,0.0,116,68,58.620689655172406,296
separated,False,1.0,116,96,82.75862068965517,296
separated,False,2.0,116,80,68.96551724137932,296
separated,False,3.0,116,82,70.6896551724138,296
separated,False,4.0,116,91,78.44827586206897,296
separated,False,5.0,116,67,57.758620689655174,296
single_speaker,False,-4.0,116,83,71.55172413793103,296
single_speaker,False,-2.0,116,83,71.55172413793103,296
single_speaker,False,0.0,116,84,72.41379310344827,296
single_speaker,False,1.0,116,95,81.89655172413794,296
single_speaker,False,2.0,116,97,83.62068965517241,296
single_speaker,False,3.0,116,79,68.10344827586206,296
single_speaker,False,4.0,116,90,77.58620689655173,296
single_speaker,False,5.0,116,82,70.6896551724138,296
colocated,False,-4.0,116,61,52.58620689655172,297
colocated,False,-2.0,116,60,51.724137931034484,297
colocated,False,0.0,116,71,61.206896551724135,297
colocated,False,1.0,116,85,73.27586206896551,297
colocated,False,2.0,116,84,72.41379310344827,297
colocated,False,3.0,116,68,58.620689655172406,297
colocated,False,4.0,116,80,68.96551724137932,297
colocated,False,5.0,116,81,69.82758620689656,297
separated,False,-4.0,116,58,50.0,297
separated,False,-2.0,116,74,63.793103448275865,297
separated,False,0.0,116,70,60.3448275862069,297
separated,False,1.0,116,95,81.89655172413794,297
separated,False,2.0,116,66,56.896551724137936,297
separated,False,3.0,116,63,54.310344827586206,297
separated,False,4.0,116,89,76.72413793103449,297
separated,False,5.0,116,73,62.93103448275862,297
single_speaker,False,-4.0,116,85,73.27586206896551,297
single_speaker,False,-2.0,116,89,76.72413793103449,297
single_speaker,False,0.0,116,84,72.41379310344827,297
single_speaker,False,1.0,116,87,75.0,297
single_speaker,False,2.0,116,98,84.48275862068965,297
single_speaker,False,3.0,116,88,75.86206896551724,297
single_speaker,False,4.0,116,99,85.34482758620689,297
single_speaker,False,5.0,116,77,66.37931034482759,297
colocated,False,-4.0,116,66,56.896551724137936,298
colocated,False,-2.0,116,70,60.3448275862069,298
colocated,False,0.0,116,79,68.10344827586206,298
colocated,False,1.0,116,91,78.44827586206897,298
colocated,False,2.0,116,83,71.55172413793103,298
colocated,False,3.0,116,70,60.3448275862069,298
colocated,False,4.0,116,81,69.82758620689656,298
colocated,False,5.0,116,84,72.41379310344827,298
separated,False,-4.0,116,65,56.03448275862068,298
separated,False,-2.0,116,74,63.793103448275865,298
separated,False,0.0,116,68,58.620689655172406,298
separated,False,1.0,116,90,77.58620689655173,298
separated,False,2.0,116,82,70.6896551724138,298
separated,False,3.0,116,62,53.44827586206896,298
separated,False,4.0,116,82,70.6896551724138,298
separated,False,5.0,116,71,61.206896551724135,298
single_speaker,False,-4.0,116,83,71.55172413793103,298
single_speaker,False,-2.0,116,88,75.86206896551724,298
single_speaker,False,0.0,116,76,65.51724137931035,298
single_speaker,False,1.0,116,102,87.93103448275862,298
single_speaker,False,2.0,116,98,84.48275862068965,298
single_speaker,False,3.0,116,94,81.03448275862068,298
single_speaker,False,4.0,116,92,79.3103448275862,298
single_speaker,False,5.0,116,81,69.82758620689656,298
colocated,False,-4.0,116,56,48.275862068965516,299
colocated,False,-2.0,116,54,46.55172413793103,299
colocated,False,0.0,116,76,65.51724137931035,299
colocated,False,1.0,116,80,68.96551724137932,299
colocated,False,2.0,116,86,74.13793103448276,299
colocated,False,3.0,116,68,58.620689655172406,299
colocated,False,4.0,116,75,64.65517241379311,299
colocated,False,5.0,116,85,73.27586206896551,299
separated,False,-4.0,116,64,55.172413793103445,299
separated,False,-2.0,116,74,63.793103448275865,299
separated,False,0.0,116,72,62.06896551724138,299
separated,False,1.0,116,97,83.62068965517241,299
separated,False,2.0,116,81,69.82758620689656,299
separated,False,3.0,116,70,60.3448275862069,299
separated,False,4.0,116,82,70.6896551724138,299
separated,False,5.0,116,78,67.24137931034483,299
single_speaker,False,-4.0,116,78,67.24137931034483,299
single_speaker,False,-2.0,116,88,75.86206896551724,299
single_speaker,False,0.0,116,82,70.6896551724138,299
single_speaker,False,1.0,116,96,82.75862068965517,299
single_speaker,False,2.0,116,99,85.34482758620689,299
single_speaker,False,3.0,116,79,68.10344827586206,299
single_speaker,False,4.0,116,94,81.03448275862068,299
single_speaker,False,5.0,116,77,66.37931034482759,299
colocated,False,-4.0,116,65,56.03448275862068,300
colocated,False,-2.0,116,63,54.310344827586206,300
colocated,False,0.0,116,79,68.10344827586206,300
colocated,False,1.0,116,80,68.96551724137932,300
colocated,False,2.0,116,89,76.72413793103449,300
colocated,False,3.0,116,70,60.3448275862069,300
colocated,False,4.0,116,82,70.6896551724138,300
colocated,False,5.0,116,84,72.41379310344827,300
separated,False,-4.0,116,66,56.896551724137936,300
separated,False,-2.0,116,71,61.206896551724135,300
separated,False,0.0,116,79,68.10344827586206,300
separated,False,1.0,116,85,73.27586206896551,300
separated,False,2.0,116,80,68.96551724137932,300
separated,False,3.0,116,73,62.93103448275862,300
separated,False,4.0,116,81,69.82758620689656,300
separated,False,5.0,116,81,69.82758620689656,300
single_speaker,False,-4.0,116,93,80.17241379310344,300
single_speaker,False,-2.0,116,83,71.55172413793103,300
single_speaker,False,0.0,116,85,73.27586206896551,300
single_speaker,False,1.0,116,91,78.44827586206897,300
single_speaker,False,2.0,116,104,89.65517241379311,300
single_speaker,False,3.0,116,81,69.82758620689656,300
single_speaker,False,4.0,116,90,77.58620689655173,300
single_speaker,False,5.0,116,79,68.10344827586206,300
colocated,False,-4.0,116,60,51.724137931034484,301
colocated,False,-2.0,116,69,59.48275862068966,301
colocated,False,0.0,116,80,68.96551724137932,301
colocated,False,1.0,116,87,75.0,301
colocated,False,2.0,116,91,78.44827586206897,301
colocated,False,3.0,116,62,53.44827586206896,301
colocated,False,4.0,116,82,70.6896551724138,301
colocated,False,5.0,116,81,69.82758620689656,301
separated,False,-4.0,116,56,48.275862068965516,301
separated,False,-2.0,116,69,59.48275862068966,301
separated,False,0.0,116,71,61.206896551724135,301
separated,False,1.0,116,95,81.89655172413794,301
separated,False,2.0,116,70,60.3448275862069,301
separated,False,3.0,116,69,59.48275862068966,301
separated,False,4.0,116,75,64.65517241379311,301
separated,False,5.0,116,77,66.37931034482759,301
single_speaker,False,-4.0,116,87,75.0,301
single_speaker,False,-2.0,116,86,74.13793103448276,301
single_speaker,False,0.0,116,79,68.10344827586206,301
single_speaker,False,1.0,116,93,80.17241379310344,301
single_speaker,False,2.0,116,105,90.51724137931035,301
single_speaker,False,3.0,116,80,68.96551724137932,301
single_speaker,False,4.0,116,97,83.62068965517241,301
single_speaker,False,5.0,116,85,73.27586206896551,301
colocated,False,-4.0,116,59,50.86206896551724,302
colocated,False,-2.0,116,71,61.206896551724135,302
colocated,False,0.0,116,75,64.65517241379311,302
colocated,False,1.0,116,83,71.55172413793103,302
colocated,False,2.0,116,95,81.89655172413794,302
colocated,False,3.0,116,65,56.03448275862068,302
colocated,False,4.0,116,87,75.0,302
colocated,False,5.0,116,85,73.27586206896551,302
separated,False,-4.0,116,70,60.3448275862069,302
separated,False,-2.0,116,68,58.620689655172406,302
separated,False,0.0,116,75,64.65517241379311,302
separated,False,1.0,116,89,76.72413793103449,302
separated,False,2.0,116,81,69.82758620689656,302
separated,False,3.0,116,74,63.793103448275865,302
separated,False,4.0,116,91,78.44827586206897,302
separated,False,5.0,116,85,73.27586206896551,302
single_speaker,False,-4.0,116,93,80.17241379310344,302
single_speaker,False,-2.0,116,84,72.41379310344827,302
single_speaker,False,0.0,116,84,72.41379310344827,302
single_speaker,False,1.0,116,87,75.0,302
single_speaker,False,2.0,116,100,86.20689655172413,302
single_speaker,False,3.0,116,81,69.82758620689656,302
single_speaker,False,4.0,116,98,84.48275862068965,302
single_speaker,False,5.0,116,85,73.27586206896551,302
colocated,False,-4.0,116,63,54.310344827586206,303
colocated,False,-2.0,116,59,50.86206896551724,303
colocated,False,0.0,116,70,60.3448275862069,303
colocated,False,1.0,116,86,74.13793103448276,303
colocated,False,2.0,116,89,76.72413793103449,303
colocated,False,3.0,116,66,56.896551724137936,303
colocated,False,4.0,116,76,65.51724137931035,303
colocated,False,5.0,116,80,68.96551724137932,303
separated,False,-4.0,116,66,56.896551724137936,303
separated,False,-2.0,116,80,68.96551724137932,303
separated,False,0.0,116,74,63.793103448275865,303
separated,False,1.0,116,96,82.75862068965517,303
separated,False,2.0,116,74,63.793103448275865,303
separated,False,3.0,116,65,56.03448275862068,303
separated,False,4.0,116,81,69.82758620689656,303
separated,False,5.0,116,79,68.10344827586206,303
single_speaker,False,-4.0,116,93,80.17241379310344,303
single_speaker,False,-2.0,116,77,66.37931034482759,303
single_speaker,False,0.0,116,87,75.0,303
single_speaker,False,1.0,116,92,79.3103448275862,303
single_speaker,False,2.0,116,104,89.65517241379311,303
single_speaker,False,3.0,116,83,71.55172413793103,303
single_speaker,False,4.0,116,97,83.62068965517241,303
single_speaker,False,5.0,116,87,75.0,303
colocated,False,-4.0,116,70,60.3448275862069,304
colocated,False,-2.0,116,75,64.65517241379311,304
colocated,False,0.0,116,77,66.37931034482759,304
colocated,False,1.0,116,76,65.51724137931035,304
colocated,False,2.0,116,83,71.55172413793103,304
colocated,False,3.0,116,84,72.41379310344827,304
colocated,False,4.0,116,81,69.82758620689656,304
colocated,False,5.0,116,74,63.793103448275865,304
separated,False,-4.0,116,63,54.310344827586206,304
separated,False,-2.0,116,78,67.24137931034483,304
separated,False,0.0,116,77,66.37931034482759,304
separated,False,1.0,116,97,83.62068965517241,304
separated,False,2.0,116,84,72.41379310344827,304
separated,False,3.0,116,75,64.65517241379311,304
separated,False,4.0,116,90,77.58620689655173,304
separated,False,5.0,116,77,66.37931034482759,304
single_speaker,False,-4.0,116,83,71.55172413793103,304
single_speaker,False,-2.0,116,85,73.27586206896551,304
single_speaker,False,0.0,116,83,71.55172413793103,304
single_speaker,False,1.0,116,94,81.03448275862068,304
single_speaker,False,2.0,116,97,83.62068965517241,304
single_speaker,False,3.0,116,82,70.6896551724138,304
single_speaker,False,4.0,116,92,79.3103448275862,304
single_speaker,False,5.0,116,89,76.72413793103449,304
colocated,False,-4.0,116,57,49.137931034482754,305
colocated,False,-2.0,116,60,51.724137931034484,305
colocated,False,0.0,116,76,65.51724137931035,305
colocated,False,1.0,116,80,68.96551724137932,305
colocated,False,2.0,116,93,80.17241379310344,305
colocated,False,3.0,116,68,58.620689655172406,305
colocated,False,4.0,116,79,68.10344827586206,305
colocated,False,5.0,116,82,70.6896551724138,305
separated,False,-4.0,116,77,66.37931034482759,305
separated,False,-2.0,116,72,62.06896551724138,305
separated,False,0.0,116,79,68.10344827586206,305
separated,False,1.0,116,93,80.17241379310344,305
separated,False,2.0,116,74,63.793103448275865,305
separated,False,3.0,116,67,57.758620689655174,305
separated,False,4.0,116,85,73.27586206896551,305
separated,False,5.0,116,75,64.65517241379311,305
single_speaker,False,-4.0,116,79,68.10344827586206,305
single_speaker,False,-2.0,116,82,70.6896551724138,305
single_speaker,False,0.0,116,84,72.41379310344827,305
single_speaker,False,1.0,116,93,80.17241379310344,305
single_speaker,False,2.0,116,98,84.48275862068965,305
single_speaker,False,3.0,116,93,80.17241379310344,305
single_speaker,False,4.0,116,92,79.3103448275862,305
single_speaker,False,5.0,116,84,72.41379310344827,305
colocated,False,-4.0,116,73,62.93103448275862,306
colocated,False,-2.0,116,69,59.48275862068966,306
colocated,False,0.0,116,78,67.24137931034483,306
colocated,False,1.0,116,70,60.3448275862069,306
colocated,False,2.0,116,90,77.58620689655173,306
colocated,False,3.0,116,70,60.3448275862069,306
colocated,False,4.0,116,78,67.24137931034483,306
colocated,False,5.0,116,75,64.65517241379311,306
separated,False,-4.0,116,61,52.58620689655172,306
separated,False,-2.0,116,72,62.06896551724138,306
separated,False,0.0,116,80,68.96551724137932,306
separated,False,1.0,116,93,80.17241379310344,306
separated,False,2.0,116,75,64.65517241379311,306
separated,False,3.0,116,69,59.48275862068966,306
separated,False,4.0,116,71,61.206896551724135,306
separated,False,5.0,116,75,64.65517241379311,306
single_speaker,False,-4.0,116,88,75.86206896551724,306
single_speaker,False,-2.0,116,88,75.86206896551724,306
single_speaker,False,0.0,116,89,76.72413793103449,306
single_speaker,False,1.0,116,100,86.20689655172413,306
single_speaker,False,2.0,116,100,86.20689655172413,306
single_speaker,False,3.0,116,79,68.10344827586206,306
single_speaker,False,4.0,116,92,79.3103448275862,306
single_speaker,False,5.0,116,88,75.86206896551724,306
colocated,False,-4.0,116,73,62.93103448275862,307
colocated,False,-2.0,116,58,50.0,307
colocated,False,0.0,116,71,61.206896551724135,307
colocated,False,1.0,116,83,71.55172413793103,307
colocated,False,2.0,116,85,73.27586206896551,307
colocated,False,3.0,116,66,56.896551724137936,307
colocated,False,4.0,116,77,66.37931034482759,307
colocated,False,5.0,116,82,70.6896551724138,307
separated,False,-4.0,116,50,43.103448275862064,307
separated,False,-2.0,116,79,68.10344827586206,307
separated,False,0.0,116,77,66.37931034482759,307
separated,False,1.0,116,91,78.44827586206897,307
separated,False,2.0,116,82,70.6896551724138,307
separated,False,3.0,116,65,56.03448275862068,307
separated,False,4.0,116,91,78.44827586206897,307
separated,False,5.0,116,84,72.41379310344827,307
single_speaker,False,-4.0,116,87,75.0,307
single_speaker,False,-2.0,116,79,68.10344827586206,307
single_speaker,False,0.0,116,90,77.58620689655173,307
single_speaker,False,1.0,116,92,79.3103448275862,307
single_speaker,False,2.0,116,103,88.79310344827587,307
single_speaker,False,3.0,116,83,71.55172413793103,307
single_speaker,False,4.0,116,99,85.34482758620689,307
single_speaker,False,5.0,116,86,74.13793103448276,307
colocated,False,-4.0,116,64,55.172413793103445,308
colocated,False,-2.0,116,69,59.48275862068966,308
colocated,False,0.0,116,84,72.41379310344827,308
colocated,False,1.0,116,75,64.65517241379311,308
colocated,False,2.0,116,85,73.27586206896551,308
colocated,False,3.0,116,62,53.44827586206896,308
colocated,False,4.0,116,77,66.37931034482759,308
colocated,False,5.0,116,79,68.10344827586206,308
separated,False,-4.0,116,63,54.310344827586206,308
separated,False,-2.0,116,72,62.06896551724138,308
separated,False,0.0,116,72,62.06896551724138,308
separated,False,1.0,116,92,79.3103448275862,308
separated,False,2.0,116,73,62.93103448275862,308
separated,False,3.0,116,77,66.37931034482759,308
separated,False,4.0,116,83,71.55172413793103,308
separated,False,5.0,116,68,58.620689655172406,308
single_speaker,False,-4.0,116,83,71.55172413793103,308
single_speaker,False,-2.0,116,78,67.24137931034483,308
single_speaker,False,0.0,116,87,75.0,308
single_speaker,False,1.0,116,85,73.27586206896551,308
single_speaker,False,2.0,116,103,88.79310344827587,308
single_speaker,False,3.0,116,82,70.6896551724138,308
single_speaker,False,4.0,116,98,84.48275862068965,308
single_speaker,False,5.0,116,80,68.96551724137932,308
colocated,False,-4.0,116,64,55.172413793103445,309
colocated,False,-2.0,116,66,56.896551724137936,309
colocated,False,0.0,116,66,56.896551724137936,309
colocated,False,1.0,116,76,65.51724137931035,309
colocated,False,2.0,116,83,71.55172413793103,309
colocated,False,3.0,116,71,61.206896551724135,309
colocated,False,4.0,116,85,73.27586206896551,309
colocated,False,5.0,116,79,68.10344827586206,309
separated,False,-4.0,116,62,53.44827586206896,309
separated,False,-2.0,116,71,61.206896551724135,309
separated,False,0.0,116,71,61.206896551724135,309
separated,False,1.0,116,104,89.65517241379311,309
separated,False,2.0,116,60,51.724137931034484,309
separated,False,3.0,116,72,62.06896551724138,309
separated,False,4.0,116,86,74.13793103448276,309
separated,False,5.0,116,75,64.65517241379311,309
single_speaker,False,-4.0,116,79,68.10344827586206,309
single_speaker,False,-2.0,116,81,69.82758620689656,309
single_speaker,False,0.0,116,95,81.89655172413794,309
single_speaker,False,1.0,116,90,77.58620689655173,309
single_speaker,False,2.0,116,102,87.93103448275862,309
single_speaker,False,3.0,116,79,68.10344827586206,309
single_speaker,False,4.0,116,93,80.17241379310344,309
single_speaker,False,5.0,116,79,68.10344827586206,309
colocated,False,-4.0,116,60,51.724137931034484,310
colocated,False,-2.0,116,65,56.03448275862068,310
colocated,False,0.0,116,70,60.3448275862069,310
colocated,False,1.0,116,84,72.41379310344827,310
colocated,False,2.0,116,86,74.13793103448276,310
colocated,False,3.0,116,70,60.3448275862069,310
colocated,False,4.0,116,69,59.48275862068966,310
colocated,False,5.0,116,74,63.793103448275865,310
separated,False,-4.0,116,67,57.758620689655174,310
separated,False,-2.0,116,74,63.793103448275865,310
separated,False,0.0,116,75,64.65517241379311,310
separated,False,1.0,116,96,82.75862068965517,310
separated,False,2.0,116,80,68.96551724137932,310
separated,False,3.0,116,64,55.172413793103445,310
separated,False,4.0,116,83,71.55172413793103,310
separated,False,5.0,116,70,60.3448275862069,310
single_speaker,False,-4.0,116,86,74.13793103448276,310
single_speaker,False,-2.0,116,78,67.24137931034483,310
single_speaker,False,0.0,116,76,65.51724137931035,310
single_speaker,False,1.0,116,100,86.20689655172413,310
single_speaker,False,2.0,116,102,87.93103448275862,310
single_speaker,False,3.0,116,79,68.10344827586206,310
single_speaker,False,4.0,116,93,80.17241379310344,310
single_speaker,False,5.0,116,78,67.24137931034483,310
colocated,False,-4.0,116,66,56.896551724137936,311
colocated,False,-2.0,116,61,52.58620689655172,311
colocated,False,0.0,116,72,62.06896551724138,311
colocated,False,1.0,116,80,68.96551724137932,311
colocated,False,2.0,116,74,63.793103448275865,311
colocated,False,3.0,116,64,55.172413793103445,311
colocated,False,4.0,116,74,63.793103448275865,311
colocated,False,5.0,116,73,62.93103448275862,311
separated,False,-4.0,116,72,62.06896551724138,311
separated,False,-2.0,116,69,59.48275862068966,311
separated,False,0.0,116,79,68.10344827586206,311
separated,False,1.0,116,99,85.34482758620689,311
separated,False,2.0,116,67,57.758620689655174,311
separated,False,3.0,116,68,58.620689655172406,311
separated,False,4.0,116,81,69.82758620689656,311
separated,False,5.0,116,75,64.65517241379311,311
single_speaker,False,-4.0,116,93,80.17241379310344,311
single_speaker,False,-2.0,116,87,75.0,311
single_speaker,False,0.0,116,91,78.44827586206897,311
single_speaker,False,1.0,116,87,75.0,311
single_speaker,False,2.0,116,99,85.34482758620689,311
single_speaker,False,3.0,116,84,72.41379310344827,311
single_speaker,False,4.0,116,99,85.34482758620689,311
single_speaker,False,5.0,116,68,58.620689655172406,311
colocated,False,-4.0,116,69,59.48275862068966,312
colocated,False,-2.0,116,60,51.724137931034484,312
colocated,False,0.0,116,64,55.172413793103445,312
colocated,False,1.0,116,88,75.86206896551724,312
colocated,False,2.0,116,83,71.55172413793103,312
colocated,False,3.0,116,70,60.3448275862069,312
colocated,False,4.0,116,70,60.3448275862069,312
colocated,False,5.0,116,70,60.3448275862069,312
separated,False,-4.0,116,56,48.275862068965516,312
separated,False,-2.0,116,71,61.206896551724135,312
separated,False,0.0,116,80,68.96551724137932,312
separated,False,1.0,116,94,81.03448275862068,312
separated,False,2.0,116,76,65.51724137931035,312
separated,False,3.0,116,73,62.93103448275862,312
separated,False,4.0,116,76,65.51724137931035,312
separated,False,5.0,116,76,65.51724137931035,312
single_speaker,False,-4.0,116,95,81.89655172413794,312
single_speaker,False,-2.0,116,79,68.10344827586206,312
single_speaker,False,0.0,116,77,66.37931034482759,312
single_speaker,False,1.0,116,85,73.27586206896551,312
single_speaker,False,2.0,116,102,87.93103448275862,312
single_speaker,False,3.0,116,86,74.13793103448276,312
single_speaker,False,4.0,116,90,77.58620689655173,312
single_speaker,False,5.0,116,85,73.27586206896551,312
colocated,False,-4.0,116,64,55.172413793103445,313
colocated,False,-2.0,116,63,54.310344827586206,313
colocated,False,0.0,116,77,66.37931034482759,313
colocated,False,1.0,116,81,69.82758620689656,313
colocated,False,2.0,116,91,78.44827586206897,313
colocated,False,3.0,116,68,58.620689655172406,313
colocated,False,4.0,116,80,68.96551724137932,313
colocated,False,5.0,116,81,69.82758620689656,313
separated,False,-4.0,116,56,48.275862068965516,313
separated,False,-2.0,116,75,64.65517241379311,313
separated,False,0.0,116,73,62.93103448275862,313
separated,False,1.0,116,92,79.3103448275862,313
separated,False,2.0,116,78,67.24137931034483,313
separated,False,3.0,116,68,58.620689655172406,313
separated,False,4.0,116,88,75.86206896551724,313
separated,False,5.0,116,78,67.24137931034483,313
single_speaker,False,-4.0,116,86,74.13793103448276,313
single_speaker,False,-2.0,116,82,70.6896551724138,313
single_speaker,False,0.0,116,93,80.17241379310344,313
single_speaker,False,1.0,116,91,78.44827586206897,313
single_speaker,False,2.0,116,98,84.48275862068965,313
single_speaker,False,3.0,116,88,75.86206896551724,313
single_speaker,False,4.0,116,93,80.17241379310344,313
single_speaker,False,5.0,116,85,73.27586206896551,313
colocated,False,-4.0,116,63,54.310344827586206,314
colocated,False,-2.0,116,66,56.896551724137936,314
colocated,False,0.0,116,69,59.48275862068966,314
colocated,False,1.0,116,84,72.41379310344827,314
colocated,False,2.0,116,82,70.6896551724138,314
colocated,False,3.0,116,63,54.310344827586206,314
colocated,False,4.0,116,78,67.24137931034483,314
colocated,False,5.0,116,77,66.37931034482759,314
separated,False,-4.0,116,62,53.44827586206896,314
separated,False,-2.0,116,65,56.03448275862068,314
separated,False,0.0,116,74,63.793103448275865,314
separated,False,1.0,116,91,78.44827586206897,314
separated,False,2.0,116,84,72.41379310344827,314
separated,False,3.0,116,68,58.620689655172406,314
separated,False,4.0,116,81,69.82758620689656,314
separated,False,5.0,116,71,61.206896551724135,314
single_speaker,False,-4.0,116,77,66.37931034482759,314
single_speaker,False,-2.0,116,76,65.51724137931035,314
single_speaker,False,0.0,116,91,78.44827586206897,314
single_speaker,False,1.0,116,96,82.75862068965517,314
single_speaker,False,2.0,116,107,92.24137931034483,314
single_speaker,False,3.0,116,86,74.13793103448276,314
single_speaker,False,4.0,116,91,78.44827586206897,314
single_speaker,False,5.0,116,82,70.6896551724138,314
colocated,False,-4.0,116,64,55.172413793103445,315
colocated,False,-2.0,116,71,61.206896551724135,315
colocated,False,0.0,116,81,69.82758620689656,315
colocated,False,1.0,116,73,62.93103448275862,315
colocated,False,2.0,116,85,73.27586206896551,315
colocated,False,3.0,116,62,53.44827586206896,315
colocated,False,4.0,116,79,68.10344827586206,315
colocated,False,5.0,116,80,68.96551724137932,315
separated,False,-4.0,116,49,42.241379310344826,315
separated,False,-2.0,116,81,69.82758620689656,315
separated,False,0.0,116,87,75.0,315
separated,False,1.0,116,95,81.89655172413794,315
separated,False,2.0,116,74,63.793103448275865,315
separated,False,3.0,116,82,70.6896551724138,315
separated,False,4.0,116,88,75.86206896551724,315
separated,False,5.0,116,79,68.10344827586206,315
single_speaker,False,-4.0,116,79,68.10344827586206,315
single_speaker,False,-2.0,116,77,66.37931034482759,315
single_speaker,False,0.0,116,90,77.58620689655173,315
single_speaker,False,1.0,116,90,77.58620689655173,315
single_speaker,False,2.0,116,97,83.62068965517241,315
single_speaker,False,3.0,116,80,68.96551724137932,315
single_speaker,False,4.0,116,90,77.58620689655173,315
single_speaker,False,5.0,116,82,70.6896551724138,315
colocated,False,-4.0,116,75,64.65517241379311,316
colocated,False,-2.0,116,64,55.172413793103445,316
colocated,False,0.0,116,78,67.24137931034483,316
colocated,False,1.0,116,69,59.48275862068966,316
colocated,False,2.0,116,96,82.75862068965517,316
colocated,False,3.0,116,59,50.86206896551724,316
colocated,False,4.0,116,83,71.55172413793103,316
colocated,False,5.0,116,71,61.206896551724135,316
separated,False,-4.0,116,59,50.86206896551724,316
separated,False,-2.0,116,72,62.06896551724138,316
separated,False,0.0,116,76,65.51724137931035,316
separated,False,1.0,116,91,78.44827586206897,316
separated,False,2.0,116,78,67.24137931034483,316
separated,False,3.0,116,77,66.37931034482759,316
separated,False,4.0,116,85,73.27586206896551,316
separated,False,5.0,116,82,70.6896551724138,316
single_speaker,False,-4.0,116,85,73.27586206896551,316
single_speaker,False,-2.0,116,80,68.96551724137932,316
single_speaker,False,0.0,116,78,67.24137931034483,316
single_speaker,False,1.0,116,91,78.44827586206897,316
single_speaker,False,2.0,116,101,87.06896551724138,316
single_speaker,False,3.0,116,84,72.41379310344827,316
single_speaker,False,4.0,116,90,77.58620689655173,316
single_speaker,False,5.0,116,90,77.58620689655173,316
colocated,False,-4.0,116,68,58.620689655172406,317
colocated,False,-2.0,116,70,60.3448275862069,317
colocated,False,0.0,116,76,65.51724137931035,317
colocated,False,1.0,116,80,68.96551724137932,317
colocated,False,2.0,116,88,75.86206896551724,317
colocated,False,3.0,116,63,54.310344827586206,317
colocated,False,4.0,116,84,72.41379310344827,317
colocated,False,5.0,116,77,66.37931034482759,317
separated,False,-4.0,116,69,59.48275862068966,317
separated,False,-2.0,116,75,64.65517241379311,317
separated,False,0.0,116,78,67.24137931034483,317
separated,False,1.0,116,95,81.89655172413794,317
separated,False,2.0,116,74,63.793103448275865,317
separated,False,3.0,116,80,68.96551724137932,317
separated,False,4.0,116,84,72.41379310344827,317
separated,False,5.0,116,83,71.55172413793103,317
single_speaker,False,-4.0,116,89,76.72413793103449,317
single_speaker,False,-2.0,116,80,68.96551724137932,317
single_speaker,False,0.0,116,94,81.03448275862068,317
single_speaker,False,1.0,116,92,79.3103448275862,317
single_speaker,False,2.0,116,104,89.65517241379311,317
single_speaker,False,3.0,116,76,65.51724137931035,317
single_speaker,False,4.0,116,94,81.03448275862068,317
single_speaker,False,5.0,116,86,74.13793103448276,317
colocated,False,-4.0,116,61,52.58620689655172,318
colocated,False,-2.0,116,69,59.48275862068966,318
colocated,False,0.0,116,63,54.310344827586206,318
colocated,False,1.0,116,77,66.37931034482759,318
colocated,False,2.0,116,88,75.86206896551724,318
colocated,False,3.0,116,59,50.86206896551724,318
colocated,False,4.0,116,77,66.37931034482759,318
colocated,False,5.0,116,85,73.27586206896551,318
separated,False,-4.0,116,62,53.44827586206896,318
separated,False,-2.0,116,73,62.93103448275862,318
separated,False,0.0,116,73,62.93103448275862,318
separated,False,1.0,116,99,85.34482758620689,318
separated,False,2.0,116,76,65.51724137931035,318
separated,False,3.0,116,80,68.96551724137932,318
separated,False,4.0,116,86,74.13793103448276,318
separated,False,5.0,116,85,73.27586206896551,318
single_speaker,False,-4.0,116,88,75.86206896551724,318
single_speaker,False,-2.0,116,80,68.96551724137932,318
single_speaker,False,0.0,116,88,75.86206896551724,318
single_speaker,False,1.0,116,101,87.06896551724138,318
single_speaker,False,2.0,116,102,87.93103448275862,318
single_speaker,False,3.0,116,85,73.27586206896551,318
single_speaker,False,4.0,116,95,81.89655172413794,318
single_speaker,False,5.0,116,78,67.24137931034483,318
colocated,False,-4.0,116,71,61.206896551724135,319
colocated,False,-2.0,116,59,50.86206896551724,319
colocated,False,0.0,116,73,62.93103448275862,319
colocated,False,1.0,116,77,66.37931034482759,319
colocated,False,2.0,116,93,80.17241379310344,319
colocated,False,3.0,116,58,50.0,319
colocated,False,4.0,116,79,68.10344827586206,319
colocated,False,5.0,116,84,72.41379310344827,319
separated,False,-4.0,116,67,57.758620689655174,319
separated,False,-2.0,116,79,68.10344827586206,319
separated,False,0.0,116,74,63.793103448275865,319
separated,False,1.0,116,95,81.89655172413794,319
separated,False,2.0,116,72,62.06896551724138,319
separated,False,3.0,116,76,65.51724137931035,319
separated,False,4.0,116,83,71.55172413793103,319
separated,False,5.0,116,71,61.206896551724135,319
single_speaker,False,-4.0,116,89,76.72413793103449,319
single_speaker,False,-2.0,116,82,70.6896551724138,319
single_speaker,False,0.0,116,85,73.27586206896551,319
single_speaker,False,1.0,116,91,78.44827586206897,319
single_speaker,False,2.0,116,108,93.10344827586206,319
single_speaker,False,3.0,116,78,67.24137931034483,319
single_speaker,False,4.0,116,101,87.06896551724138,319
single_speaker,False,5.0,116,86,74.13793103448276,319
colocated,False,-4.0,116,66,56.896551724137936,320
colocated,False,-2.0,116,66,56.896551724137936,320
colocated,False,0.0,116,80,68.96551724137932,320
colocated,False,1.0,116,86,74.13793103448276,320
colocated,False,2.0,116,88,75.86206896551724,320
colocated,False,3.0,116,74,63.793103448275865,320
colocated,False,4.0,116,82,70.6896551724138,320
colocated,False,5.0,116,80,68.96551724137932,320
separated,False,-4.0,116,51,43.96551724137931,320
separated,False,-2.0,116,79,68.10344827586206,320
separated,False,0.0,116,80,68.96551724137932,320
separated,False,1.0,116,98,84.48275862068965,320
separated,False,2.0,116,73,62.93103448275862,320
separated,False,3.0,116,68,58.620689655172406,320
separated,False,4.0,116,88,75.86206896551724,320
separated,False,5.0,116,74,63.793103448275865,320
single_speaker,False,-4.0,116,87,75.0,320
single_speaker,False,-2.0,116,88,75.86206896551724,320
single_speaker,False,0.0,116,84,72.41379310344827,320
single_speaker,False,1.0,116,93,80.17241379310344,320
single_speaker,False,2.0,116,103,88.79310344827587,320
single_speaker,False,3.0,116,74,63.793103448275865,320
single_speaker,False,4.0,116,93,80.17241379310344,320
single_speaker,False,5.0,116,75,64.65517241379311,320
colocated,False,-4.0,116,68,58.620689655172406,321
colocated,False,-2.0,116,58,50.0,321
colocated,False,0.0,116,66,56.896551724137936,321
colocated,False,1.0,116,77,66.37931034482759,321
colocated,False,2.0,116,80,68.96551724137932,321
colocated,False,3.0,116,66,56.896551724137936,321
colocated,False,4.0,116,76,65.51724137931035,321
colocated,False,5.0,116,76,65.51724137931035,321
separated,False,-4.0,116,55,47.41379310344828,321
separated,False,-2.0,116,79,68.10344827586206,321
separated,False,0.0,116,76,65.51724137931035,321
separated,False,1.0,116,93,80.17241379310344,321
separated,False,2.0,116,72,62.06896551724138,321
separated,False,3.0,116,74,63.793103448275865,321
separated,False,4.0,116,85,73.27586206896551,321
separated,False,5.0,116,72,62.06896551724138,321
single_speaker,False,-4.0,116,84,72.41379310344827,321
single_speaker,False,-2.0,116,77,66.37931034482759,321
single_speaker,False,0.0,116,85,73.27586206896551,321
single_speaker,False,1.0,116,95,81.89655172413794,321
single_speaker,False,2.0,116,104,89.65517241379311,321
single_speaker,False,3.0,116,73,62.93103448275862,321
single_speaker,False,4.0,116,99,85.34482758620689,321
single_speaker,False,5.0,116,84,72.41379310344827,321
colocated,False,-4.0,116,56,48.275862068965516,322
colocated,False,-2.0,116,67,57.758620689655174,322
colocated,False,0.0,116,72,62.06896551724138,322
colocated,False,1.0,116,81,69.82758620689656,322
colocated,False,2.0,116,87,75.0,322
colocated,False,3.0,116,73,62.93103448275862,322
colocated,False,4.0,116,77,66.37931034482759,322
colocated,False,5.0,116,77,66.37931034482759,322
separated,False,-4.0,116,56,48.275862068965516,322
separated,False,-2.0,116,71,61.206896551724135,322
separated,False,0.0,116,74,63.793103448275865,322
separated,False,1.0,116,89,76.72413793103449,322
separated,False,2.0,116,75,64.65517241379311,322
separated,False,3.0,116,78,67.24137931034483,322
separated,False,4.0,116,86,74.13793103448276,322
separated,False,5.0,116,74,63.793103448275865,322
single_speaker,False,-4.0,116,89,76.72413793103449,322
single_speaker,False,-2.0,116,84,72.41379310344827,322
single_speaker,False,0.0,116,92,79.3103448275862,322
single_speaker,False,1.0,116,89,76.72413793103449,322
single_speaker,False,2.0,116,103,88.79310344827587,322
single_speaker,False,3.0,116,80,68.96551724137932,322
single_speaker,False,4.0,116,95,81.89655172413794,322
single_speaker,False,5.0,116,87,75.0,322
colocated,False,-4.0,116,62,53.44827586206896,323
colocated,False,-2.0,116,57,49.137931034482754,323
colocated,False,0.0,116,69,59.48275862068966,323
colocated,False,1.0,116,75,64.65517241379311,323
colocated,False,2.0,116,80,68.96551724137932,323
colocated,False,3.0,116,65,56.03448275862068,323
colocated,False,4.0,116,85,73.27586206896551,323
colocated,False,5.0,116,79,68.10344827586206,323
separated,False,-4.0,116,50,43.103448275862064,323
separated,False,-2.0,116,85,73.27586206896551,323
separated,False,0.0,116,70,60.3448275862069,323
separated,False,1.0,116,91,78.44827586206897,323
separated,False,2.0,116,68,58.620689655172406,323
separated,False,3.0,116,70,60.3448275862069,323
separated,False,4.0,116,82,70.6896551724138,323
separated,False,5.0,116,82,70.6896551724138,323
single_speaker,False,-4.0,116,89,76.72413793103449,323
single_speaker,False,-2.0,116,88,75.86206896551724,323
single_speaker,False,0.0,116,80,68.96551724137932,323
single_speaker,False,1.0,116,94,81.03448275862068,323
single_speaker,False,2.0,116,101,87.06896551724138,323
single_speaker,False,3.0,116,82,70.6896551724138,323
single_speaker,False,4.0,116,101,87.06896551724138,323
single_speaker,False,5.0,116,91,78.44827586206897,323
colocated,False,-4.0,116,67,57.758620689655174,324
colocated,False,-2.0,116,73,62.93103448275862,324
colocated,False,0.0,116,75,64.65517241379311,324
colocated,False,1.0,116,77,66.37931034482759,324
colocated,False,2.0,116,73,62.93103448275862,324
colocated,False,3.0,116,73,62.93103448275862,324
colocated,False,4.0,116,71,61.206896551724135,324
colocated,False,5.0,116,85,73.27586206896551,324
separated,False,-4.0,116,62,53.44827586206896,324
separated,False,-2.0,116,85,73.27586206896551,324
separated,False,0.0,116,81,69.82758620689656,324
separated,False,1.0,116,97,83.62068965517241,324
separated,False,2.0,116,59,50.86206896551724,324
separated,False,3.0,116,63,54.310344827586206,324
separated,False,4.0,116,82,70.6896551724138,324
separated,False,5.0,116,75,64.65517241379311,324
single_speaker,False,-4.0,116,88,75.86206896551724,324
single_speaker,False,-2.0,116,80,68.96551724137932,324
single_speaker,False,0.0,116,83,71.55172413793103,324
single_speaker,False,1.0,116,97,83.62068965517241,324
single_speaker,False,2.0,116,93,80.17241379310344,324
single_speaker,False,3.0,116,85,73.27586206896551,324
single_speaker,False,4.0,116,92,79.3103448275862,324
single_speaker,False,5.0,116,85,73.27586206896551,324
colocated,False,-4.0,116,72,62.06896551724138,325
colocated,False,-2.0,116,70,60.3448275862069,325
colocated,False,0.0,116,79,68.10344827586206,325
colocated,False,1.0,116,79,68.10344827586206,325
colocated,False,2.0,116,84,72.41379310344827,325
colocated,False,3.0,116,68,58.620689655172406,325
colocated,False,4.0,116,74,63.793103448275865,325
colocated,False,5.0,116,84,72.41379310344827,325
separated,False,-4.0,116,58,50.0,325
separated,False,-2.0,116,70,60.3448275862069,325
separated,False,0.0,116,73,62.93103448275862,325
separated,False,1.0,116,94,81.03448275862068,325
separated,False,2.0,116,80,68.96551724137932,325
separated,False,3.0,116,67,57.758620689655174,325
separated,False,4.0,116,85,73.27586206896551,325
separated,False,5.0,116,77,66.37931034482759,325
single_speaker,False,-4.0,116,86,74.13793103448276,325
single_speaker,False,-2.0,116,81,69.82758620689656,325
single_speaker,False,0.0,116,79,68.10344827586206,325
single_speaker,False,1.0,116,96,82.75862068965517,325
single_speaker,False,2.0,116,103,88.79310344827587,325
single_speaker,False,3.0,116,88,75.86206896551724,325
single_speaker,False,4.0,116,92,79.3103448275862,325
single_speaker,False,5.0,116,86,74.13793103448276,325
colocated,False,-4.0,116,69,59.48275862068966,326
colocated,False,-2.0,116,62,53.44827586206896,326
colocated,False,0.0,116,71,61.206896551724135,326
colocated,False,1.0,116,84,72.41379310344827,326
colocated,False,2.0,116,87,75.0,326
colocated,False,3.0,116,67,57.758620689655174,326
colocated,False,4.0,116,76,65.51724137931035,326
colocated,False,5.0,116,85,73.27586206896551,326
separated,False,-4.0,116,70,60.3448275862069,326
separated,False,-2.0,116,73,62.93103448275862,326
separated,False,0.0,116,71,61.206896551724135,326
separated,False,1.0,116,99,85.34482758620689,326
separated,False,2.0,116,70,60.3448275862069,326
separated,False,3.0,116,64,55.172413793103445,326
separated,False,4.0,116,84,72.41379310344827,326
separated,False,5.0,116,73,62.93103448275862,326
single_speaker,False,-4.0,116,90,77.58620689655173,326
single_speaker,False,-2.0,116,70,60.3448275862069,326
single_speaker,False,0.0,116,77,66.37931034482759,326
single_speaker,False,1.0,116,88,75.86206896551724,326
single_speaker,False,2.0,116,103,88.79310344827587,326
single_speaker,False,3.0,116,89,76.72413793103449,326
single_speaker,False,4.0,116,89,76.72413793103449,326
single_speaker,False,5.0,116,88,75.86206896551724,326
colocated,False,-4.0,116,62,53.44827586206896,327
colocated,False,-2.0,116,75,64.65517241379311,327
colocated,False,0.0,116,89,76.72413793103449,327
colocated,False,1.0,116,85,73.27586206896551,327
colocated,False,2.0,116,83,71.55172413793103,327
colocated,False,3.0,116,67,57.758620689655174,327
colocated,False,4.0,116,83,71.55172413793103,327
colocated,False,5.0,116,87,75.0,327
separated,False,-4.0,116,58,50.0,327
separated,False,-2.0,116,70,60.3448275862069,327
separated,False,0.0,116,78,67.24137931034483,327
separated,False,1.0,116,96,82.75862068965517,327
separated,False,2.0,116,75,64.65517241379311,327
separated,False,3.0,116,77,66.37931034482759,327
separated,False,4.0,116,86,74.13793103448276,327
separated,False,5.0,116,72,62.06896551724138,327
single_speaker,False,-4.0,116,82,70.6896551724138,327
single_speaker,False,-2.0,116,85,73.27586206896551,327
single_speaker,False,0.0,116,88,75.86206896551724,327
single_speaker,False,1.0,116,99,85.34482758620689,327
single_speaker,False,2.0,116,106,91.37931034482759,327
single_speaker,False,3.0,116,85,73.27586206896551,327
single_speaker,False,4.0,116,94,81.03448275862068,327
single_speaker,False,5.0,116,88,75.86206896551724,327
colocated,False,-4.0,116,54,46.55172413793103,328
colocated,False,-2.0,116,60,51.724137931034484,328
colocated,False,0.0,116,67,57.758620689655174,328
colocated,False,1.0,116,70,60.3448275862069,328
colocated,False,2.0,116,92,79.3103448275862,328
colocated,False,3.0,116,72,62.06896551724138,328
colocated,False,4.0,116,77,66.37931034482759,328
colocated,False,5.0,116,83,71.55172413793103,328
separated,False,-4.0,116,57,49.137931034482754,328
separated,False,-2.0,116,77,66.37931034482759,328
separated,False,0.0,116,69,59.48275862068966,328
separated,False,1.0,116,96,82.75862068965517,328
separated,False,2.0,116,74,63.793103448275865,328
separated,False,3.0,116,65,56.03448275862068,328
separated,False,4.0,116,77,66.37931034482759,328
separated,False,5.0,116,71,61.206896551724135,328
single_speaker,False,-4.0,116,84,72.41379310344827,328
single_speaker,False,-2.0,116,75,64.65517241379311,328
single_speaker,False,0.0,116,82,70.6896551724138,328
single_speaker,False,1.0,116,94,81.03448275862068,328
single_speaker,False,2.0,116,102,87.93103448275862,328
single_speaker,False,3.0,116,83,71.55172413793103,328
single_speaker,False,4.0,116,97,83.62068965517241,328
single_speaker,False,5.0,116,80,68.96551724137932,328
colocated,False,-4.0,116,67,57.758620689655174,329
colocated,False,-2.0,116,68,58.620689655172406,329
colocated,False,0.0,116,66,56.896551724137936,329
colocated,False,1.0,116,74,63.793103448275865,329
colocated,False,2.0,116,85,73.27586206896551,329
colocated,False,3.0,116,69,59.48275862068966,329
colocated,False,4.0,116,80,68.96551724137932,329
colocated,False,5.0,116,75,64.65517241379311,329
separated,False,-4.0,116,70,60.3448275862069,329
separated,False,-2.0,116,73,62.93103448275862,329
separated,False,0.0,116,84,72.41379310344827,329
separated,False,1.0,116,90,77.58620689655173,329
separated,False,2.0,116,75,64.65517241379311,329
separated,False,3.0,116,66,56.896551724137936,329
separated,False,4.0,116,80,68.96551724137932,329
separated,False,5.0,116,73,62.93103448275862,329
single_speaker,False,-4.0,116,94,81.03448275862068,329
single_speaker,False,-2.0,116,85,73.27586206896551,329
single_speaker,False,0.0,116,92,79.3103448275862,329
single_speaker,False,1.0,116,91,78.44827586206897,329
single_speaker,False,2.0,116,103,88.79310344827587,329
single_speaker,False,3.0,116,85,73.27586206896551,329
single_speaker,False,4.0,116,92,79.3103448275862,329
single_speaker,False,5.0,116,76,65.51724137931035,329
colocated,False,-4.0,116,74,63.793103448275865,330
colocated,False,-2.0,116,63,54.310344827586206,330
colocated,False,0.0,116,72,62.06896551724138,330
colocated,False,1.0,116,78,67.24137931034483,330
colocated,False,2.0,116,88,75.86206896551724,330
colocated,False,3.0,116,65,56.03448275862068,330
colocated,False,4.0,116,85,73.27586206896551,330
colocated,False,5.0,116,84,72.41379310344827,330
separated,False,-4.0,116,59,50.86206896551724,330
separated,False,-2.0,116,74,63.793103448275865,330
separated,False,0.0,116,79,68.10344827586206,330
separated,False,1.0,116,95,81.89655172413794,330
separated,False,2.0,116,70,60.3448275862069,330
separated,False,3.0,116,69,59.48275862068966,330
separated,False,4.0,116,86,74.13793103448276,330
separated,False,5.0,116,83,71.55172413793103,330
single_speaker,False,-4.0,116,76,65.51724137931035,330
single_speaker,False,-2.0,116,81,69.82758620689656,330
single_speaker,False,0.0,116,87,75.0,330
single_speaker,False,1.0,116,94,81.03448275862068,330
single_speaker,False,2.0,116,96,82.75862068965517,330
single_speaker,False,3.0,116,80,68.96551724137932,330
single_speaker,False,4.0,116,100,86.20689655172413,330
single_speaker,False,5.0,116,86,74.13793103448276,330
colocated,False,-4.0,116,66,56.896551724137936,331
colocated,False,-2.0,116,62,53.44827586206896,331
colocated,False,0.0,116,70,60.3448275862069,331
colocated,False,1.0,116,76,65.51724137931035,331
colocated,False,2.0,116,85,73.27586206896551,331
colocated,False,3.0,116,68,58.620689655172406,331
colocated,False,4.0,116,82,70.6896551724138,331
colocated,False,5.0,116,79,68.10344827586206,331
separated,False,-4.0,116,64,55.172413793103445,331
separated,False,-2.0,116,70,60.3448275862069,331
separated,False,0.0,116,83,71.55172413793103,331
separated,False,1.0,116,95,81.89655172413794,331
separated,False,2.0,116,77,66.37931034482759,331
separated,False,3.0,116,70,60.3448275862069,331
separated,False,4.0,116,82,70.6896551724138,331
separated,False,5.0,116,76,65.51724137931035,331
single_speaker,False,-4.0,116,86,74.13793103448276,331
single_speaker,False,-2.0,116,82,70.6896551724138,331
single_speaker,False,0.0,116,87,75.0,331
single_speaker,False,1.0,116,83,71.55172413793103,331
single_speaker,False,2.0,116,101,87.06896551724138,331
single_speaker,False,3.0,116,83,71.55172413793103,331
single_speaker,False,4.0,116,92,79.3103448275862,331
single_speaker,False,5.0,116,76,65.51724137931035,331
colocated,False,-4.0,116,64,55.172413793103445,332
colocated,False,-2.0,116,76,65.51724137931035,332
colocated,False,0.0,116,72,62.06896551724138,332
colocated,False,1.0,116,81,69.82758620689656,332
colocated,False,2.0,116,91,78.44827586206897,332
colocated,False,3.0,116,67,57.758620689655174,332
colocated,False,4.0,116,81,69.82758620689656,332
colocated,False,5.0,116,76,65.51724137931035,332
separated,False,-4.0,116,72,62.06896551724138,332
separated,False,-2.0,116,71,61.206896551724135,332
separated,False,0.0,116,79,68.10344827586206,332
separated,False,1.0,116,96,82.75862068965517,332
separated,False,2.0,116,80,68.96551724137932,332
separated,False,3.0,116,71,61.206896551724135,332
separated,False,4.0,116,87,75.0,332
separated,False,5.0,116,82,70.6896551724138,332
single_speaker,False,-4.0,116,91,78.44827586206897,332
single_speaker,False,-2.0,116,81,69.82758620689656,332
single_speaker,False,0.0,116,91,78.44827586206897,332
single_speaker,False,1.0,116,87,75.0,332
single_speaker,False,2.0,116,96,82.75862068965517,332
single_speaker,False,3.0,116,78,67.24137931034483,332
single_speaker,False,4.0,116,97,83.62068965517241,332
single_speaker,False,5.0,116,85,73.27586206896551,332
colocated,False,-4.0,116,68,58.620689655172406,333
colocated,False,-2.0,116,66,56.896551724137936,333
colocated,False,0.0,116,69,59.48275862068966,333
colocated,False,1.0,116,81,69.82758620689656,333
colocated,False,2.0,116,92,79.3103448275862,333
colocated,False,3.0,116,59,50.86206896551724,333
colocated,False,4.0,116,78,67.24137931034483,333
colocated,False,5.0,116,73,62.93103448275862,333
separated,False,-4.0,116,69,59.48275862068966,333
separated,False,-2.0,116,85,73.27586206896551,333
separated,False,0.0,116,80,68.96551724137932,333
separated,False,1.0,116,88,75.86206896551724,333
separated,False,2.0,116,77,66.37931034482759,333
separated,False,3.0,116,69,59.48275862068966,333
separated,False,4.0,116,80,68.96551724137932,333
separated,False,5.0,116,75,64.65517241379311,333
single_speaker,False,-4.0,116,91,78.44827586206897,333
single_speaker,False,-2.0,116,77,66.37931034482759,333
single_speaker,False,0.0,116,81,69.82758620689656,333
single_speaker,False,1.0,116,95,81.89655172413794,333
single_speaker,False,2.0,116,101,87.06896551724138,333
single_speaker,False,3.0,116,82,70.6896551724138,333
single_speaker,False,4.0,116,93,80.17241379310344,333
single_speaker,False,5.0,116,92,79.3103448275862,333
colocated,False,-4.0,116,70,60.3448275862069,334
colocated,False,-2.0,116,61,52.58620689655172,334
colocated,False,0.0,116,69,59.48275862068966,334
colocated,False,1.0,116,78,67.24137931034483,334
colocated,False,2.0,116,81,69.82758620689656,334
colocated,False,3.0,116,61,52.58620689655172,334
colocated,False,4.0,116,72,62.06896551724138,334
colocated,False,5.0,116,77,66.37931034482759,334
separated,False,-4.0,116,61,52.58620689655172,334
separated,False,-2.0,116,70,60.3448275862069,334
separated,False,0.0,116,80,68.96551724137932,334
separated,False,1.0,116,90,77.58620689655173,334
separated,False,2.0,116,73,62.93103448275862,334
separated,False,3.0,116,70,60.3448275862069,334
separated,False,4.0,116,81,69.82758620689656,334
separated,False,5.0,116,82,70.6896551724138,334
single_speaker,False,-4.0,116,88,75.86206896551724,334
single_speaker,False,-2.0,116,86,74.13793103448276,334
single_speaker,False,0.0,116,89,76.72413793103449,334
single_speaker,False,1.0,116,88,75.86206896551724,334
single_speaker,False,2.0,116,94,81.03448275862068,334
single_speaker,False,3.0,116,85,73.27586206896551,334
single_speaker,False,4.0,116,102,87.93103448275862,334
single_speaker,False,5.0,116,78,67.24137931034483,334
colocated,False,-4.0,116,59,50.86206896551724,335
colocated,False,-2.0,116,64,55.172413793103445,335
colocated,False,0.0,116,78,67.24137931034483,335
colocated,False,1.0,116,78,67.24137931034483,335
colocated,False,2.0,116,93,80.17241379310344,335
colocated,False,3.0,116,57,49.137931034482754,335
colocated,False,4.0,116,74,63.793103448275865,335
colocated,False,5.0,116,83,71.55172413793103,335
separated,False,-4.0,116,66,56.896551724137936,335
separated,False,-2.0,116,65,56.03448275862068,335
separated,False,0.0,116,75,64.65517241379311,335
separated,False,1.0,116,93,80.17241379310344,335
separated,False,2.0,116,76,65.51724137931035,335
separated,False,3.0,116,59,50.86206896551724,335
separated,False,4.0,116,86,74.13793103448276,335
separated,False,5.0,116,68,58.620689655172406,335
single_speaker,False,-4.0,116,88,75.86206896551724,335
single_speaker,False,-2.0,116,81,69.82758620689656,335
single_speaker,False,0.0,116,82,70.6896551724138,335
single_speaker,False,1.0,116,93,80.17241379310344,335
single_speaker,False,2.0,116,96,82.75862068965517,335
single_speaker,False,3.0,116,83,71.55172413793103,335
single_speaker,False,4.0,116,99,85.34482758620689,335
single_speaker,False,5.0,116,88,75.86206896551724,335
colocated,False,-4.0,116,62,53.44827586206896,336
colocated,False,-2.0,116,61,52.58620689655172,336
colocated,False,0.0,116,72,62.06896551724138,336
colocated,False,1.0,116,79,68.10344827586206,336
colocated,False,2.0,116,84,72.41379310344827,336
colocated,False,3.0,116,72,62.06896551724138,336
colocated,False,4.0,116,77,66.37931034482759,336
colocated,False,5.0,116,80,68.96551724137932,336
separated,False,-4.0,116,59,50.86206896551724,336
separated,False,-2.0,116,80,68.96551724137932,336
separated,False,0.0,116,79,68.10344827586206,336
separated,False,1.0,116,95,81.89655172413794,336
separated,False,2.0,116,78,67.24137931034483,336
separated,False,3.0,116,66,56.896551724137936,336
separated,False,4.0,116,92,79.3103448275862,336
separated,False,5.0,116,75,64.65517241379311,336
single_speaker,False,-4.0,116,82,70.6896551724138,336
single_speaker,False,-2.0,116,84,72.41379310344827,336
single_speaker,False,0.0,116,87,75.0,336
single_speaker,False,1.0,116,91,78.44827586206897,336
single_speaker,False,2.0,116,100,86.20689655172413,336
single_speaker,False,3.0,116,84,72.41379310344827,336
single_speaker,False,4.0,116,96,82.75862068965517,336
single_speaker,False,5.0,116,92,79.3103448275862,336
colocated,False,-4.0,116,65,56.03448275862068,337
colocated,False,-2.0,116,66,56.896551724137936,337
colocated,False,0.0,116,73,62.93103448275862,337
colocated,False,1.0,116,80,68.96551724137932,337
colocated,False,2.0,116,94,81.03448275862068,337
colocated,False,3.0,116,71,61.206896551724135,337
colocated,False,4.0,116,65,56.03448275862068,337
colocated,False,5.0,116,88,75.86206896551724,337
separated,False,-4.0,116,66,56.896551724137936,337
separated,False,-2.0,116,80,68.96551724137932,337
separated,False,0.0,116,84,72.41379310344827,337
separated,False,1.0,116,94,81.03448275862068,337
separated,False,2.0,116,77,66.37931034482759,337
separated,False,3.0,116,70,60.3448275862069,337
separated,False,4.0,116,85,73.27586206896551,337
separated,False,5.0,116,76,65.51724137931035,337
single_speaker,False,-4.0,116,87,75.0,337
single_speaker,False,-2.0,116,76,65.51724137931035,337
single_speaker,False,0.0,116,87,75.0,337
single_speaker,False,1.0,116,91,78.44827586206897,337
single_speaker,False,2.0,116,96,82.75862068965517,337
single_speaker,False,3.0,116,79,68.10344827586206,337
single_speaker,False,4.0,116,94,81.03448275862068,337
single_speaker,False,5.0,116,85,73.27586206896551,337
colocated,False,-4.0,116,69,59.48275862068966,338
colocated,False,-2.0,116,64,55.172413793103445,338
colocated,False,0.0,116,67,57.758620689655174,338
colocated,False,1.0,116,84,72.41379310344827,338
colocated,False,2.0,116,81,69.82758620689656,338
colocated,False,3.0,116,69,59.48275862068966,338
colocated,False,4.0,116,71,61.206896551724135,338
colocated,False,5.0,116,70,60.3448275862069,338
separated,False,-4.0,116,61,52.58620689655172,338
separated,False,-2.0,116,78,67.24137931034483,338
separated,False,0.0,116,77,66.37931034482759,338
separated,False,1.0,116,105,90.51724137931035,338
separated,False,2.0,116,73,62.93103448275862,338
separated,False,3.0,116,69,59.48275862068966,338
separated,False,4.0,116,85,73.27586206896551,338
separated,False,5.0,116,74,63.793103448275865,338
single_speaker,False,-4.0,116,92,79.3103448275862,338
single_speaker,False,-2.0,116,85,73.27586206896551,338
single_speaker,False,0.0,116,83,71.55172413793103,338
single_speaker,False,1.0,116,89,76.72413793103449,338
single_speaker,False,2.0,116,106,91.37931034482759,338
single_speaker,False,3.0,116,76,65.51724137931035,338
single_speaker,False,4.0,116,90,77.58620689655173,338
single_speaker,False,5.0,116,94,81.03448275862068,338
colocated,False,-4.0,116,77,66.37931034482759,339
colocated,False,-2.0,116,65,56.03448275862068,339
colocated,False,0.0,116,74,63.793103448275865,339
colocated,False,1.0,116,80,68.96551724137932,339
colocated,False,2.0,116,95,81.89655172413794,339
colocated,False,3.0,116,71,61.206896551724135,339
colocated,False,4.0,116,75,64.65517241379311,339
colocated,False,5.0,116,82,70.6896551724138,339
separated,False,-4.0,116,66,56.896551724137936,339
separated,False,-2.0,116,81,69.82758620689656,339
separated,False,0.0,116,77,66.37931034482759,339
separated,False,1.0,116,91,78.44827586206897,339
separated,False,2.0,116,79,68.10344827586206,339
separated,False,3.0,116,67,57.758620689655174,339
separated,False,4.0,116,80,68.96551724137932,339
separated,False,5.0,116,83,71.55172413793103,339
single_speaker,False,-4.0,116,84,72.41379310344827,339
single_speaker,False,-2.0,116,74,63.793103448275865,339
single_speaker,False,0.0,116,79,68.10344827586206,339
single_speaker,False,1.0,116,95,81.89655172413794,339
single_speaker,False,2.0,116,98,84.48275862068965,339
single_speaker,False,3.0,116,85,73.27586206896551,339
single_speaker,False,4.0,116,91,78.44827586206897,339
single_speaker,False,5.0,116,80,68.96551724137932,339
colocated,False,-4.0,116,54,46.55172413793103,340
colocated,False,-2.0,116,63,54.310344827586206,340
colocated,False,0.0,116,71,61.206896551724135,340
colocated,False,1.0,116,79,68.10344827586206,340
colocated,False,2.0,116,80,68.96551724137932,340
colocated,False,3.0,116,68,58.620689655172406,340
colocated,False,4.0,116,85,73.27586206896551,340
colocated,False,5.0,116,76,65.51724137931035,340
separated,False,-4.0,116,63,54.310344827586206,340
separated,False,-2.0,116,57,49.137931034482754,340
separated,False,0.0,116,82,70.6896551724138,340
separated,False,1.0,116,90,77.58620689655173,340
separated,False,2.0,116,73,62.93103448275862,340
separated,False,3.0,116,70,60.3448275862069,340
separated,False,4.0,116,77,66.37931034482759,340
separated,False,5.0,116,75,64.65517241379311,340
single_speaker,False,-4.0,116,97,83.62068965517241,340
single_speaker,False,-2.0,116,89,76.72413793103449,340
single_speaker,False,0.0,116,89,76.72413793103449,340
single_speaker,False,1.0,116,90,77.58620689655173,340
single_speaker,False,2.0,116,100,86.20689655172413,340
single_speaker,False,3.0,116,87,75.0,340
single_speaker,False,4.0,116,91,78.44827586206897,340
single_speaker,False,5.0,116,81,69.82758620689656,340
colocated,False,-4.0,116,71,61.206896551724135,341
colocated,False,-2.0,116,65,56.03448275862068,341
colocated,False,0.0,116,71,61.206896551724135,341
colocated,False,1.0,116,71,61.206896551724135,341
colocated,False,2.0,116,88,75.86206896551724,341
colocated,False,3.0,116,65,56.03448275862068,341
colocated,False,4.0,116,88,75.86206896551724,341
colocated,False,5.0,116,75,64.65517241379311,341
separated,False,-4.0,116,69,59.48275862068966,341
separated,False,-2.0,116,80,68.96551724137932,341
separated,False,0.0,116,75,64.65517241379311,341
separated,False,1.0,116,96,82.75862068965517,341
separated,False,2.0,116,73,62.93103448275862,341
separated,False,3.0,116,72,62.06896551724138,341
separated,False,4.0,116,84,72.41379310344827,341
separated,False,5.0,116,70,60.3448275862069,341
single_speaker,False,-4.0,116,85,73.27586206896551,341
single_speaker,False,-2.0,116,84,72.41379310344827,341
single_speaker,False,0.0,116,91,78.44827586206897,341
single_speaker,False,1.0,116,93,80.17241379310344,341
single_speaker,False,2.0,116,102,87.93103448275862,341
single_speaker,False,3.0,116,83,71.55172413793103,341
single_speaker,False,4.0,116,97,83.62068965517241,341
single_speaker,False,5.0,116,88,75.86206896551724,341
colocated,False,-4.0,116,66,56.896551724137936,342
colocated,False,-2.0,116,59,50.86206896551724,342
colocated,False,0.0,116,61,52.58620689655172,342
colocated,False,1.0,116,82,70.6896551724138,342
colocated,False,2.0,116,86,74.13793103448276,342
colocated,False,3.0,116,67,57.758620689655174,342
colocated,False,4.0,116,74,63.793103448275865,342
colocated,False,5.0,116,73,62.93103448275862,342
separated,False,-4.0,116,67,57.758620689655174,342
separated,False,-2.0,116,75,64.65517241379311,342
separated,False,0.0,116,72,62.06896551724138,342
separated,False,1.0,116,101,87.06896551724138,342
separated,False,2.0,116,62,53.44827586206896,342
separated,False,3.0,116,69,59.48275862068966,342
separated,False,4.0,116,83,71.55172413793103,342
separated,False,5.0,116,69,59.48275862068966,342
single_speaker,False,-4.0,116,90,77.58620689655173,342
single_speaker,False,-2.0,116,70,60.3448275862069,342
single_speaker,False,0.0,116,91,78.44827586206897,342
single_speaker,False,1.0,116,88,75.86206896551724,342
single_speaker,False,2.0,116,94,81.03448275862068,342
single_speaker,False,3.0,116,85,73.27586206896551,342
single_speaker,False,4.0,116,95,81.89655172413794,342
single_speaker,False,5.0,116,84,72.41379310344827,342
colocated,False,-4.0,116,75,64.65517241379311,343
colocated,False,-2.0,116,69,59.48275862068966,343
colocated,False,0.0,116,76,65.51724137931035,343
colocated,False,1.0,116,75,64.65517241379311,343
colocated,False,2.0,116,94,81.03448275862068,343
colocated,False,3.0,116,55,47.41379310344828,343
colocated,False,4.0,116,74,63.793103448275865,343
colocated,False,5.0,116,75,64.65517241379311,343
separated,False,-4.0,116,60,51.724137931034484,343
separated,False,-2.0,116,70,60.3448275862069,343
separated,False,0.0,116,79,68.10344827586206,343
separated,False,1.0,116,92,79.3103448275862,343
separated,False,2.0,116,76,65.51724137931035,343
separated,False,3.0,116,80,68.96551724137932,343
separated,False,4.0,116,84,72.41379310344827,343
separated,False,5.0,116,72,62.06896551724138,343
single_speaker,False,-4.0,116,89,76.72413793103449,343
single_speaker,False,-2.0,116,80,68.96551724137932,343
single_speaker,False,0.0,116,86,74.13793103448276,343
single_speaker,False,1.0,116,88,75.86206896551724,343
single_speaker,False,2.0,116,93,80.17241379310344,343
single_speaker,False,3.0,116,84,72.41379310344827,343
single_speaker,False,4.0,116,92,79.3103448275862,343
single_speaker,False,5.0,116,89,76.72413793103449,343
colocated,False,-4.0,116,61,52.58620689655172,344
colocated,False,-2.0,116,70,60.3448275862069,344
colocated,False,0.0,116,67,57.758620689655174,344
colocated,False,1.0,116,78,67.24137931034483,344
colocated,False,2.0,116,85,73.27586206896551,344
colocated,False,3.0,116,57,49.137931034482754,344
colocated,False,4.0,116,84,72.41379310344827,344
colocated,False,5.0,116,78,67.24137931034483,344
separated,False,-4.0,116,69,59.48275862068966,344
separated,False,-2.0,116,75,64.65517241379311,344
separated,False,0.0,116,76,65.51724137931035,344
separated,False,1.0,116,91,78.44827586206897,344
separated,False,2.0,116,80,68.96551724137932,344
separated,False,3.0,116,65,56.03448275862068,344
separated,False,4.0,116,83,71.55172413793103,344
separated,False,5.0,116,77,66.37931034482759,344
single_speaker,False,-4.0,116,91,78.44827586206897,344
single_speaker,False,-2.0,116,78,67.24137931034483,344
single_speaker,False,0.0,116,83,71.55172413793103,344
single_speaker,False,1.0,116,89,76.72413793103449,344
single_speaker,False,2.0,116,99,85.34482758620689,344
single_speaker,False,3.0,116,83,71.55172413793103,344
single_speaker,False,4.0,116,88,75.86206896551724,344
single_speaker,False,5.0,116,79,68.10344827586206,344
colocated,False,-4.0,116,66,56.896551724137936,345
colocated,False,-2.0,116,64,55.172413793103445,345
colocated,False,0.0,116,75,64.65517241379311,345
colocated,False,1.0,116,81,69.82758620689656,345
colocated,False,2.0,116,89,76.72413793103449,345
colocated,False,3.0,116,63,54.310344827586206,345
colocated,False,4.0,116,82,70.6896551724138,345
colocated,False,5.0,116,82,70.6896551724138,345
separated,False,-4.0,116,64,55.172413793103445,345
separated,False,-2.0,116,78,67.24137931034483,345
separated,False,0.0,116,79,68.10344827586206,345
separated,False,1.0,116,93,80.17241379310344,345
separated,False,2.0,116,76,65.51724137931035,345
separated,False,3.0,116,68,58.620689655172406,345
separated,False,4.0,116,80,68.96551724137932,345
separated,False,5.0,116,91,78.44827586206897,345
single_speaker,False,-4.0,116,83,71.55172413793103,345
single_speaker,False,-2.0,116,84,72.41379310344827,345
single_speaker,False,0.0,116,91,78.44827586206897,345
single_speaker,False,1.0,116,95,81.89655172413794,345
single_speaker,False,2.0,116,96,82.75862068965517,345
single_speaker,False,3.0,116,87,75.0,345
single_speaker,False,4.0,116,94,81.03448275862068,345
single_speaker,False,5.0,116,89,76.72413793103449,345
colocated,False,-4.0,116,69,59.48275862068966,346
colocated,False,-2.0,116,68,58.620689655172406,346
colocated,False,0.0,116,72,62.06896551724138,346
colocated,False,1.0,116,80,68.96551724137932,346
colocated,False,2.0,116,83,71.55172413793103,346
colocated,False,3.0,116,69,59.48275862068966,346
colocated,False,4.0,116,72,62.06896551724138,346
colocated,False,5.0,116,85,73.27586206896551,346
separated,False,-4.0,116,59,50.86206896551724,346
separated,False,-2.0,116,67,57.758620689655174,346
separated,False,0.0,116,73,62.93103448275862,346
separated,False,1.0,116,93,80.17241379310344,346
separated,False,2.0,116,77,66.37931034482759,346
separated,False,3.0,116,70,60.3448275862069,346
separated,False,4.0,116,85,73.27586206896551,346
separated,False,5.0,116,74,63.793103448275865,346
single_speaker,False,-4.0,116,83,71.55172413793103,346
single_speaker,False,-2.0,116,74,63.793103448275865,346
single_speaker,False,0.0,116,82,70.6896551724138,346
single_speaker,False,1.0,116,94,81.03448275862068,346
single_speaker,False,2.0,116,101,87.06896551724138,346
single_speaker,False,3.0,116,73,62.93103448275862,346
single_speaker,False,4.0,116,102,87.93103448275862,346
single_speaker,False,5.0,116,76,65.51724137931035,346
colocated,False,-4.0,116,69,59.48275862068966,347
colocated,False,-2.0,116,68,58.620689655172406,347
colocated,False,0.0,116,75,64.65517241379311,347
colocated,False,1.0,116,79,68.10344827586206,347
colocated,False,2.0,116,96,82.75862068965517,347
colocated,False,3.0,116,66,56.896551724137936,347
colocated,False,4.0,116,81,69.82758620689656,347
colocated,False,5.0,116,93,80.17241379310344,347
separated,False,-4.0,116,57,49.137931034482754,347
separated,False,-2.0,116,72,62.06896551724138,347
separated,False,0.0,116,81,69.82758620689656,347
separated,False,1.0,116,86,74.13793103448276,347
separated,False,2.0,116,71,61.206896551724135,347
separated,False,3.0,116,67,57.758620689655174,347
separated,False,4.0,116,88,75.86206896551724,347
separated,False,5.0,116,85,73.27586206896551,347
single_speaker,False,-4.0,116,83,71.55172413793103,347
single_speaker,False,-2.0,116,81,69.82758620689656,347
single_speaker,False,0.0,116,86,74.13793103448276,347
single_speaker,False,1.0,116,87,75.0,347
single_speaker,False,2.0,116,106,91.37931034482759,347
single_speaker,False,3.0,116,81,69.82758620689656,347
single_speaker,False,4.0,116,96,82.75862068965517,347
single_speaker,False,5.0,116,81,69.82758620689656,347
colocated,False,-4.0,116,57,49.137931034482754,348
colocated,False,-2.0,116,71,61.206896551724135,348
colocated,False,0.0,116,68,58.620689655172406,348
colocated,False,1.0,116,82,70.6896551724138,348
colocated,False,2.0,116,90,77.58620689655173,348
colocated,False,3.0,116,61,52.58620689655172,348
colocated,False,4.0,116,79,68.10344827586206,348
colocated,False,5.0,116,85,73.27586206896551,348
separated,False,-4.0,116,73,62.93103448275862,348
separated,False,-2.0,116,73,62.93103448275862,348
separated,False,0.0,116,89,76.72413793103449,348
separated,False,1.0,116,95,81.89655172413794,348
separated,False,2.0,116,74,63.793103448275865,348
separated,False,3.0,116,79,68.10344827586206,348
separated,False,4.0,116,82,70.6896551724138,348
separated,False,5.0,116,74,63.793103448275865,348
single_speaker,False,-4.0,116,88,75.86206896551724,348
single_speaker,False,-2.0,116,79,68.10344827586206,348
single_speaker,False,0.0,116,85,73.27586206896551,348
single_speaker,False,1.0,116,101,87.06896551724138,348
single_speaker,False,2.0,116,99,85.34482758620689,348
single_speaker,False,3.0,116,86,74.13793103448276,348
single_speaker,False,4.0,116,93,80.17241379310344,348
single_speaker,False,5.0,116,81,69.82758620689656,348
colocated,False,-4.0,116,68,58.620689655172406,349
colocated,False,-2.0,116,59,50.86206896551724,349
colocated,False,0.0,116,75,64.65517241379311,349
colocated,False,1.0,116,77,66.37931034482759,349
colocated,False,2.0,116,89,76.72413793103449,349
colocated,False,3.0,116,65,56.03448275862068,349
colocated,False,4.0,116,86,74.13793103448276,349
colocated,False,5.0,116,76,65.51724137931035,349
separated,False,-4.0,116,64,55.172413793103445,349
separated,False,-2.0,116,76,65.51724137931035,349
separated,False,0.0,116,78,67.24137931034483,349
separated,False,1.0,116,91,78.44827586206897,349
separated,False,2.0,116,71,61.206896551724135,349
separated,False,3.0,116,76,65.51724137931035,349
separated,False,4.0,116,80,68.96551724137932,349
separated,False,5.0,116,77,66.37931034482759,349
single_speaker,False,-4.0,116,83,71.55172413793103,349
single_speaker,False,-2.0,116,83,71.55172413793103,349
single_speaker,False,0.0,116,82,70.6896551724138,349
single_speaker,False,1.0,116,85,73.27586206896551,349
single_speaker,False,2.0,116,99,85.34482758620689,349
single_speaker,False,3.0,116,84,72.41379310344827,349
single_speaker,False,4.0,116,91,78.44827586206897,349
single_speaker,False,5.0,116,92,79.3103448275862,349
colocated,False,-4.0,116,73,62.93103448275862,350
colocated,False,-2.0,116,63,54.310344827586206,350
colocated,False,0.0,116,76,65.51724137931035,350
colocated,False,1.0,116,70,60.3448275862069,350
colocated,False,2.0,116,90,77.58620689655173,350
colocated,False,3.0,116,69,59.48275862068966,350
colocated,False,4.0,116,71,61.206896551724135,350
colocated,False,5.0,116,78,67.24137931034483,350
separated,False,-4.0,116,60,51.724137931034484,350
separated,False,-2.0,116,76,65.51724137931035,350
separated,False,0.0,116,70,60.3448275862069,350
separated,False,1.0,116,93,80.17241379310344,350
separated,False,2.0,116,75,64.65517241379311,350
separated,False,3.0,116,75,64.65517241379311,350
separated,False,4.0,116,78,67.24137931034483,350
separated,False,5.0,116,85,73.27586206896551,350
single_speaker,False,-4.0,116,87,75.0,350
single_speaker,False,-2.0,116,76,65.51724137931035,350
single_speaker,False,0.0,116,85,73.27586206896551,350
single_speaker,False,1.0,116,91,78.44827586206897,350
single_speaker,False,2.0,116,107,92.24137931034483,350
single_speaker,False,3.0,116,83,71.55172413793103,350
single_speaker,False,4.0,116,89,76.72413793103449,350
single_speaker,False,5.0,116,84,72.41379310344827,350
colocated,False,-4.0,116,69,59.48275862068966,351
colocated,False,-2.0,116,47,40.51724137931034,351
colocated,False,0.0,116,67,57.758620689655174,351
colocated,False,1.0,116,78,67.24137931034483,351
colocated,False,2.0,116,80,68.96551724137932,351
colocated,False,3.0,116,63,54.310344827586206,351
colocated,False,4.0,116,76,65.51724137931035,351
colocated,False,5.0,116,77,66.37931034482759,351
separated,False,-4.0,116,66,56.896551724137936,351
separated,False,-2.0,116,81,69.82758620689656,351
separated,False,0.0,116,78,67.24137931034483,351
separated,False,1.0,116,94,81.03448275862068,351
separated,False,2.0,116,72,62.06896551724138,351
separated,False,3.0,116,69,59.48275862068966,351
separated,False,4.0,116,87,75.0,351
separated,False,5.0,116,73,62.93103448275862,351
single_speaker,False,-4.0,116,83,71.55172413793103,351
single_speaker,False,-2.0,116,88,75.86206896551724,351
single_speaker,False,0.0,116,77,66.37931034482759,351
single_speaker,False,1.0,116,96,82.75862068965517,351
single_speaker,False,2.0,116,100,86.20689655172413,351
single_speaker,False,3.0,116,80,68.96551724137932,351
single_speaker,False,4.0,116,92,79.3103448275862,351
single_speaker,False,5.0,116,80,68.96551724137932,351
colocated,False,-4.0,116,66,56.896551724137936,352
colocated,False,-2.0,116,65,56.03448275862068,352
colocated,False,0.0,116,84,72.41379310344827,352
colocated,False,1.0,116,77,66.37931034482759,352
colocated,False,2.0,116,76,65.51724137931035,352
colocated,False,3.0,116,76,65.51724137931035,352
colocated,False,4.0,116,84,72.41379310344827,352
colocated,False,5.0,116,79,68.10344827586206,352
separated,False,-4.0,116,63,54.310344827586206,352
separated,False,-2.0,116,79,68.10344827586206,352
separated,False,0.0,116,74,63.793103448275865,352
separated,False,1.0,116,102,87.93103448275862,352
separated,False,2.0,116,71,61.206896551724135,352
separated,False,3.0,116,69,59.48275862068966,352
separated,False,4.0,116,84,72.41379310344827,352
separated,False,5.0,116,78,67.24137931034483,352
single_speaker,False,-4.0,116,92,79.3103448275862,352
single_speaker,False,-2.0,116,82,70.6896551724138,352
single_speaker,False,0.0,116,80,68.96551724137932,352
single_speaker,False,1.0,116,93,80.17241379310344,352
single_speaker,False,2.0,116,103,88.79310344827587,352
single_speaker,False,3.0,116,90,77.58620689655173,352
single_speaker,False,4.0,116,91,78.44827586206897,352
single_speaker,False,5.0,116,79,68.10344827586206,352
colocated,False,-4.0,116,70,60.3448275862069,353
colocated,False,-2.0,116,63,54.310344827586206,353
colocated,False,0.0,116,59,50.86206896551724,353
colocated,False,1.0,116,77,66.37931034482759,353
colocated,False,2.0,116,94,81.03448275862068,353
colocated,False,3.0,116,62,53.44827586206896,353
colocated,False,4.0,116,81,69.82758620689656,353
colocated,False,5.0,116,82,70.6896551724138,353
separated,False,-4.0,116,64,55.172413793103445,353
separated,False,-2.0,116,72,62.06896551724138,353
separated,False,0.0,116,80,68.96551724137932,353
separated,False,1.0,116,94,81.03448275862068,353
separated,False,2.0,116,71,61.206896551724135,353
separated,False,3.0,116,73,62.93103448275862,353
separated,False,4.0,116,71,61.206896551724135,353
separated,False,5.0,116,73,62.93103448275862,353
single_speaker,False,-4.0,116,89,76.72413793103449,353
single_speaker,False,-2.0,116,75,64.65517241379311,353
single_speaker,False,0.0,116,80,68.96551724137932,353
single_speaker,False,1.0,116,93,80.17241379310344,353
single_speaker,False,2.0,116,98,84.48275862068965,353
single_speaker,False,3.0,116,83,71.55172413793103,353
single_speaker,False,4.0,116,97,83.62068965517241,353
single_speaker,False,5.0,116,81,69.82758620689656,353
colocated,False,-4.0,116,57,49.137931034482754,354
colocated,False,-2.0,116,69,59.48275862068966,354
colocated,False,0.0,116,74,63.793103448275865,354
colocated,False,1.0,116,79,68.10344827586206,354
colocated,False,2.0,116,86,74.13793103448276,354
colocated,False,3.0,116,53,45.689655172413794,354
colocated,False,4.0,116,85,73.27586206896551,354
colocated,False,5.0,116,80,68.96551724137932,354
separated,False,-4.0,116,58,50.0,354
separated,False,-2.0,116,62,53.44827586206896,354
separated,False,0.0,116,78,67.24137931034483,354
separated,False,1.0,116,89,76.72413793103449,354
separated,False,2.0,116,80,68.96551724137932,354
separated,False,3.0,116,63,54.310344827586206,354
separated,False,4.0,116,80,68.96551724137932,354
separated,False,5.0,116,83,71.55172413793103,354
single_speaker,False,-4.0,116,93,80.17241379310344,354
single_speaker,False,-2.0,116,82,70.6896551724138,354
single_speaker,False,0.0,116,85,73.27586206896551,354
single_speaker,False,1.0,116,97,83.62068965517241,354
single_speaker,False,2.0,116,104,89.65517241379311,354
single_speaker,False,3.0,116,78,67.24137931034483,354
single_speaker,False,4.0,116,94,81.03448275862068,354
single_speaker,False,5.0,116,87,75.0,354
colocated,False,-4.0,116,61,52.58620689655172,355
colocated,False,-2.0,116,62,53.44827586206896,355
colocated,False,0.0,116,83,71.55172413793103,355
colocated,False,1.0,116,78,67.24137931034483,355
colocated,False,2.0,116,87,75.0,355
colocated,False,3.0,116,68,58.620689655172406,355
colocated,False,4.0,116,76,65.51724137931035,355
colocated,False,5.0,116,71,61.206896551724135,355
separated,False,-4.0,116,61,52.58620689655172,355
separated,False,-2.0,116,75,64.65517241379311,355
separated,False,0.0,116,79,68.10344827586206,355
separated,False,1.0,116,92,79.3103448275862,355
separated,False,2.0,116,76,65.51724137931035,355
separated,False,3.0,116,70,60.3448275862069,355
separated,False,4.0,116,80,68.96551724137932,355
separated,False,5.0,116,74,63.793103448275865,355
single_speaker,False,-4.0,116,87,75.0,355
single_speaker,False,-2.0,116,82,70.6896551724138,355
single_speaker,False,0.0,116,88,75.86206896551724,355
single_speaker,False,1.0,116,85,73.27586206896551,355
single_speaker,False,2.0,116,98,84.48275862068965,355
single_speaker,False,3.0,116,83,71.55172413793103,355
single_speaker,False,4.0,116,97,83.62068965517241,355
single_speaker,False,5.0,116,81,69.82758620689656,355
colocated,False,-4.0,116,68,58.620689655172406,356
colocated,False,-2.0,116,71,61.206896551724135,356
colocated,False,0.0,116,78,67.24137931034483,356
colocated,False,1.0,116,83,71.55172413793103,356
colocated,False,2.0,116,83,71.55172413793103,356
colocated,False,3.0,116,70,60.3448275862069,356
colocated,False,4.0,116,81,69.82758620689656,356
colocated,False,5.0,116,82,70.6896551724138,356
separated,False,-4.0,116,61,52.58620689655172,356
separated,False,-2.0,116,80,68.96551724137932,356
separated,False,0.0,116,76,65.51724137931035,356
separated,False,1.0,116,93,80.17241379310344,356
separated,False,2.0,116,73,62.93103448275862,356
separated,False,3.0,116,69,59.48275862068966,356
separated,False,4.0,116,83,71.55172413793103,356
separated,False,5.0,116,82,70.6896551724138,356
single_speaker,False,-4.0,116,73,62.93103448275862,356
single_speaker,False,-2.0,116,82,70.6896551724138,356
single_speaker,False,0.0,116,80,68.96551724137932,356
single_speaker,False,1.0,116,93,80.17241379310344,356
single_speaker,False,2.0,116,101,87.06896551724138,356
single_speaker,False,3.0,116,79,68.10344827586206,356
single_speaker,False,4.0,116,88,75.86206896551724,356
single_speaker,False,5.0,116,83,71.55172413793103,356
colocated,False,-4.0,116,63,54.310344827586206,357
colocated,False,-2.0,116,60,51.724137931034484,357
colocated,False,0.0,116,68,58.620689655172406,357
colocated,False,1.0,116,76,65.51724137931035,357
colocated,False,2.0,116,89,76.72413793103449,357
colocated,False,3.0,116,67,57.758620689655174,357
colocated,False,4.0,116,80,68.96551724137932,357
colocated,False,5.0,116,82,70.6896551724138,357
separated,False,-4.0,116,56,48.275862068965516,357
separated,False,-2.0,116,72,62.06896551724138,357
separated,False,0.0,116,69,59.48275862068966,357
separated,False,1.0,116,98,84.48275862068965,357
separated,False,2.0,116,73,62.93103448275862,357
separated,False,3.0,116,67,57.758620689655174,357
separated,False,4.0,116,85,73.27586206896551,357
separated,False,5.0,116,79,68.10344827586206,357
single_speaker,False,-4.0,116,92,79.3103448275862,357
single_speaker,False,-2.0,116,86,74.13793103448276,357
single_speaker,False,0.0,116,79,68.10344827586206,357
single_speaker,False,1.0,116,86,74.13793103448276,357
single_speaker,False,2.0,116,97,83.62068965517241,357
single_speaker,False,3.0,116,83,71.55172413793103,357
single_speaker,False,4.0,116,96,82.75862068965517,357
single_speaker,False,5.0,116,82,70.6896551724138,357
colocated,False,-4.0,116,68,58.620689655172406,358
colocated,False,-2.0,116,65,56.03448275862068,358
colocated,False,0.0,116,68,58.620689655172406,358
colocated,False,1.0,116,68,58.620689655172406,358
colocated,False,2.0,116,82,70.6896551724138,358
colocated,False,3.0,116,57,49.137931034482754,358
colocated,False,4.0,116,76,65.51724137931035,358
colocated,False,5.0,116,75,64.65517241379311,358
separated,False,-4.0,116,59,50.86206896551724,358
separated,False,-2.0,116,74,63.793103448275865,358
separated,False,0.0,116,81,69.82758620689656,358
separated,False,1.0,116,97,83.62068965517241,358
separated,False,2.0,116,84,72.41379310344827,358
separated,False,3.0,116,74,63.793103448275865,358
separated,False,4.0,116,82,70.6896551724138,358
separated,False,5.0,116,79,68.10344827586206,358
single_speaker,False,-4.0,116,94,81.03448275862068,358
single_speaker,False,-2.0,116,77,66.37931034482759,358
single_speaker,False,0.0,116,82,70.6896551724138,358
single_speaker,False,1.0,116,88,75.86206896551724,358
single_speaker,False,2.0,116,100,86.20689655172413,358
single_speaker,False,3.0,116,90,77.58620689655173,358
single_speaker,False,4.0,116,100,86.20689655172413,358
single_speaker,False,5.0,116,89,76.72413793103449,358
colocated,False,-4.0,116,65,56.03448275862068,359
colocated,False,-2.0,116,72,62.06896551724138,359
colocated,False,0.0,116,70,60.3448275862069,359
colocated,False,1.0,116,83,71.55172413793103,359
colocated,False,2.0,116,92,79.3103448275862,359
colocated,False,3.0,116,68,58.620689655172406,359
colocated,False,4.0,116,79,68.10344827586206,359
colocated,False,5.0,116,83,71.55172413793103,359
separated,False,-4.0,116,67,57.758620689655174,359
separated,False,-2.0,116,67,57.758620689655174,359
separated,False,0.0,116,78,67.24137931034483,359
separated,False,1.0,116,91,78.44827586206897,359
separated,False,2.0,116,70,60.3448275862069,359
separated,False,3.0,116,72,62.06896551724138,359
separated,False,4.0,116,82,70.6896551724138,359
separated,False,5.0,116,70,60.3448275862069,359
single_speaker,False,-4.0,116,88,75.86206896551724,359
single_speaker,False,-2.0,116,75,64.65517241379311,359
single_speaker,False,0.0,116,82,70.6896551724138,359
single_speaker,False,1.0,116,94,81.03448275862068,359
single_speaker,False,2.0,116,102,87.93103448275862,359
single_speaker,False,3.0,116,85,73.27586206896551,359
single_speaker,False,4.0,116,95,81.89655172413794,359
single_speaker,False,5.0,116,93,80.17241379310344,359
colocated,False,-4.0,116,63,54.310344827586206,360
colocated,False,-2.0,116,67,57.758620689655174,360
colocated,False,0.0,116,76,65.51724137931035,360
colocated,False,1.0,116,77,66.37931034482759,360
colocated,False,2.0,116,83,71.55172413793103,360
colocated,False,3.0,116,72,62.06896551724138,360
colocated,False,4.0,116,82,70.6896551724138,360
colocated,False,5.0,116,67,57.758620689655174,360
separated,False,-4.0,116,71,61.206896551724135,360
separated,False,-2.0,116,80,68.96551724137932,360
separated,False,0.0,116,73,62.93103448275862,360
separated,False,1.0,116,97,83.62068965517241,360
separated,False,2.0,116,72,62.06896551724138,360
separated,False,3.0,116,73,62.93103448275862,360
separated,False,4.0,116,82,70.6896551724138,360
separated,False,5.0,116,74,63.793103448275865,360
single_speaker,False,-4.0,116,86,74.13793103448276,360
single_speaker,False,-2.0,116,87,75.0,360
single_speaker,False,0.0,116,75,64.65517241379311,360
single_speaker,False,1.0,116,90,77.58620689655173,360
single_speaker,False,2.0,116,100,86.20689655172413,360
single_speaker,False,3.0,116,83,71.55172413793103,360
single_speaker,False,4.0,116,100,86.20689655172413,360
single_speaker,False,5.0,116,83,71.55172413793103,360
colocated,False,-4.0,116,61,52.58620689655172,361
colocated,False,-2.0,116,66,56.896551724137936,361
colocated,False,0.0,116,62,53.44827586206896,361
colocated,False,1.0,116,83,71.55172413793103,361
colocated,False,2.0,116,83,71.55172413793103,361
colocated,False,3.0,116,63,54.310344827586206,361
colocated,False,4.0,116,78,67.24137931034483,361
colocated,False,5.0,116,81,69.82758620689656,361
separated,False,-4.0,116,65,56.03448275862068,361
separated,False,-2.0,116,81,69.82758620689656,361
separated,False,0.0,116,74,63.793103448275865,361
separated,False,1.0,116,88,75.86206896551724,361
separated,False,2.0,116,83,71.55172413793103,361
separated,False,3.0,116,76,65.51724137931035,361
separated,False,4.0,116,82,70.6896551724138,361
separated,False,5.0,116,83,71.55172413793103,361
single_speaker,False,-4.0,116,91,78.44827586206897,361
single_speaker,False,-2.0,116,84,72.41379310344827,361
single_speaker,False,0.0,116,85,73.27586206896551,361
single_speaker,False,1.0,116,95,81.89655172413794,361
single_speaker,False,2.0,116,105,90.51724137931035,361
single_speaker,False,3.0,116,88,75.86206896551724,361
single_speaker,False,4.0,116,97,83.62068965517241,361
single_speaker,False,5.0,116,81,69.82758620689656,361
colocated,False,-4.0,116,56,48.275862068965516,362
colocated,False,-2.0,116,69,59.48275862068966,362
colocated,False,0.0,116,75,64.65517241379311,362
colocated,False,1.0,116,88,75.86206896551724,362
colocated,False,2.0,116,92,79.3103448275862,362
colocated,False,3.0,116,76,65.51724137931035,362
colocated,False,4.0,116,82,70.6896551724138,362
colocated,False,5.0,116,84,72.41379310344827,362
separated,False,-4.0,116,71,61.206896551724135,362
separated,False,-2.0,116,75,64.65517241379311,362
separated,False,0.0,116,77,66.37931034482759,362
separated,False,1.0,116,92,79.3103448275862,362
separated,False,2.0,116,78,67.24137931034483,362
separated,False,3.0,116,72,62.06896551724138,362
separated,False,4.0,116,82,70.6896551724138,362
separated,False,5.0,116,77,66.37931034482759,362
single_speaker,False,-4.0,116,88,75.86206896551724,362
single_speaker,False,-2.0,116,80,68.96551724137932,362
single_speaker,False,0.0,116,86,74.13793103448276,362
single_speaker,False,1.0,116,96,82.75862068965517,362
single_speaker,False,2.0,116,101,87.06896551724138,362
single_speaker,False,3.0,116,76,65.51724137931035,362
single_speaker,False,4.0,116,94,81.03448275862068,362
single_speaker,False,5.0,116,78,67.24137931034483,362
colocated,False,-4.0,116,78,67.24137931034483,363
colocated,False,-2.0,116,66,56.896551724137936,363
colocated,False,0.0,116,68,58.620689655172406,363
colocated,False,1.0,116,75,64.65517241379311,363
colocated,False,2.0,116,88,75.86206896551724,363
colocated,False,3.0,116,67,57.758620689655174,363
colocated,False,4.0,116,79,68.10344827586206,363
colocated,False,5.0,116,80,68.96551724137932,363
separated,False,-4.0,116,64,55.172413793103445,363
separated,False,-2.0,116,71,61.206896551724135,363
separated,False,0.0,116,72,62.06896551724138,363
separated,False,1.0,116,96,82.75862068965517,363
separated,False,2.0,116,77,66.37931034482759,363
separated,False,3.0,116,64,55.172413793103445,363
separated,False,4.0,116,82,70.6896551724138,363
separated,False,5.0,116,71,61.206896551724135,363
single_speaker,False,-4.0,116,86,74.13793103448276,363
single_speaker,False,-2.0,116,81,69.82758620689656,363
single_speaker,False,0.0,116,79,68.10344827586206,363
single_speaker,False,1.0,116,91,78.44827586206897,363
single_speaker,False,2.0,116,103,88.79310344827587,363
single_speaker,False,3.0,116,73,62.93103448275862,363
single_speaker,False,4.0,116,90,77.58620689655173,363
single_speaker,False,5.0,116,79,68.10344827586206,363
colocated,False,-4.0,116,64,55.172413793103445,364
colocated,False,-2.0,116,67,57.758620689655174,364
colocated,False,0.0,116,75,64.65517241379311,364
colocated,False,1.0,116,85,73.27586206896551,364
colocated,False,2.0,116,84,72.41379310344827,364
colocated,False,3.0,116,62,53.44827586206896,364
colocated,False,4.0,116,87,75.0,364
colocated,False,5.0,116,77,66.37931034482759,364
separated,False,-4.0,116,73,62.93103448275862,364
separated,False,-2.0,116,76,65.51724137931035,364
separated,False,0.0,116,72,62.06896551724138,364
separated,False,1.0,116,94,81.03448275862068,364
separated,False,2.0,116,72,62.06896551724138,364
separated,False,3.0,116,70,60.3448275862069,364
separated,False,4.0,116,95,81.89655172413794,364
separated,False,5.0,116,81,69.82758620689656,364
single_speaker,False,-4.0,116,81,69.82758620689656,364
single_speaker,False,-2.0,116,86,74.13793103448276,364
single_speaker,False,0.0,116,88,75.86206896551724,364
single_speaker,False,1.0,116,92,79.3103448275862,364
single_speaker,False,2.0,116,96,82.75862068965517,364
single_speaker,False,3.0,116,77,66.37931034482759,364
single_speaker,False,4.0,116,99,85.34482758620689,364
single_speaker,False,5.0,116,81,69.82758620689656,364
colocated,False,-4.0,116,62,53.44827586206896,365
colocated,False,-2.0,116,73,62.93103448275862,365
colocated,False,0.0,116,70,60.3448275862069,365
colocated,False,1.0,116,76,65.51724137931035,365
colocated,False,2.0,116,91,78.44827586206897,365
colocated,False,3.0,116,60,51.724137931034484,365
colocated,False,4.0,116,78,67.24137931034483,365
colocated,False,5.0,116,77,66.37931034482759,365
separated,False,-4.0,116,68,58.620689655172406,365
separated,False,-2.0,116,71,61.206896551724135,365
separated,False,0.0,116,79,68.10344827586206,365
separated,False,1.0,116,94,81.03448275862068,365
separated,False,2.0,116,72,62.06896551724138,365
separated,False,3.0,116,69,59.48275862068966,365
separated,False,4.0,116,70,60.3448275862069,365
separated,False,5.0,116,80,68.96551724137932,365
single_speaker,False,-4.0,116,85,73.27586206896551,365
single_speaker,False,-2.0,116,83,71.55172413793103,365
single_speaker,False,0.0,116,82,70.6896551724138,365
single_speaker,False,1.0,116,97,83.62068965517241,365
single_speaker,False,2.0,116,97,83.62068965517241,365
single_speaker,False,3.0,116,79,68.10344827586206,365
single_speaker,False,4.0,116,96,82.75862068965517,365
single_speaker,False,5.0,116,82,70.6896551724138,365
colocated,False,-4.0,116,59,50.86206896551724,366
colocated,False,-2.0,116,70,60.3448275862069,366
colocated,False,0.0,116,78,67.24137931034483,366
colocated,False,1.0,116,72,62.06896551724138,366
colocated,False,2.0,116,88,75.86206896551724,366
colocated,False,3.0,116,67,57.758620689655174,366
colocated,False,4.0,116,82,70.6896551724138,366
colocated,False,5.0,116,81,69.82758620689656,366
separated,False,-4.0,116,58,50.0,366
separated,False,-2.0,116,75,64.65517241379311,366
separated,False,0.0,116,79,68.10344827586206,366
separated,False,1.0,116,88,75.86206896551724,366
separated,False,2.0,116,71,61.206896551724135,366
separated,False,3.0,116,66,56.896551724137936,366
separated,False,4.0,116,86,74.13793103448276,366
separated,False,5.0,116,75,64.65517241379311,366
single_speaker,False,-4.0,116,88,75.86206896551724,366
single_speaker,False,-2.0,116,82,70.6896551724138,366
single_speaker,False,0.0,116,87,75.0,366
single_speaker,False,1.0,116,94,81.03448275862068,366
single_speaker,False,2.0,116,100,86.20689655172413,366
single_speaker,False,3.0,116,84,72.41379310344827,366
single_speaker,False,4.0,116,89,76.72413793103449,366
single_speaker,False,5.0,116,80,68.96551724137932,366
colocated,False,-4.0,116,74,63.793103448275865,367
colocated,False,-2.0,116,58,50.0,367
colocated,False,0.0,116,81,69.82758620689656,367
colocated,False,1.0,116,86,74.13793103448276,367
colocated,False,2.0,116,90,77.58620689655173,367
colocated,False,3.0,116,68,58.620689655172406,367
colocated,False,4.0,116,71,61.206896551724135,367
colocated,False,5.0,116,84,72.41379310344827,367
separated,False,-4.0,116,59,50.86206896551724,367
separated,False,-2.0,116,79,68.10344827586206,367
separated,False,0.0,116,79,68.10344827586206,367
separated,False,1.0,116,97,83.62068965517241,367
separated,False,2.0,116,66,56.896551724137936,367
separated,False,3.0,116,78,67.24137931034483,367
separated,False,4.0,116,75,64.65517241379311,367
separated,False,5.0,116,71,61.206896551724135,367
single_speaker,False,-4.0,116,82,70.6896551724138,367
single_speaker,False,-2.0,116,88,75.86206896551724,367
single_speaker,False,0.0,116,79,68.10344827586206,367
single_speaker,False,1.0,116,89,76.72413793103449,367
single_speaker,False,2.0,116,101,87.06896551724138,367
single_speaker,False,3.0,116,86,74.13793103448276,367
single_speaker,False,4.0,116,89,76.72413793103449,367
single_speaker,False,5.0,116,89,76.72413793103449,367
colocated,False,-4.0,116,71,61.206896551724135,368
colocated,False,-2.0,116,67,57.758620689655174,368
colocated,False,0.0,116,67,57.758620689655174,368
colocated,False,1.0,116,70,60.3448275862069,368
colocated,False,2.0,116,86,74.13793103448276,368
colocated,False,3.0,116,65,56.03448275862068,368
colocated,False,4.0,116,70,60.3448275862069,368
colocated,False,5.0,116,80,68.96551724137932,368
separated,False,-4.0,116,62,53.44827586206896,368
separated,False,-2.0,116,77,66.37931034482759,368
separated,False,0.0,116,76,65.51724137931035,368
separated,False,1.0,116,91,78.44827586206897,368
separated,False,2.0,116,83,71.55172413793103,368
separated,False,3.0,116,77,66.37931034482759,368
separated,False,4.0,116,87,75.0,368
separated,False,5.0,116,72,62.06896551724138,368
single_speaker,False,-4.0,116,78,67.24137931034483,368
single_speaker,False,-2.0,116,83,71.55172413793103,368
single_speaker,False,0.0,116,80,68.96551724137932,368
single_speaker,False,1.0,116,93,80.17241379310344,368
single_speaker,False,2.0,116,94,81.03448275862068,368
single_speaker,False,3.0,116,81,69.82758620689656,368
single_speaker,False,4.0,116,97,83.62068965517241,368
single_speaker,False,5.0,116,68,58.620689655172406,368
colocated,False,-4.0,116,66,56.896551724137936,369
colocated,False,-2.0,116,67,57.758620689655174,369
colocated,False,0.0,116,73,62.93103448275862,369
colocated,False,1.0,116,77,66.37931034482759,369
colocated,False,2.0,116,91,78.44827586206897,369
colocated,False,3.0,116,67,57.758620689655174,369
colocated,False,4.0,116,72,62.06896551724138,369
colocated,False,5.0,116,72,62.06896551724138,369
separated,False,-4.0,116,71,61.206896551724135,369
separated,False,-2.0,116,83,71.55172413793103,369
separated,False,0.0,116,80,68.96551724137932,369
separated,False,1.0,116,87,75.0,369
separated,False,2.0,116,74,63.793103448275865,369
separated,False,3.0,116,81,69.82758620689656,369
separated,False,4.0,116,92,79.3103448275862,369
separated,False,5.0,116,79,68.10344827586206,369
single_speaker,False,-4.0,116,82,70.6896551724138,369
single_speaker,False,-2.0,116,74,63.793103448275865,369
single_speaker,False,0.0,116,94,81.03448275862068,369
single_speaker,False,1.0,116,90,77.58620689655173,369
single_speaker,False,2.0,116,101,87.06896551724138,369
single_speaker,False,3.0,116,92,79.3103448275862,369
single_speaker,False,4.0,116,92,79.3103448275862,369
single_speaker,False,5.0,116,77,66.37931034482759,369
colocated,False,-4.0,116,70,60.3448275862069,370
colocated,False,-2.0,116,65,56.03448275862068,370
colocated,False,0.0,116,70,60.3448275862069,370
colocated,False,1.0,116,77,66.37931034482759,370
colocated,False,2.0,116,81,69.82758620689656,370
colocated,False,3.0,116,68,58.620689655172406,370
colocated,False,4.0,116,75,64.65517241379311,370
colocated,False,5.0,116,81,69.82758620689656,370
separated,False,-4.0,116,69,59.48275862068966,370
separated,False,-2.0,116,78,67.24137931034483,370
separated,False,0.0,116,75,64.65517241379311,370
separated,False,1.0,116,90,77.58620689655173,370
separated,False,2.0,116,64,55.172413793103445,370
separated,False,3.0,116,67,57.758620689655174,370
separated,False,4.0,116,84,72.41379310344827,370
separated,False,5.0,116,79,68.10344827586206,370
single_speaker,False,-4.0,116,89,76.72413793103449,370
single_speaker,False,-2.0,116,68,58.620689655172406,370
single_speaker,False,0.0,116,86,74.13793103448276,370
single_speaker,False,1.0,116,90,77.58620689655173,370
single_speaker,False,2.0,116,96,82.75862068965517,370
single_speaker,False,3.0,116,81,69.82758620689656,370
single_speaker,False,4.0,116,92,79.3103448275862,370
single_speaker,False,5.0,116,87,75.0,370
colocated,False,-4.0,116,65,56.03448275862068,371
colocated,False,-2.0,116,60,51.724137931034484,371
colocated,False,0.0,116,70,60.3448275862069,371
colocated,False,1.0,116,72,62.06896551724138,371
colocated,False,2.0,116,84,72.41379310344827,371
colocated,False,3.0,116,67,57.758620689655174,371
colocated,False,4.0,116,87,75.0,371
colocated,False,5.0,116,90,77.58620689655173,371
separated,False,-4.0,116,65,56.03448275862068,371
separated,False,-2.0,116,83,71.55172413793103,371
separated,False,0.0,116,78,67.24137931034483,371
separated,False,1.0,116,96,82.75862068965517,371
separated,False,2.0,116,72,62.06896551724138,371
separated,False,3.0,116,67,57.758620689655174,371
separated,False,4.0,116,79,68.10344827586206,371
separated,False,5.0,116,79,68.10344827586206,371
single_speaker,False,-4.0,116,88,75.86206896551724,371
single_speaker,False,-2.0,116,76,65.51724137931035,371
single_speaker,False,0.0,116,91,78.44827586206897,371
single_speaker,False,1.0,116,87,75.0,371
single_speaker,False,2.0,116,102,87.93103448275862,371
single_speaker,False,3.0,116,79,68.10344827586206,371
single_speaker,False,4.0,116,94,81.03448275862068,371
single_speaker,False,5.0,116,93,80.17241379310344,371
colocated,False,-4.0,116,72,62.06896551724138,372
colocated,False,-2.0,116,62,53.44827586206896,372
colocated,False,0.0,116,60,51.724137931034484,372
colocated,False,1.0,116,83,71.55172413793103,372
colocated,False,2.0,116,87,75.0,372
colocated,False,3.0,116,57,49.137931034482754,372
colocated,False,4.0,116,80,68.96551724137932,372
colocated,False,5.0,116,84,72.41379310344827,372
separated,False,-4.0,116,60,51.724137931034484,372
separated,False,-2.0,116,69,59.48275862068966,372
separated,False,0.0,116,71,61.206896551724135,372
separated,False,1.0,116,92,79.3103448275862,372
separated,False,2.0,116,80,68.96551724137932,372
separated,False,3.0,116,70,60.3448275862069,372
separated,False,4.0,116,85,73.27586206896551,372
separated,False,5.0,116,74,63.793103448275865,372
single_speaker,False,-4.0,116,91,78.44827586206897,372
single_speaker,False,-2.0,116,78,67.24137931034483,372
single_speaker,False,0.0,116,81,69.82758620689656,372
single_speaker,False,1.0,116,95,81.89655172413794,372
single_speaker,False,2.0,116,101,87.06896551724138,372
single_speaker,False,3.0,116,77,66.37931034482759,372
single_speaker,False,4.0,116,97,83.62068965517241,372
single_speaker,False,5.0,116,92,79.3103448275862,372
colocated,False,-4.0,116,68,58.620689655172406,373
colocated,False,-2.0,116,67,57.758620689655174,373
colocated,False,0.0,116,70,60.3448275862069,373
colocated,False,1.0,116,76,65.51724137931035,373
colocated,False,2.0,116,89,76.72413793103449,373
colocated,False,3.0,116,67,57.758620689655174,373
colocated,False,4.0,116,81,69.82758620689656,373
colocated,False,5.0,116,83,71.55172413793103,373
separated,False,-4.0,116,68,58.620689655172406,373
separated,False,-2.0,116,75,64.65517241379311,373
separated,False,0.0,116,79,68.10344827586206,373
separated,False,1.0,116,93,80.17241379310344,373
separated,False,2.0,116,86,74.13793103448276,373
separated,False,3.0,116,67,57.758620689655174,373
separated,False,4.0,116,76,65.51724137931035,373
separated,False,5.0,116,72,62.06896551724138,373
single_speaker,False,-4.0,116,88,75.86206896551724,373
single_speaker,False,-2.0,116,79,68.10344827586206,373
single_speaker,False,0.0,116,84,72.41379310344827,373
single_speaker,False,1.0,116,92,79.3103448275862,373
single_speaker,False,2.0,116,101,87.06896551724138,373
single_speaker,False,3.0,116,88,75.86206896551724,373
single_speaker,False,4.0,116,96,82.75862068965517,373
single_speaker,False,5.0,116,79,68.10344827586206,373
colocated,False,-4.0,116,65,56.03448275862068,374
colocated,False,-2.0,116,64,55.172413793103445,374
colocated,False,0.0,116,71,61.206896551724135,374
colocated,False,1.0,116,68,58.620689655172406,374
colocated,False,2.0,116,89,76.72413793103449,374
colocated,False,3.0,116,67,57.758620689655174,374
colocated,False,4.0,116,76,65.51724137931035,374
colocated,False,5.0,116,75,64.65517241379311,374
separated,False,-4.0,116,59,50.86206896551724,374
separated,False,-2.0,116,72,62.06896551724138,374
separated,False,0.0,116,84,72.41379310344827,374
separated,False,1.0,116,93,80.17241379310344,374
separated,False,2.0,116,70,60.3448275862069,374
separated,False,3.0,116,65,56.03448275862068,374
separated,False,4.0,116,82,70.6896551724138,374
separated,False,5.0,116,78,67.24137931034483,374
single_speaker,False,-4.0,116,85,73.27586206896551,374
single_speaker,False,-2.0,116,79,68.10344827586206,374
single_speaker,False,0.0,116,80,68.96551724137932,374
single_speaker,False,1.0,116,93,80.17241379310344,374
single_speaker,False,2.0,116,105,90.51724137931035,374
single_speaker,False,3.0,116,77,66.37931034482759,374
single_speaker,False,4.0,116,97,83.62068965517241,374
single_speaker,False,5.0,116,89,76.72413793103449,374
colocated,False,-4.0,116,69,59.48275862068966,375
colocated,False,-2.0,116,61,52.58620689655172,375
colocated,False,0.0,116,77,66.37931034482759,375
colocated,False,1.0,116,67,57.758620689655174,375
colocated,False,2.0,116,88,75.86206896551724,375
colocated,False,3.0,116,57,49.137931034482754,375
colocated,False,4.0,116,85,73.27586206896551,375
colocated,False,5.0,116,65,56.03448275862068,375
separated,False,-4.0,116,51,43.96551724137931,375
separated,False,-2.0,116,74,63.793103448275865,375
separated,False,0.0,116,79,68.10344827586206,375
separated,False,1.0,116,90,77.58620689655173,375
separated,False,2.0,116,79,68.10344827586206,375
separated,False,3.0,116,70,60.3448275862069,375
separated,False,4.0,116,82,70.6896551724138,375
separated,False,5.0,116,78,67.24137931034483,375
single_speaker,False,-4.0,116,93,80.17241379310344,375
single_speaker,False,-2.0,116,77,66.37931034482759,375
single_speaker,False,0.0,116,92,79.3103448275862,375
single_speaker,False,1.0,116,93,80.17241379310344,375
single_speaker,False,2.0,116,105,90.51724137931035,375
single_speaker,False,3.0,116,88,75.86206896551724,375
single_speaker,False,4.0,116,90,77.58620689655173,375
single_speaker,False,5.0,116,84,72.41379310344827,375
colocated,False,-4.0,116,60,51.724137931034484,376
colocated,False,-2.0,116,62,53.44827586206896,376
colocated,False,0.0,116,74,63.793103448275865,376
colocated,False,1.0,116,76,65.51724137931035,376
colocated,False,2.0,116,88,75.86206896551724,376
colocated,False,3.0,116,58,50.0,376
colocated,False,4.0,116,81,69.82758620689656,376
colocated,False,5.0,116,77,66.37931034482759,376
separated,False,-4.0,116,64,55.172413793103445,376
separated,False,-2.0,116,70,60.3448275862069,376
separated,False,0.0,116,78,67.24137931034483,376
separated,False,1.0,116,94,81.03448275862068,376
separated,False,2.0,116,75,64.65517241379311,376
separated,False,3.0,116,65,56.03448275862068,376
separated,False,4.0,116,80,68.96551724137932,376
separated,False,5.0,116,75,64.65517241379311,376
single_speaker,False,-4.0,116,91,78.44827586206897,376
single_speaker,False,-2.0,116,80,68.96551724137932,376
single_speaker,False,0.0,116,79,68.10344827586206,376
single_speaker,False,1.0,116,92,79.3103448275862,376
single_speaker,False,2.0,116,102,87.93103448275862,376
single_speaker,False,3.0,116,80,68.96551724137932,376
single_speaker,False,4.0,116,88,75.86206896551724,376
single_speaker,False,5.0,116,81,69.82758620689656,376
colocated,False,-4.0,116,68,58.620689655172406,377
colocated,False,-2.0,116,63,54.310344827586206,377
colocated,False,0.0,116,73,62.93103448275862,377
colocated,False,1.0,116,81,69.82758620689656,377
colocated,False,2.0,116,85,73.27586206896551,377
colocated,False,3.0,116,69,59.48275862068966,377
colocated,False,4.0,116,72,62.06896551724138,377
colocated,False,5.0,116,83,71.55172413793103,377
separated,False,-4.0,116,63,54.310344827586206,377
separated,False,-2.0,116,73,62.93103448275862,377
separated,False,0.0,116,75,64.65517241379311,377
separated,False,1.0,116,92,79.3103448275862,377
separated,False,2.0,116,80,68.96551724137932,377
separated,False,3.0,116,67,57.758620689655174,377
separated,False,4.0,116,71,61.206896551724135,377
separated,False,5.0,116,77,66.37931034482759,377
single_speaker,False,-4.0,116,88,75.86206896551724,377
single_speaker,False,-2.0,116,74,63.793103448275865,377
single_speaker,False,0.0,116,84,72.41379310344827,377
single_speaker,False,1.0,116,96,82.75862068965517,377
single_speaker,False,2.0,116,100,86.20689655172413,377
single_speaker,False,3.0,116,81,69.82758620689656,377
single_speaker,False,4.0,116,92,79.3103448275862,377
single_speaker,False,5.0,116,82,70.6896551724138,377
colocated,False,-4.0,116,66,56.896551724137936,378
colocated,False,-2.0,116,65,56.03448275862068,378
colocated,False,0.0,116,79,68.10344827586206,378
colocated,False,1.0,116,82,70.6896551724138,378
colocated,False,2.0,116,88,75.86206896551724,378
colocated,False,3.0,116,72,62.06896551724138,378
colocated,False,4.0,116,83,71.55172413793103,378
colocated,False,5.0,116,70,60.3448275862069,378
separated,False,-4.0,116,65,56.03448275862068,378
separated,False,-2.0,116,72,62.06896551724138,378
separated,False,0.0,116,82,70.6896551724138,378
separated,False,1.0,116,100,86.20689655172413,378
separated,False,2.0,116,76,65.51724137931035,378
separated,False,3.0,116,75,64.65517241379311,378
separated,False,4.0,116,85,73.27586206896551,378
separated,False,5.0,116,75,64.65517241379311,378
single_speaker,False,-4.0,116,85,73.27586206896551,378
single_speaker,False,-2.0,116,81,69.82758620689656,378
single_speaker,False,0.0,116,77,66.37931034482759,378
single_speaker,False,1.0,116,92,79.3103448275862,378
single_speaker,False,2.0,116,105,90.51724137931035,378
single_speaker,False,3.0,116,81,69.82758620689656,378
single_speaker,False,4.0,116,88,75.86206896551724,378
single_speaker,False,5.0,116,82,70.6896551724138,378
colocated,False,-4.0,116,68,58.620689655172406,379
colocated,False,-2.0,116,60,51.724137931034484,379
colocated,False,0.0,116,73,62.93103448275862,379
colocated,False,1.0,116,79,68.10344827586206,379
colocated,False,2.0,116,82,70.6896551724138,379
colocated,False,3.0,116,63,54.310344827586206,379
colocated,False,4.0,116,82,70.6896551724138,379
colocated,False,5.0,116,75,64.65517241379311,379
separated,False,-4.0,116,64,55.172413793103445,379
separated,False,-2.0,116,69,59.48275862068966,379
separated,False,0.0,116,74,63.793103448275865,379
separated,False,1.0,116,93,80.17241379310344,379
separated,False,2.0,116,73,62.93103448275862,379
separated,False,3.0,116,70,60.3448275862069,379
separated,False,4.0,116,81,69.82758620689656,379
separated,False,5.0,116,90,77.58620689655173,379
single_speaker,False,-4.0,116,79,68.10344827586206,379
single_speaker,False,-2.0,116,78,67.24137931034483,379
single_speaker,False,0.0,116,81,69.82758620689656,379
single_speaker,False,1.0,116,88,75.86206896551724,379
single_speaker,False,2.0,116,97,83.62068965517241,379
single_speaker,False,3.0,116,92,79.3103448275862,379
single_speaker,False,4.0,116,89,76.72413793103449,379
single_speaker,False,5.0,116,80,68.96551724137932,379
colocated,False,-4.0,116,67,57.758620689655174,380
colocated,False,-2.0,116,75,64.65517241379311,380
colocated,False,0.0,116,72,62.06896551724138,380
colocated,False,1.0,116,78,67.24137931034483,380
colocated,False,2.0,116,83,71.55172413793103,380
colocated,False,3.0,116,63,54.310344827586206,380
colocated,False,4.0,116,73,62.93103448275862,380
colocated,False,5.0,116,78,67.24137931034483,380
separated,False,-4.0,116,60,51.724137931034484,380
separated,False,-2.0,116,68,58.620689655172406,380
separated,False,0.0,116,81,69.82758620689656,380
separated,False,1.0,116,103,88.79310344827587,380
separated,False,2.0,116,79,68.10344827586206,380
separated,False,3.0,116,67,57.758620689655174,380
separated,False,4.0,116,79,68.10344827586206,380
separated,False,5.0,116,73,62.93103448275862,380
single_speaker,False,-4.0,116,88,75.86206896551724,380
single_speaker,False,-2.0,116,81,69.82758620689656,380
single_speaker,False,0.0,116,83,71.55172413793103,380
single_speaker,False,1.0,116,89,76.72413793103449,380
single_speaker,False,2.0,116,101,87.06896551724138,380
single_speaker,False,3.0,116,87,75.0,380
single_speaker,False,4.0,116,92,79.3103448275862,380
single_speaker,False,5.0,116,84,72.41379310344827,380
colocated,False,-4.0,116,68,58.620689655172406,381
colocated,False,-2.0,116,66,56.896551724137936,381
colocated,False,0.0,116,66,56.896551724137936,381
colocated,False,1.0,116,82,70.6896551724138,381
colocated,False,2.0,116,86,74.13793103448276,381
colocated,False,3.0,116,65,56.03448275862068,381
colocated,False,4.0,116,77,66.37931034482759,381
colocated,False,5.0,116,82,70.6896551724138,381
separated,False,-4.0,116,60,51.724137931034484,381
separated,False,-2.0,116,61,52.58620689655172,381
separated,False,0.0,116,76,65.51724137931035,381
separated,False,1.0,116,89,76.72413793103449,381
separated,False,2.0,116,67,57.758620689655174,381
separated,False,3.0,116,68,58.620689655172406,381
separated,False,4.0,116,90,77.58620689655173,381
separated,False,5.0,116,75,64.65517241379311,381
single_speaker,False,-4.0,116,80,68.96551724137932,381
single_speaker,False,-2.0,116,78,67.24137931034483,381
single_speaker,False,0.0,116,81,69.82758620689656,381
single_speaker,False,1.0,116,100,86.20689655172413,381
single_speaker,False,2.0,116,102,87.93103448275862,381
single_speaker,False,3.0,116,88,75.86206896551724,381
single_speaker,False,4.0,116,98,84.48275862068965,381
single_speaker,False,5.0,116,82,70.6896551724138,381
colocated,False,-4.0,116,67,57.758620689655174,382
colocated,False,-2.0,116,69,59.48275862068966,382
colocated,False,0.0,116,67,57.758620689655174,382
colocated,False,1.0,116,81,69.82758620689656,382
colocated,False,2.0,116,82,70.6896551724138,382
colocated,False,3.0,116,63,54.310344827586206,382
colocated,False,4.0,116,69,59.48275862068966,382
colocated,False,5.0,116,79,68.10344827586206,382
separated,False,-4.0,116,55,47.41379310344828,382
separated,False,-2.0,116,79,68.10344827586206,382
separated,False,0.0,116,81,69.82758620689656,382
separated,False,1.0,116,85,73.27586206896551,382
separated,False,2.0,116,74,63.793103448275865,382
separated,False,3.0,116,68,58.620689655172406,382
separated,False,4.0,116,84,72.41379310344827,382
separated,False,5.0,116,81,69.82758620689656,382
single_speaker,False,-4.0,116,93,80.17241379310344,382
single_speaker,False,-2.0,116,75,64.65517241379311,382
single_speaker,False,0.0,116,92,79.3103448275862,382
single_speaker,False,1.0,116,93,80.17241379310344,382
single_speaker,False,2.0,116,97,83.62068965517241,382
single_speaker,False,3.0,116,76,65.51724137931035,382
single_speaker,False,4.0,116,89,76.72413793103449,382
single_speaker,False,5.0,116,86,74.13793103448276,382
colocated,False,-4.0,116,63,54.310344827586206,383
colocated,False,-2.0,116,71,61.206896551724135,383
colocated,False,0.0,116,73,62.93103448275862,383
colocated,False,1.0,116,84,72.41379310344827,383
colocated,False,2.0,116,82,70.6896551724138,383
colocated,False,3.0,116,68,58.620689655172406,383
colocated,False,4.0,116,75,64.65517241379311,383
colocated,False,5.0,116,76,65.51724137931035,383
separated,False,-4.0,116,64,55.172413793103445,383
separated,False,-2.0,116,68,58.620689655172406,383
separated,False,0.0,116,84,72.41379310344827,383
separated,False,1.0,116,85,73.27586206896551,383
separated,False,2.0,116,78,67.24137931034483,383
separated,False,3.0,116,53,45.689655172413794,383
separated,False,4.0,116,89,76.72413793103449,383
separated,False,5.0,116,78,67.24137931034483,383
single_speaker,False,-4.0,116,85,73.27586206896551,383
single_speaker,False,-2.0,116,84,72.41379310344827,383
single_speaker,False,0.0,116,84,72.41379310344827,383
single_speaker,False,1.0,116,86,74.13793103448276,383
single_speaker,False,2.0,116,93,80.17241379310344,383
single_speaker,False,3.0,116,86,74.13793103448276,383
single_speaker,False,4.0,116,97,83.62068965517241,383
single_speaker,False,5.0,116,89,76.72413793103449,383
colocated,False,-4.0,116,71,61.206896551724135,384
colocated,False,-2.0,116,65,56.03448275862068,384
colocated,False,0.0,116,83,71.55172413793103,384
colocated,False,1.0,116,80,68.96551724137932,384
colocated,False,2.0,116,86,74.13793103448276,384
colocated,False,3.0,116,63,54.310344827586206,384
colocated,False,4.0,116,81,69.82758620689656,384
colocated,False,5.0,116,85,73.27586206896551,384
separated,False,-4.0,116,61,52.58620689655172,384
separated,False,-2.0,116,73,62.93103448275862,384
separated,False,0.0,116,77,66.37931034482759,384
separated,False,1.0,116,97,83.62068965517241,384
separated,False,2.0,116,72,62.06896551724138,384
separated,False,3.0,116,71,61.206896551724135,384
separated,False,4.0,116,87,75.0,384
separated,False,5.0,116,83,71.55172413793103,384
single_speaker,False,-4.0,116,88,75.86206896551724,384
single_speaker,False,-2.0,116,74,63.793103448275865,384
single_speaker,False,0.0,116,83,71.55172413793103,384
single_speaker,False,1.0,116,100,86.20689655172413,384
single_speaker,False,2.0,116,100,86.20689655172413,384
single_speaker,False,3.0,116,81,69.82758620689656,384
single_speaker,False,4.0,116,92,79.3103448275862,384
single_speaker,False,5.0,116,90,77.58620689655173,384
colocated,False,-4.0,116,63,54.310344827586206,385
colocated,False,-2.0,116,67,57.758620689655174,385
colocated,False,0.0,116,74,63.793103448275865,385
colocated,False,1.0,116,86,74.13793103448276,385
colocated,False,2.0,116,91,78.44827586206897,385
colocated,False,3.0,116,68,58.620689655172406,385
colocated,False,4.0,116,86,74.13793103448276,385
colocated,False,5.0,116,76,65.51724137931035,385
separated,False,-4.0,116,67,57.758620689655174,385
separated,False,-2.0,116,72,62.06896551724138,385
separated,False,0.0,116,72,62.06896551724138,385
separated,False,1.0,116,90,77.58620689655173,385
separated,False,2.0,116,74,63.793103448275865,385
separated,False,3.0,116,74,63.793103448275865,385
separated,False,4.0,116,78,67.24137931034483,385
separated,False,5.0,116,85,73.27586206896551,385
single_speaker,False,-4.0,116,83,71.55172413793103,385
single_speaker,False,-2.0,116,85,73.27586206896551,385
single_speaker,False,0.0,116,85,73.27586206896551,385
single_speaker,False,1.0,116,94,81.03448275862068,385
single_speaker,False,2.0,116,97,83.62068965517241,385
single_speaker,False,3.0,116,79,68.10344827586206,385
single_speaker,False,4.0,116,97,83.62068965517241,385
single_speaker,False,5.0,116,79,68.10344827586206,385
colocated,False,-4.0,116,70,60.3448275862069,386
colocated,False,-2.0,116,64,55.172413793103445,386
colocated,False,0.0,116,70,60.3448275862069,386
colocated,False,1.0,116,79,68.10344827586206,386
colocated,False,2.0,116,81,69.82758620689656,386
colocated,False,3.0,116,59,50.86206896551724,386
colocated,False,4.0,116,81,69.82758620689656,386
colocated,False,5.0,116,82,70.6896551724138,386
separated,False,-4.0,116,68,58.620689655172406,386
separated,False,-2.0,116,76,65.51724137931035,386
separated,False,0.0,116,75,64.65517241379311,386
separated,False,1.0,116,91,78.44827586206897,386
separated,False,2.0,116,79,68.10344827586206,386
separated,False,3.0,116,66,56.896551724137936,386
separated,False,4.0,116,85,73.27586206896551,386
separated,False,5.0,116,76,65.51724137931035,386
single_speaker,False,-4.0,116,94,81.03448275862068,386
single_speaker,False,-2.0,116,81,69.82758620689656,386
single_speaker,False,0.0,116,89,76.72413793103449,386
single_speaker,False,1.0,116,89,76.72413793103449,386
single_speaker,False,2.0,116,95,81.89655172413794,386
single_speaker,False,3.0,116,84,72.41379310344827,386
single_speaker,False,4.0,116,85,73.27586206896551,386
single_speaker,False,5.0,116,91,78.44827586206897,386
colocated,False,-4.0,116,62,53.44827586206896,387
colocated,False,-2.0,116,61,52.58620689655172,387
colocated,False,0.0,116,83,71.55172413793103,387
colocated,False,1.0,116,84,72.41379310344827,387
colocated,False,2.0,116,83,71.55172413793103,387
colocated,False,3.0,116,69,59.48275862068966,387
colocated,False,4.0,116,87,75.0,387
colocated,False,5.0,116,80,68.96551724137932,387
separated,False,-4.0,116,63,54.310344827586206,387
separated,False,-2.0,116,75,64.65517241379311,387
separated,False,0.0,116,80,68.96551724137932,387
separated,False,1.0,116,91,78.44827586206897,387
separated,False,2.0,116,76,65.51724137931035,387
separated,False,3.0,116,69,59.48275862068966,387
separated,False,4.0,116,80,68.96551724137932,387
separated,False,5.0,116,75,64.65517241379311,387
single_speaker,False,-4.0,116,84,72.41379310344827,387
single_speaker,False,-2.0,116,87,75.0,387
single_speaker,False,0.0,116,80,68.96551724137932,387
single_speaker,False,1.0,116,87,75.0,387
single_speaker,False,2.0,116,100,86.20689655172413,387
single_speaker,False,3.0,116,81,69.82758620689656,387
single_speaker,False,4.0,116,89,76.72413793103449,387
single_speaker,False,5.0,116,84,72.41379310344827,387
colocated,False,-4.0,116,69,59.48275862068966,388
colocated,False,-2.0,116,76,65.51724137931035,388
colocated,False,0.0,116,80,68.96551724137932,388
colocated,False,1.0,116,78,67.24137931034483,388
colocated,False,2.0,116,88,75.86206896551724,388
colocated,False,3.0,116,56,48.275862068965516,388
colocated,False,4.0,116,74,63.793103448275865,388
colocated,False,5.0,116,82,70.6896551724138,388
separated,False,-4.0,116,65,56.03448275862068,388
separated,False,-2.0,116,76,65.51724137931035,388
separated,False,0.0,116,89,76.72413793103449,388
separated,False,1.0,116,97,83.62068965517241,388
separated,False,2.0,116,79,68.10344827586206,388
separated,False,3.0,116,67,57.758620689655174,388
separated,False,4.0,116,85,73.27586206896551,388
separated,False,5.0,116,79,68.10344827586206,388
single_speaker,False,-4.0,116,83,71.55172413793103,388
single_speaker,False,-2.0,116,84,72.41379310344827,388
single_speaker,False,0.0,116,82,70.6896551724138,388
single_speaker,False,1.0,116,96,82.75862068965517,388
single_speaker,False,2.0,116,100,86.20689655172413,388
single_speaker,False,3.0,116,73,62.93103448275862,388
single_speaker,False,4.0,116,96,82.75862068965517,388
single_speaker,False,5.0,116,79,68.10344827586206,388
colocated,False,-4.0,116,64,55.172413793103445,389
colocated,False,-2.0,116,68,58.620689655172406,389
colocated,False,0.0,116,84,72.41379310344827,389
colocated,False,1.0,116,79,68.10344827586206,389
colocated,False,2.0,116,89,76.72413793103449,389
colocated,False,3.0,116,59,50.86206896551724,389
colocated,False,4.0,116,78,67.24137931034483,389
colocated,False,5.0,116,83,71.55172413793103,389
separated,False,-4.0,116,59,50.86206896551724,389
separated,False,-2.0,116,62,53.44827586206896,389
separated,False,0.0,116,83,71.55172413793103,389
separated,False,1.0,116,89,76.72413793103449,389
separated,False,2.0,116,78,67.24137931034483,389
separated,False,3.0,116,68,58.620689655172406,389
separated,False,4.0,116,83,71.55172413793103,389
separated,False,5.0,116,80,68.96551724137932,389
single_speaker,False,-4.0,116,84,72.41379310344827,389
single_speaker,False,-2.0,116,79,68.10344827586206,389
single_speaker,False,0.0,116,77,66.37931034482759,389
single_speaker,False,1.0,116,95,81.89655172413794,389
single_speaker,False,2.0,116,100,86.20689655172413,389
single_speaker,False,3.0,116,84,72.41379310344827,389
single_speaker,False,4.0,116,91,78.44827586206897,389
single_speaker,False,5.0,116,89,76.72413793103449,389
colocated,False,-4.0,116,65,56.03448275862068,390
colocated,False,-2.0,116,70,60.3448275862069,390
colocated,False,0.0,116,76,65.51724137931035,390
colocated,False,1.0,116,84,72.41379310344827,390
colocated,False,2.0,116,83,71.55172413793103,390
colocated,False,3.0,116,66,56.896551724137936,390
colocated,False,4.0,116,84,72.41379310344827,390
colocated,False,5.0,116,81,69.82758620689656,390
separated,False,-4.0,116,62,53.44827586206896,390
separated,False,-2.0,116,75,64.65517241379311,390
separated,False,0.0,116,69,59.48275862068966,390
separated,False,1.0,116,95,81.89655172413794,390
separated,False,2.0,116,77,66.37931034482759,390
separated,False,3.0,116,66,56.896551724137936,390
separated,False,4.0,116,81,69.82758620689656,390
separated,False,5.0,116,79,68.10344827586206,390
single_speaker,False,-4.0,116,84,72.41379310344827,390
single_speaker,False,-2.0,116,88,75.86206896551724,390
single_speaker,False,0.0,116,82,70.6896551724138,390
single_speaker,False,1.0,116,98,84.48275862068965,390
single_speaker,False,2.0,116,103,88.79310344827587,390
single_speaker,False,3.0,116,86,74.13793103448276,390
single_speaker,False,4.0,116,98,84.48275862068965,390
single_speaker,False,5.0,116,87,75.0,390
colocated,False,-4.0,116,81,69.82758620689656,391
colocated,False,-2.0,116,58,50.0,391
colocated,False,0.0,116,69,59.48275862068966,391
colocated,False,1.0,116,85,73.27586206896551,391
colocated,False,2.0,116,95,81.89655172413794,391
colocated,False,3.0,116,71,61.206896551724135,391
colocated,False,4.0,116,82,70.6896551724138,391
colocated,False,5.0,116,77,66.37931034482759,391
separated,False,-4.0,116,63,54.310344827586206,391
separated,False,-2.0,116,72,62.06896551724138,391
separated,False,0.0,116,78,67.24137931034483,391
separated,False,1.0,116,98,84.48275862068965,391
separated,False,2.0,116,71,61.206896551724135,391
separated,False,3.0,116,66,56.896551724137936,391
separated,False,4.0,116,87,75.0,391
separated,False,5.0,116,81,69.82758620689656,391
single_speaker,False,-4.0,116,83,71.55172413793103,391
single_speaker,False,-2.0,116,84,72.41379310344827,391
single_speaker,False,0.0,116,82,70.6896551724138,391
single_speaker,False,1.0,116,95,81.89655172413794,391
single_speaker,False,2.0,116,99,85.34482758620689,391
single_speaker,False,3.0,116,76,65.51724137931035,391
single_speaker,False,4.0,116,89,76.72413793103449,391
single_speaker,False,5.0,116,85,73.27586206896551,391
colocated,False,-4.0,116,66,56.896551724137936,392
colocated,False,-2.0,116,68,58.620689655172406,392
colocated,False,0.0,116,71,61.206896551724135,392
colocated,False,1.0,116,77,66.37931034482759,392
colocated,False,2.0,116,82,70.6896551724138,392
colocated,False,3.0,116,62,53.44827586206896,392
colocated,False,4.0,116,79,68.10344827586206,392
colocated,False,5.0,116,82,70.6896551724138,392
separated,False,-4.0,116,60,51.724137931034484,392
separated,False,-2.0,116,77,66.37931034482759,392
separated,False,0.0,116,72,62.06896551724138,392
separated,False,1.0,116,89,76.72413793103449,392
separated,False,2.0,116,76,65.51724137931035,392
separated,False,3.0,116,67,57.758620689655174,392
separated,False,4.0,116,85,73.27586206896551,392
separated,False,5.0,116,73,62.93103448275862,392
single_speaker,False,-4.0,116,83,71.55172413793103,392
single_speaker,False,-2.0,116,81,69.82758620689656,392
single_speaker,False,0.0,116,80,68.96551724137932,392
single_speaker,False,1.0,116,91,78.44827586206897,392
single_speaker,False,2.0,116,101,87.06896551724138,392
single_speaker,False,3.0,116,76,65.51724137931035,392
single_speaker,False,4.0,116,88,75.86206896551724,392
single_speaker,False,5.0,116,82,70.6896551724138,392
colocated,False,-4.0,116,73,62.93103448275862,393
colocated,False,-2.0,116,69,59.48275862068966,393
colocated,False,0.0,116,71,61.206896551724135,393
colocated,False,1.0,116,73,62.93103448275862,393
colocated,False,2.0,116,84,72.41379310344827,393
colocated,False,3.0,116,68,58.620689655172406,393
colocated,False,4.0,116,80,68.96551724137932,393
colocated,False,5.0,116,87,75.0,393
separated,False,-4.0,116,65,56.03448275862068,393
separated,False,-2.0,116,73,62.93103448275862,393
separated,False,0.0,116,78,67.24137931034483,393
separated,False,1.0,116,94,81.03448275862068,393
separated,False,2.0,116,71,61.206896551724135,393
separated,False,3.0,116,68,58.620689655172406,393
separated,False,4.0,116,91,78.44827586206897,393
separated,False,5.0,116,78,67.24137931034483,393
single_speaker,False,-4.0,116,94,81.03448275862068,393
single_speaker,False,-2.0,116,74,63.793103448275865,393
single_speaker,False,0.0,116,86,74.13793103448276,393
single_speaker,False,1.0,116,88,75.86206896551724,393
single_speaker,False,2.0,116,99,85.34482758620689,393
single_speaker,False,3.0,116,81,69.82758620689656,393
single_speaker,False,4.0,116,94,81.03448275862068,393
single_speaker,False,5.0,116,87,75.0,393
colocated,False,-4.0,116,67,57.758620689655174,394
colocated,False,-2.0,116,72,62.06896551724138,394
colocated,False,0.0,116,83,71.55172413793103,394
colocated,False,1.0,116,80,68.96551724137932,394
colocated,False,2.0,116,82,70.6896551724138,394
colocated,False,3.0,116,66,56.896551724137936,394
colocated,False,4.0,116,82,70.6896551724138,394
colocated,False,5.0,116,79,68.10344827586206,394
separated,False,-4.0,116,69,59.48275862068966,394
separated,False,-2.0,116,74,63.793103448275865,394
separated,False,0.0,116,73,62.93103448275862,394
separated,False,1.0,116,93,80.17241379310344,394
separated,False,2.0,116,79,68.10344827586206,394
separated,False,3.0,116,62,53.44827586206896,394
separated,False,4.0,116,83,71.55172413793103,394
separated,False,5.0,116,80,68.96551724137932,394
single_speaker,False,-4.0,116,92,79.3103448275862,394
single_speaker,False,-2.0,116,82,70.6896551724138,394
single_speaker,False,0.0,116,91,78.44827586206897,394
single_speaker,False,1.0,116,89,76.72413793103449,394
single_speaker,False,2.0,116,95,81.89655172413794,394
single_speaker,False,3.0,116,85,73.27586206896551,394
single_speaker,False,4.0,116,95,81.89655172413794,394
single_speaker,False,5.0,116,82,70.6896551724138,394
colocated,False,-4.0,116,70,60.3448275862069,395
colocated,False,-2.0,116,77,66.37931034482759,395
colocated,False,0.0,116,61,52.58620689655172,395
colocated,False,1.0,116,73,62.93103448275862,395
colocated,False,2.0,116,88,75.86206896551724,395
colocated,False,3.0,116,84,72.41379310344827,395
colocated,False,4.0,116,77,66.37931034482759,395
colocated,False,5.0,116,80,68.96551724137932,395
separated,False,-4.0,116,62,53.44827586206896,395
separated,False,-2.0,116,80,68.96551724137932,395
separated,False,0.0,116,81,69.82758620689656,395
separated,False,1.0,116,100,86.20689655172413,395
separated,False,2.0,116,76,65.51724137931035,395
separated,False,3.0,116,80,68.96551724137932,395
separated,False,4.0,116,86,74.13793103448276,395
separated,False,5.0,116,79,68.10344827586206,395
single_speaker,False,-4.0,116,81,69.82758620689656,395
single_speaker,False,-2.0,116,90,77.58620689655173,395
single_speaker,False,0.0,116,94,81.03448275862068,395
single_speaker,False,1.0,116,92,79.3103448275862,395
single_speaker,False,2.0,116,100,86.20689655172413,395
single_speaker,False,3.0,116,85,73.27586206896551,395
single_speaker,False,4.0,116,97,83.62068965517241,395
single_speaker,False,5.0,116,79,68.10344827586206,395
colocated,False,-4.0,116,68,58.620689655172406,396
colocated,False,-2.0,116,63,54.310344827586206,396
colocated,False,0.0,116,66,56.896551724137936,396
colocated,False,1.0,116,75,64.65517241379311,396
colocated,False,2.0,116,91,78.44827586206897,396
colocated,False,3.0,116,64,55.172413793103445,396
colocated,False,4.0,116,76,65.51724137931035,396
colocated,False,5.0,116,79,68.10344827586206,396
separated,False,-4.0,116,64,55.172413793103445,396
separated,False,-2.0,116,76,65.51724137931035,396
separated,False,0.0,116,82,70.6896551724138,396
separated,False,1.0,116,89,76.72413793103449,396
separated,False,2.0,116,76,65.51724137931035,396
separated,False,3.0,116,77,66.37931034482759,396
separated,False,4.0,116,86,74.13793103448276,396
separated,False,5.0,116,79,68.10344827586206,396
single_speaker,False,-4.0,116,84,72.41379310344827,396
single_speaker,False,-2.0,116,85,73.27586206896551,396
single_speaker,False,0.0,116,78,67.24137931034483,396
single_speaker,False,1.0,116,91,78.44827586206897,396
single_speaker,False,2.0,116,102,87.93103448275862,396
single_speaker,False,3.0,116,79,68.10344827586206,396
single_speaker,False,4.0,116,97,83.62068965517241,396
single_speaker,False,5.0,116,90,77.58620689655173,396
colocated,False,-4.0,116,66,56.896551724137936,397
colocated,False,-2.0,116,70,60.3448275862069,397
colocated,False,0.0,116,69,59.48275862068966,397
colocated,False,1.0,116,73,62.93103448275862,397
colocated,False,2.0,116,88,75.86206896551724,397
colocated,False,3.0,116,63,54.310344827586206,397
colocated,False,4.0,116,80,68.96551724137932,397
colocated,False,5.0,116,81,69.82758620689656,397
separated,False,-4.0,116,67,57.758620689655174,397
separated,False,-2.0,116,64,55.172413793103445,397
separated,False,0.0,116,84,72.41379310344827,397
separated,False,1.0,116,90,77.58620689655173,397
separated,False,2.0,116,77,66.37931034482759,397
separated,False,3.0,116,63,54.310344827586206,397
separated,False,4.0,116,81,69.82758620689656,397
separated,False,5.0,116,66,56.896551724137936,397
single_speaker,False,-4.0,116,83,71.55172413793103,397
single_speaker,False,-2.0,116,81,69.82758620689656,397
single_speaker,False,0.0,116,76,65.51724137931035,397
single_speaker,False,1.0,116,92,79.3103448275862,397
single_speaker,False,2.0,116,101,87.06896551724138,397
single_speaker,False,3.0,116,80,68.96551724137932,397
single_speaker,False,4.0,116,92,79.3103448275862,397
single_speaker,False,5.0,116,81,69.82758620689656,397
colocated,False,-4.0,116,72,62.06896551724138,398
colocated,False,-2.0,116,68,58.620689655172406,398
colocated,False,0.0,116,73,62.93103448275862,398
colocated,False,1.0,116,73,62.93103448275862,398
colocated,False,2.0,116,81,69.82758620689656,398
colocated,False,3.0,116,74,63.793103448275865,398
colocated,False,4.0,116,73,62.93103448275862,398
colocated,False,5.0,116,70,60.3448275862069,398
separated,False,-4.0,116,60,51.724137931034484,398
separated,False,-2.0,116,76,65.51724137931035,398
separated,False,0.0,116,78,67.24137931034483,398
separated,False,1.0,116,85,73.27586206896551,398
separated,False,2.0,116,76,65.51724137931035,398
separated,False,3.0,116,73,62.93103448275862,398
separated,False,4.0,116,91,78.44827586206897,398
separated,False,5.0,116,80,68.96551724137932,398
single_speaker,False,-4.0,116,78,67.24137931034483,398
single_speaker,False,-2.0,116,75,64.65517241379311,398
single_speaker,False,0.0,116,84,72.41379310344827,398
single_speaker,False,1.0,116,91,78.44827586206897,398
single_speaker,False,2.0,116,103,88.79310344827587,398
single_speaker,False,3.0,116,83,71.55172413793103,398
single_speaker,False,4.0,116,98,84.48275862068965,398
single_speaker,False,5.0,116,82,70.6896551724138,398
colocated,False,-4.0,116,65,56.03448275862068,399
colocated,False,-2.0,116,65,56.03448275862068,399
colocated,False,0.0,116,81,69.82758620689656,399
colocated,False,1.0,116,83,71.55172413793103,399
colocated,False,2.0,116,88,75.86206896551724,399
colocated,False,3.0,116,60,51.724137931034484,399
colocated,False,4.0,116,75,64.65517241379311,399
colocated,False,5.0,116,78,67.24137931034483,399
separated,False,-4.0,116,53,45.689655172413794,399
separated,False,-2.0,116,78,67.24137931034483,399
separated,False,0.0,116,88,75.86206896551724,399
separated,False,1.0,116,97,83.62068965517241,399
separated,False,2.0,116,73,62.93103448275862,399
separated,False,3.0,116,68,58.620689655172406,399
separated,False,4.0,116,83,71.55172413793103,399
separated,False,5.0,116,74,63.793103448275865,399
single_speaker,False,-4.0,116,92,79.3103448275862,399
single_speaker,False,-2.0,116,81,69.82758620689656,399
single_speaker,False,0.0,116,86,74.13793103448276,399
single_speaker,False,1.0,116,97,83.62068965517241,399
single_speaker,False,2.0,116,100,86.20689655172413,399
single_speaker,False,3.0,116,83,71.55172413793103,399
single_speaker,False,4.0,116,88,75.86206896551724,399
single_speaker,False,5.0,116,83,71.55172413793103,399
colocated,False,-4.0,116,67,57.758620689655174,400
colocated,False,-2.0,116,68,58.620689655172406,400
colocated,False,0.0,116,73,62.93103448275862,400
colocated,False,1.0,116,82,70.6896551724138,400
colocated,False,2.0,116,86,74.13793103448276,400
colocated,False,3.0,116,61,52.58620689655172,400
colocated,False,4.0,116,85,73.27586206896551,400
colocated,False,5.0,116,79,68.10344827586206,400
separated,False,-4.0,116,59,50.86206896551724,400
separated,False,-2.0,116,76,65.51724137931035,400
separated,False,0.0,116,75,64.65517241379311,400
separated,False,1.0,116,99,85.34482758620689,400
separated,False,2.0,116,68,58.620689655172406,400
separated,False,3.0,116,72,62.06896551724138,400
separated,False,4.0,116,85,73.27586206896551,400
separated,False,5.0,116,78,67.24137931034483,400
single_speaker,False,-4.0,116,86,74.13793103448276,400
single_speaker,False,-2.0,116,71,61.206896551724135,400
single_speaker,False,0.0,116,85,73.27586206896551,400
single_speaker,False,1.0,116,90,77.58620689655173,400
single_speaker,False,2.0,116,92,79.3103448275862,400
single_speaker,False,3.0,116,83,71.55172413793103,400
single_speaker,False,4.0,116,91,78.44827586206897,400
single_speaker,False,5.0,116,84,72.41379310344827,400
colocated,False,-4.0,116,66,56.896551724137936,401
colocated,False,-2.0,116,70,60.3448275862069,401
colocated,False,0.0,116,75,64.65517241379311,401
colocated,False,1.0,116,79,68.10344827586206,401
colocated,False,2.0,116,82,70.6896551724138,401
colocated,False,3.0,116,63,54.310344827586206,401
colocated,False,4.0,116,82,70.6896551724138,401
colocated,False,5.0,116,83,71.55172413793103,401
separated,False,-4.0,116,67,57.758620689655174,401
separated,False,-2.0,116,67,57.758620689655174,401
separated,False,0.0,116,73,62.93103448275862,401
separated,False,1.0,116,93,80.17241379310344,401
separated,False,2.0,116,71,61.206896551724135,401
separated,False,3.0,116,79,68.10344827586206,401
separated,False,4.0,116,82,70.6896551724138,401
separated,False,5.0,116,75,64.65517241379311,401
single_speaker,False,-4.0,116,92,79.3103448275862,401
single_speaker,False,-2.0,116,73,62.93103448275862,401
single_speaker,False,0.0,116,77,66.37931034482759,401
single_speaker,False,1.0,116,88,75.86206896551724,401
single_speaker,False,2.0,116,96,82.75862068965517,401
single_speaker,False,3.0,116,86,74.13793103448276,401
single_speaker,False,4.0,116,92,79.3103448275862,401
single_speaker,False,5.0,116,80,68.96551724137932,401
colocated,False,-4.0,116,55,47.41379310344828,402
colocated,False,-2.0,116,66,56.896551724137936,402
colocated,False,0.0,116,70,60.3448275862069,402
colocated,False,1.0,116,83,71.55172413793103,402
colocated,False,2.0,116,85,73.27586206896551,402
colocated,False,3.0,116,66,56.896551724137936,402
colocated,False,4.0,116,69,59.48275862068966,402
colocated,False,5.0,116,80,68.96551724137932,402
separated,False,-4.0,116,68,58.620689655172406,402
separated,False,-2.0,116,78,67.24137931034483,402
separated,False,0.0,116,84,72.41379310344827,402
separated,False,1.0,116,90,77.58620689655173,402
separated,False,2.0,116,79,68.10344827586206,402
separated,False,3.0,116,74,63.793103448275865,402
separated,False,4.0,116,87,75.0,402
separated,False,5.0,116,72,62.06896551724138,402
single_speaker,False,-4.0,116,83,71.55172413793103,402
single_speaker,False,-2.0,116,65,56.03448275862068,402
single_speaker,False,0.0,116,78,67.24137931034483,402
single_speaker,False,1.0,116,83,71.55172413793103,402
single_speaker,False,2.0,116,95,81.89655172413794,402
single_speaker,False,3.0,116,87,75.0,402
single_speaker,False,4.0,116,93,80.17241379310344,402
single_speaker,False,5.0,116,83,71.55172413793103,402
colocated,False,-4.0,116,62,53.44827586206896,403
colocated,False,-2.0,116,65,56.03448275862068,403
colocated,False,0.0,116,71,61.206896551724135,403
colocated,False,1.0,116,79,68.10344827586206,403
colocated,False,2.0,116,82,70.6896551724138,403
colocated,False,3.0,116,57,49.137931034482754,403
colocated,False,4.0,116,74,63.793103448275865,403
colocated,False,5.0,116,85,73.27586206896551,403
separated,False,-4.0,116,67,57.758620689655174,403
separated,False,-2.0,116,82,70.6896551724138,403
separated,False,0.0,116,76,65.51724137931035,403
separated,False,1.0,116,97,83.62068965517241,403
separated,False,2.0,116,80,68.96551724137932,403
separated,False,3.0,116,74,63.793103448275865,403
separated,False,4.0,116,76,65.51724137931035,403
separated,False,5.0,116,77,66.37931034482759,403
single_speaker,False,-4.0,116,80,68.96551724137932,403
single_speaker,False,-2.0,116,74,63.793103448275865,403
single_speaker,False,0.0,116,88,75.86206896551724,403
single_speaker,False,1.0,116,91,78.44827586206897,403
single_speaker,False,2.0,116,95,81.89655172413794,403
single_speaker,False,3.0,116,80,68.96551724137932,403
single_speaker,False,4.0,116,93,80.17241379310344,403
single_speaker,False,5.0,116,83,71.55172413793103,403
colocated,False,-4.0,116,72,62.06896551724138,404
colocated,False,-2.0,116,71,61.206896551724135,404
colocated,False,0.0,116,70,60.3448275862069,404
colocated,False,1.0,116,77,66.37931034482759,404
colocated,False,2.0,116,94,81.03448275862068,404
colocated,False,3.0,116,72,62.06896551724138,404
colocated,False,4.0,116,72,62.06896551724138,404
colocated,False,5.0,116,82,70.6896551724138,404
separated,False,-4.0,116,47,40.51724137931034,404
separated,False,-2.0,116,72,62.06896551724138,404
separated,False,0.0,116,76,65.51724137931035,404
separated,False,1.0,116,94,81.03448275862068,404
separated,False,2.0,116,70,60.3448275862069,404
separated,False,3.0,116,73,62.93103448275862,404
separated,False,4.0,116,85,73.27586206896551,404
separated,False,5.0,116,72,62.06896551724138,404
single_speaker,False,-4.0,116,87,75.0,404
single_speaker,False,-2.0,116,75,64.65517241379311,404
single_speaker,False,0.0,116,98,84.48275862068965,404
single_speaker,False,1.0,116,95,81.89655172413794,404
single_speaker,False,2.0,116,106,91.37931034482759,404
single_speaker,False,3.0,116,84,72.41379310344827,404
single_speaker,False,4.0,116,96,82.75862068965517,404
single_speaker,False,5.0,116,85,73.27586206896551,404
colocated,False,-4.0,116,68,58.620689655172406,405
colocated,False,-2.0,116,68,58.620689655172406,405
colocated,False,0.0,116,60,51.724137931034484,405
colocated,False,1.0,116,86,74.13793103448276,405
colocated,False,2.0,116,85,73.27586206896551,405
colocated,False,3.0,116,67,57.758620689655174,405
colocated,False,4.0,116,92,79.3103448275862,405
colocated,False,5.0,116,74,63.793103448275865,405
separated,False,-4.0,116,66,56.896551724137936,405
separated,False,-2.0,116,68,58.620689655172406,405
separated,False,0.0,116,75,64.65517241379311,405
separated,False,1.0,116,93,80.17241379310344,405
separated,False,2.0,116,76,65.51724137931035,405
separated,False,3.0,116,66,56.896551724137936,405
separated,False,4.0,116,81,69.82758620689656,405
separated,False,5.0,116,75,64.65517241379311,405
single_speaker,False,-4.0,116,74,63.793103448275865,405
single_speaker,False,-2.0,116,80,68.96551724137932,405
single_speaker,False,0.0,116,77,66.37931034482759,405
single_speaker,False,1.0,116,97,83.62068965517241,405
single_speaker,False,2.0,116,94,81.03448275862068,405
single_speaker,False,3.0,116,89,76.72413793103449,405
single_speaker,False,4.0,116,94,81.03448275862068,405
single_speaker,False,5.0,116,85,73.27586206896551,405
colocated,False,-4.0,116,71,61.206896551724135,406
colocated,False,-2.0,116,64,55.172413793103445,406
colocated,False,0.0,116,76,65.51724137931035,406
colocated,False,1.0,116,83,71.55172413793103,406
colocated,False,2.0,116,85,73.27586206896551,406
colocated,False,3.0,116,67,57.758620689655174,406
colocated,False,4.0,116,68,58.620689655172406,406
colocated,False,5.0,116,90,77.58620689655173,406
separated,False,-4.0,116,64,55.172413793103445,406
separated,False,-2.0,116,70,60.3448275862069,406
separated,False,0.0,116,74,63.793103448275865,406
separated,False,1.0,116,96,82.75862068965517,406
separated,False,2.0,116,67,57.758620689655174,406
separated,False,3.0,116,61,52.58620689655172,406
separated,False,4.0,116,80,68.96551724137932,406
separated,False,5.0,116,79,68.10344827586206,406
single_speaker,False,-4.0,116,83,71.55172413793103,406
single_speaker,False,-2.0,116,87,75.0,406
single_speaker,False,0.0,116,89,76.72413793103449,406
single_speaker,False,1.0,116,99,85.34482758620689,406
single_speaker,False,2.0,116,97,83.62068965517241,406
single_speaker,False,3.0,116,85,73.27586206896551,406
single_speaker,False,4.0,116,89,76.72413793103449,406
single_speaker,False,5.0,116,78,67.24137931034483,406
colocated,False,-4.0,116,82,70.6896551724138,407
colocated,False,-2.0,116,67,57.758620689655174,407
colocated,False,0.0,116,77,66.37931034482759,407
colocated,False,1.0,116,77,66.37931034482759,407
colocated,False,2.0,116,86,74.13793103448276,407
colocated,False,3.0,116,65,56.03448275862068,407
colocated,False,4.0,116,86,74.13793103448276,407
colocated,False,5.0,116,74,63.793103448275865,407
separated,False,-4.0,116,58,50.0,407
separated,False,-2.0,116,75,64.65517241379311,407
separated,False,0.0,116,81,69.82758620689656,407
separated,False,1.0,116,88,75.86206896551724,407
separated,False,2.0,116,74,63.793103448275865,407
separated,False,3.0,116,73,62.93103448275862,407
separated,False,4.0,116,87,75.0,407
separated,False,5.0,116,77,66.37931034482759,407
single_speaker,False,-4.0,116,90,77.58620689655173,407
single_speaker,False,-2.0,116,86,74.13793103448276,407
single_speaker,False,0.0,116,90,77.58620689655173,407
single_speaker,False,1.0,116,101,87.06896551724138,407
single_speaker,False,2.0,116,108,93.10344827586206,407
single_speaker,False,3.0,116,77,66.37931034482759,407
single_speaker,False,4.0,116,89,76.72413793103449,407
single_speaker,False,5.0,116,87,75.0,407
colocated,False,-4.0,116,65,56.03448275862068,408
colocated,False,-2.0,116,57,49.137931034482754,408
colocated,False,0.0,116,73,62.93103448275862,408
colocated,False,1.0,116,78,67.24137931034483,408
colocated,False,2.0,116,91,78.44827586206897,408
colocated,False,3.0,116,66,56.896551724137936,408
colocated,False,4.0,116,73,62.93103448275862,408
colocated,False,5.0,116,78,67.24137931034483,408
separated,False,-4.0,116,61,52.58620689655172,408
separated,False,-2.0,116,73,62.93103448275862,408
separated,False,0.0,116,80,68.96551724137932,408
separated,False,1.0,116,100,86.20689655172413,408
separated,False,2.0,116,83,71.55172413793103,408
separated,False,3.0,116,77,66.37931034482759,408
separated,False,4.0,116,83,71.55172413793103,408
separated,False,5.0,116,87,75.0,408
single_speaker,False,-4.0,116,79,68.10344827586206,408
single_speaker,False,-2.0,116,87,75.0,408
single_speaker,False,0.0,116,90,77.58620689655173,408
single_speaker,False,1.0,116,97,83.62068965517241,408
single_speaker,False,2.0,116,105,90.51724137931035,408
single_speaker,False,3.0,116,79,68.10344827586206,408
single_speaker,False,4.0,116,90,77.58620689655173,408
single_speaker,False,5.0,116,79,68.10344827586206,408
colocated,False,-4.0,116,65,56.03448275862068,409
colocated,False,-2.0,116,61,52.58620689655172,409
colocated,False,0.0,116,74,63.793103448275865,409
colocated,False,1.0,116,84,72.41379310344827,409
colocated,False,2.0,116,93,80.17241379310344,409
colocated,False,3.0,116,72,62.06896551724138,409
colocated,False,4.0,116,84,72.41379310344827,409
colocated,False,5.0,116,81,69.82758620689656,409
separated,False,-4.0,116,59,50.86206896551724,409
separated,False,-2.0,116,73,62.93103448275862,409
separated,False,0.0,116,83,71.55172413793103,409
separated,False,1.0,116,97,83.62068965517241,409
separated,False,2.0,116,74,63.793103448275865,409
separated,False,3.0,116,58,50.0,409
separated,False,4.0,116,78,67.24137931034483,409
separated,False,5.0,116,74,63.793103448275865,409
single_speaker,False,-4.0,116,89,76.72413793103449,409
single_speaker,False,-2.0,116,80,68.96551724137932,409
single_speaker,False,0.0,116,87,75.0,409
single_speaker,False,1.0,116,92,79.3103448275862,409
single_speaker,False,2.0,116,103,88.79310344827587,409
single_speaker,False,3.0,116,89,76.72413793103449,409
single_speaker,False,4.0,116,93,80.17241379310344,409
single_speaker,False,5.0,116,83,71.55172413793103,409
colocated,False,-4.0,116,72,62.06896551724138,410
colocated,False,-2.0,116,67,57.758620689655174,410
colocated,False,0.0,116,73,62.93103448275862,410
colocated,False,1.0,116,81,69.82758620689656,410
colocated,False,2.0,116,85,73.27586206896551,410
colocated,False,3.0,116,72,62.06896551724138,410
colocated,False,4.0,116,87,75.0,410
colocated,False,5.0,116,85,73.27586206896551,410
separated,False,-4.0,116,57,49.137931034482754,410
separated,False,-2.0,116,75,64.65517241379311,410
separated,False,0.0,116,73,62.93103448275862,410
separated,False,1.0,116,94,81.03448275862068,410
separated,False,2.0,116,81,69.82758620689656,410
separated,False,3.0,116,76,65.51724137931035,410
separated,False,4.0,116,82,70.6896551724138,410
separated,False,5.0,116,67,57.758620689655174,410
single_speaker,False,-4.0,116,83,71.55172413793103,410
single_speaker,False,-2.0,116,72,62.06896551724138,410
single_speaker,False,0.0,116,87,75.0,410
single_speaker,False,1.0,116,94,81.03448275862068,410
single_speaker,False,2.0,116,101,87.06896551724138,410
single_speaker,False,3.0,116,79,68.10344827586206,410
single_speaker,False,4.0,116,92,79.3103448275862,410
single_speaker,False,5.0,116,82,70.6896551724138,410
colocated,False,-4.0,116,64,55.172413793103445,411
colocated,False,-2.0,116,74,63.793103448275865,411
colocated,False,0.0,116,66,56.896551724137936,411
colocated,False,1.0,116,79,68.10344827586206,411
colocated,False,2.0,116,91,78.44827586206897,411
colocated,False,3.0,116,65,56.03448275862068,411
colocated,False,4.0,116,81,69.82758620689656,411
colocated,False,5.0,116,87,75.0,411
separated,False,-4.0,116,64,55.172413793103445,411
separated,False,-2.0,116,63,54.310344827586206,411
separated,False,0.0,116,65,56.03448275862068,411
separated,False,1.0,116,89,76.72413793103449,411
separated,False,2.0,116,71,61.206896551724135,411
separated,False,3.0,116,75,64.65517241379311,411
separated,False,4.0,116,73,62.93103448275862,411
separated,False,5.0,116,80,68.96551724137932,411
single_speaker,False,-4.0,116,93,80.17241379310344,411
single_speaker,False,-2.0,116,70,60.3448275862069,411
single_speaker,False,0.0,116,78,67.24137931034483,411
single_speaker,False,1.0,116,101,87.06896551724138,411
single_speaker,False,2.0,116,102,87.93103448275862,411
single_speaker,False,3.0,116,86,74.13793103448276,411
single_speaker,False,4.0,116,87,75.0,411
single_speaker,False,5.0,116,92,79.3103448275862,411
colocated,False,-4.0,116,57,49.137931034482754,412
colocated,False,-2.0,116,66,56.896551724137936,412
colocated,False,0.0,116,66,56.896551724137936,412
colocated,False,1.0,116,77,66.37931034482759,412
colocated,False,2.0,116,94,81.03448275862068,412
colocated,False,3.0,116,70,60.3448275862069,412
colocated,False,4.0,116,80,68.96551724137932,412
colocated,False,5.0,116,82,70.6896551724138,412
separated,False,-4.0,116,60,51.724137931034484,412
separated,False,-2.0,116,68,58.620689655172406,412
separated,False,0.0,116,82,70.6896551724138,412
separated,False,1.0,116,91,78.44827586206897,412
separated,False,2.0,116,71,61.206896551724135,412
separated,False,3.0,116,69,59.48275862068966,412
separated,False,4.0,116,85,73.27586206896551,412
separated,False,5.0,116,81,69.82758620689656,412
single_speaker,False,-4.0,116,91,78.44827586206897,412
single_speaker,False,-2.0,116,79,68.10344827586206,412
single_speaker,False,0.0,116,93,80.17241379310344,412
single_speaker,False,1.0,116,92,79.3103448275862,412
single_speaker,False,2.0,116,99,85.34482758620689,412
single_speaker,False,3.0,116,88,75.86206896551724,412
single_speaker,False,4.0,116,92,79.3103448275862,412
single_speaker,False,5.0,116,77,66.37931034482759,412
colocated,False,-4.0,116,64,55.172413793103445,413
colocated,False,-2.0,116,65,56.03448275862068,413
colocated,False,0.0,116,69,59.48275862068966,413
colocated,False,1.0,116,77,66.37931034482759,413
colocated,False,2.0,116,87,75.0,413
colocated,False,3.0,116,64,55.172413793103445,413
colocated,False,4.0,116,79,68.10344827586206,413
colocated,False,5.0,116,85,73.27586206896551,413
separated,False,-4.0,116,58,50.0,413
separated,False,-2.0,116,75,64.65517241379311,413
separated,False,0.0,116,86,74.13793103448276,413
separated,False,1.0,116,91,78.44827586206897,413
separated,False,2.0,116,77,66.37931034482759,413
separated,False,3.0,116,70,60.3448275862069,413
separated,False,4.0,116,85,73.27586206896551,413
separated,False,5.0,116,77,66.37931034482759,413
single_speaker,False,-4.0,116,84,72.41379310344827,413
single_speaker,False,-2.0,116,77,66.37931034482759,413
single_speaker,False,0.0,116,85,73.27586206896551,413
single_speaker,False,1.0,116,90,77.58620689655173,413
single_speaker,False,2.0,116,95,81.89655172413794,413
single_speaker,False,3.0,116,89,76.72413793103449,413
single_speaker,False,4.0,116,91,78.44827586206897,413
single_speaker,False,5.0,116,84,72.41379310344827,413
colocated,False,-4.0,116,67,57.758620689655174,414
colocated,False,-2.0,116,61,52.58620689655172,414
colocated,False,0.0,116,79,68.10344827586206,414
colocated,False,1.0,116,75,64.65517241379311,414
colocated,False,2.0,116,96,82.75862068965517,414
colocated,False,3.0,116,64,55.172413793103445,414
colocated,False,4.0,116,83,71.55172413793103,414
colocated,False,5.0,116,88,75.86206896551724,414
separated,False,-4.0,116,58,50.0,414
separated,False,-2.0,116,72,62.06896551724138,414
separated,False,0.0,116,82,70.6896551724138,414
separated,False,1.0,116,92,79.3103448275862,414
separated,False,2.0,116,78,67.24137931034483,414
separated,False,3.0,116,64,55.172413793103445,414
separated,False,4.0,116,81,69.82758620689656,414
separated,False,5.0,116,73,62.93103448275862,414
single_speaker,False,-4.0,116,88,75.86206896551724,414
single_speaker,False,-2.0,116,79,68.10344827586206,414
single_speaker,False,0.0,116,78,67.24137931034483,414
single_speaker,False,1.0,116,90,77.58620689655173,414
single_speaker,False,2.0,116,95,81.89655172413794,414
single_speaker,False,3.0,116,81,69.82758620689656,414
single_speaker,False,4.0,116,95,81.89655172413794,414
single_speaker,False,5.0,116,80,68.96551724137932,414
colocated,False,-4.0,116,67,57.758620689655174,415
colocated,False,-2.0,116,62,53.44827586206896,415
colocated,False,0.0,116,72,62.06896551724138,415
colocated,False,1.0,116,79,68.10344827586206,415
colocated,False,2.0,116,86,74.13793103448276,415
colocated,False,3.0,116,64,55.172413793103445,415
colocated,False,4.0,116,84,72.41379310344827,415
colocated,False,5.0,116,87,75.0,415
separated,False,-4.0,116,66,56.896551724137936,415
separated,False,-2.0,116,66,56.896551724137936,415
separated,False,0.0,116,62,53.44827586206896,415
separated,False,1.0,116,96,82.75862068965517,415
separated,False,2.0,116,70,60.3448275862069,415
separated,False,3.0,116,70,60.3448275862069,415
separated,False,4.0,116,87,75.0,415
separated,False,5.0,116,72,62.06896551724138,415
single_speaker,False,-4.0,116,86,74.13793103448276,415
single_speaker,False,-2.0,116,85,73.27586206896551,415
single_speaker,False,0.0,116,79,68.10344827586206,415
single_speaker,False,1.0,116,92,79.3103448275862,415
single_speaker,False,2.0,116,106,91.37931034482759,415
single_speaker,False,3.0,116,80,68.96551724137932,415
single_speaker,False,4.0,116,88,75.86206896551724,415
single_speaker,False,5.0,116,81,69.82758620689656,415
colocated,False,-4.0,116,64,55.172413793103445,416
colocated,False,-2.0,116,69,59.48275862068966,416
colocated,False,0.0,116,73,62.93103448275862,416
colocated,False,1.0,116,80,68.96551724137932,416
colocated,False,2.0,116,77,66.37931034482759,416
colocated,False,3.0,116,60,51.724137931034484,416
colocated,False,4.0,116,84,72.41379310344827,416
colocated,False,5.0,116,74,63.793103448275865,416
separated,False,-4.0,116,61,52.58620689655172,416
separated,False,-2.0,116,70,60.3448275862069,416
separated,False,0.0,116,67,57.758620689655174,416
separated,False,1.0,116,93,80.17241379310344,416
separated,False,2.0,116,78,67.24137931034483,416
separated,False,3.0,116,66,56.896551724137936,416
separated,False,4.0,116,87,75.0,416
separated,False,5.0,116,81,69.82758620689656,416
single_speaker,False,-4.0,116,82,70.6896551724138,416
single_speaker,False,-2.0,116,80,68.96551724137932,416
single_speaker,False,0.0,116,82,70.6896551724138,416
single_speaker,False,1.0,116,97,83.62068965517241,416
single_speaker,False,2.0,116,102,87.93103448275862,416
single_speaker,False,3.0,116,85,73.27586206896551,416
single_speaker,False,4.0,116,95,81.89655172413794,416
single_speaker,False,5.0,116,80,68.96551724137932,416
colocated,False,-4.0,116,52,44.827586206896555,417
colocated,False,-2.0,116,70,60.3448275862069,417
colocated,False,0.0,116,66,56.896551724137936,417
colocated,False,1.0,116,75,64.65517241379311,417
colocated,False,2.0,116,85,73.27586206896551,417
colocated,False,3.0,116,65,56.03448275862068,417
colocated,False,4.0,116,81,69.82758620689656,417
colocated,False,5.0,116,81,69.82758620689656,417
separated,False,-4.0,116,61,52.58620689655172,417
separated,False,-2.0,116,70,60.3448275862069,417
separated,False,0.0,116,73,62.93103448275862,417
separated,False,1.0,116,90,77.58620689655173,417
separated,False,2.0,116,73,62.93103448275862,417
separated,False,3.0,116,69,59.48275862068966,417
separated,False,4.0,116,86,74.13793103448276,417
separated,False,5.0,116,67,57.758620689655174,417
single_speaker,False,-4.0,116,82,70.6896551724138,417
single_speaker,False,-2.0,116,77,66.37931034482759,417
single_speaker,False,0.0,116,84,72.41379310344827,417
single_speaker,False,1.0,116,92,79.3103448275862,417
single_speaker,False,2.0,116,96,82.75862068965517,417
single_speaker,False,3.0,116,84,72.41379310344827,417
single_speaker,False,4.0,116,96,82.75862068965517,417
single_speaker,False,5.0,116,82,70.6896551724138,417
colocated,False,-4.0,116,59,50.86206896551724,418
colocated,False,-2.0,116,69,59.48275862068966,418
colocated,False,0.0,116,80,68.96551724137932,418
colocated,False,1.0,116,71,61.206896551724135,418
colocated,False,2.0,116,85,73.27586206896551,418
colocated,False,3.0,116,58,50.0,418
colocated,False,4.0,116,82,70.6896551724138,418
colocated,False,5.0,116,77,66.37931034482759,418
separated,False,-4.0,116,62,53.44827586206896,418
separated,False,-2.0,116,76,65.51724137931035,418
separated,False,0.0,116,74,63.793103448275865,418
separated,False,1.0,116,85,73.27586206896551,418
separated,False,2.0,116,74,63.793103448275865,418
separated,False,3.0,116,70,60.3448275862069,418
separated,False,4.0,116,83,71.55172413793103,418
separated,False,5.0,116,84,72.41379310344827,418
single_speaker,False,-4.0,116,79,68.10344827586206,418
single_speaker,False,-2.0,116,81,69.82758620689656,418
single_speaker,False,0.0,116,83,71.55172413793103,418
single_speaker,False,1.0,116,91,78.44827586206897,418
single_speaker,False,2.0,116,103,88.79310344827587,418
single_speaker,False,3.0,116,80,68.96551724137932,418
single_speaker,False,4.0,116,98,84.48275862068965,418
single_speaker,False,5.0,116,85,73.27586206896551,418
colocated,False,-4.0,116,67,57.758620689655174,419
colocated,False,-2.0,116,74,63.793103448275865,419
colocated,False,0.0,116,75,64.65517241379311,419
colocated,False,1.0,116,77,66.37931034482759,419
colocated,False,2.0,116,82,70.6896551724138,419
colocated,False,3.0,116,58,50.0,419
colocated,False,4.0,116,77,66.37931034482759,419
colocated,False,5.0,116,79,68.10344827586206,419
separated,False,-4.0,116,56,48.275862068965516,419
separated,False,-2.0,116,75,64.65517241379311,419
separated,False,0.0,116,77,66.37931034482759,419
separated,False,1.0,116,101,87.06896551724138,419
separated,False,2.0,116,70,60.3448275862069,419
separated,False,3.0,116,70,60.3448275862069,419
separated,False,4.0,116,83,71.55172413793103,419
separated,False,5.0,116,74,63.793103448275865,419
single_speaker,False,-4.0,116,87,75.0,419
single_speaker,False,-2.0,116,71,61.206896551724135,419
single_speaker,False,0.0,116,83,71.55172413793103,419
single_speaker,False,1.0,116,94,81.03448275862068,419
single_speaker,False,2.0,116,100,86.20689655172413,419
single_speaker,False,3.0,116,86,74.13793103448276,419
single_speaker,False,4.0,116,98,84.48275862068965,419
single_speaker,False,5.0,116,83,71.55172413793103,419
colocated,False,-4.0,116,63,54.310344827586206,420
colocated,False,-2.0,116,69,59.48275862068966,420
colocated,False,0.0,116,75,64.65517241379311,420
colocated,False,1.0,116,72,62.06896551724138,420
colocated,False,2.0,116,85,73.27586206896551,420
colocated,False,3.0,116,61,52.58620689655172,420
colocated,False,4.0,116,81,69.82758620689656,420
colocated,False,5.0,116,82,70.6896551724138,420
separated,False,-4.0,116,67,57.758620689655174,420
separated,False,-2.0,116,84,72.41379310344827,420
separated,False,0.0,116,77,66.37931034482759,420
separated,False,1.0,116,88,75.86206896551724,420
separated,False,2.0,116,79,68.10344827586206,420
separated,False,3.0,116,68,58.620689655172406,420
separated,False,4.0,116,85,73.27586206896551,420
separated,False,5.0,116,74,63.793103448275865,420
single_speaker,False,-4.0,116,88,75.86206896551724,420
single_speaker,False,-2.0,116,82,70.6896551724138,420
single_speaker,False,0.0,116,84,72.41379310344827,420
single_speaker,False,1.0,116,91,78.44827586206897,420
single_speaker,False,2.0,116,98,84.48275862068965,420
single_speaker,False,3.0,116,88,75.86206896551724,420
single_speaker,False,4.0,116,95,81.89655172413794,420
single_speaker,False,5.0,116,88,75.86206896551724,420
colocated,False,-4.0,116,68,58.620689655172406,421
colocated,False,-2.0,116,68,58.620689655172406,421
colocated,False,0.0,116,69,59.48275862068966,421
colocated,False,1.0,116,77,66.37931034482759,421
colocated,False,2.0,116,95,81.89655172413794,421
colocated,False,3.0,116,71,61.206896551724135,421
colocated,False,4.0,116,86,74.13793103448276,421
colocated,False,5.0,116,84,72.41379310344827,421
separated,False,-4.0,116,59,50.86206896551724,421
separated,False,-2.0,116,66,56.896551724137936,421
separated,False,0.0,116,70,60.3448275862069,421
separated,False,1.0,116,93,80.17241379310344,421
separated,False,2.0,116,75,64.65517241379311,421
separated,False,3.0,116,51,43.96551724137931,421
separated,False,4.0,116,86,74.13793103448276,421
separated,False,5.0,116,73,62.93103448275862,421
single_speaker,False,-4.0,116,85,73.27586206896551,421
single_speaker,False,-2.0,116,80,68.96551724137932,421
single_speaker,False,0.0,116,83,71.55172413793103,421
single_speaker,False,1.0,116,92,79.3103448275862,421
single_speaker,False,2.0,116,100,86.20689655172413,421
single_speaker,False,3.0,116,82,70.6896551724138,421
single_speaker,False,4.0,116,99,85.34482758620689,421
single_speaker,False,5.0,116,81,69.82758620689656,421
colocated,False,-4.0,116,65,56.03448275862068,422
colocated,False,-2.0,116,73,62.93103448275862,422
colocated,False,0.0,116,73,62.93103448275862,422
colocated,False,1.0,116,83,71.55172413793103,422
colocated,False,2.0,116,85,73.27586206896551,422
colocated,False,3.0,116,69,59.48275862068966,422
colocated,False,4.0,116,82,70.6896551724138,422
colocated,False,5.0,116,87,75.0,422
separated,False,-4.0,116,64,55.172413793103445,422
separated,False,-2.0,116,69,59.48275862068966,422
separated,False,0.0,116,76,65.51724137931035,422
separated,False,1.0,116,97,83.62068965517241,422
separated,False,2.0,116,71,61.206896551724135,422
separated,False,3.0,116,73,62.93103448275862,422
separated,False,4.0,116,89,76.72413793103449,422
separated,False,5.0,116,77,66.37931034482759,422
single_speaker,False,-4.0,116,82,70.6896551724138,422
single_speaker,False,-2.0,116,80,68.96551724137932,422
single_speaker,False,0.0,116,85,73.27586206896551,422
single_speaker,False,1.0,116,91,78.44827586206897,422
single_speaker,False,2.0,116,101,87.06896551724138,422
single_speaker,False,3.0,116,82,70.6896551724138,422
single_speaker,False,4.0,116,94,81.03448275862068,422
single_speaker,False,5.0,116,78,67.24137931034483,422
colocated,False,-4.0,116,65,56.03448275862068,423
colocated,False,-2.0,116,66,56.896551724137936,423
colocated,False,0.0,116,71,61.206896551724135,423
colocated,False,1.0,116,74,63.793103448275865,423
colocated,False,2.0,116,87,75.0,423
colocated,False,3.0,116,56,48.275862068965516,423
colocated,False,4.0,116,76,65.51724137931035,423
colocated,False,5.0,116,78,67.24137931034483,423
separated,False,-4.0,116,53,45.689655172413794,423
separated,False,-2.0,116,67,57.758620689655174,423
separated,False,0.0,116,76,65.51724137931035,423
separated,False,1.0,116,96,82.75862068965517,423
separated,False,2.0,116,78,67.24137931034483,423
separated,False,3.0,116,68,58.620689655172406,423
separated,False,4.0,116,81,69.82758620689656,423
separated,False,5.0,116,72,62.06896551724138,423
single_speaker,False,-4.0,116,83,71.55172413793103,423
single_speaker,False,-2.0,116,86,74.13793103448276,423
single_speaker,False,0.0,116,84,72.41379310344827,423
single_speaker,False,1.0,116,92,79.3103448275862,423
single_speaker,False,2.0,116,100,86.20689655172413,423
single_speaker,False,3.0,116,88,75.86206896551724,423
single_speaker,False,4.0,116,90,77.58620689655173,423
single_speaker,False,5.0,116,80,68.96551724137932,423
colocated,False,-4.0,116,66,56.896551724137936,424
colocated,False,-2.0,116,59,50.86206896551724,424
colocated,False,0.0,116,67,57.758620689655174,424
colocated,False,1.0,116,80,68.96551724137932,424
colocated,False,2.0,116,90,77.58620689655173,424
colocated,False,3.0,116,63,54.310344827586206,424
colocated,False,4.0,116,80,68.96551724137932,424
colocated,False,5.0,116,75,64.65517241379311,424
separated,False,-4.0,116,63,54.310344827586206,424
separated,False,-2.0,116,70,60.3448275862069,424
separated,False,0.0,116,72,62.06896551724138,424
separated,False,1.0,116,95,81.89655172413794,424
separated,False,2.0,116,76,65.51724137931035,424
separated,False,3.0,116,72,62.06896551724138,424
separated,False,4.0,116,82,70.6896551724138,424
separated,False,5.0,116,78,67.24137931034483,424
single_speaker,False,-4.0,116,84,72.41379310344827,424
single_speaker,False,-2.0,116,80,68.96551724137932,424
single_speaker,False,0.0,116,76,65.51724137931035,424
single_speaker,False,1.0,116,93,80.17241379310344,424
single_speaker,False,2.0,116,104,89.65517241379311,424
single_speaker,False,3.0,116,81,69.82758620689656,424
single_speaker,False,4.0,116,93,80.17241379310344,424
single_speaker,False,5.0,116,89,76.72413793103449,424
colocated,False,-4.0,116,69,59.48275862068966,425
colocated,False,-2.0,116,59,50.86206896551724,425
colocated,False,0.0,116,74,63.793103448275865,425
colocated,False,1.0,116,75,64.65517241379311,425
colocated,False,2.0,116,86,74.13793103448276,425
colocated,False,3.0,116,57,49.137931034482754,425
colocated,False,4.0,116,80,68.96551724137932,425
colocated,False,5.0,116,87,75.0,425
separated,False,-4.0,116,66,56.896551724137936,425
separated,False,-2.0,116,69,59.48275862068966,425
separated,False,0.0,116,77,66.37931034482759,425
separated,False,1.0,116,94,81.03448275862068,425
separated,False,2.0,116,91,78.44827586206897,425
separated,False,3.0,116,67,57.758620689655174,425
separated,False,4.0,116,80,68.96551724137932,425
separated,False,5.0,116,86,74.13793103448276,425
single_speaker,False,-4.0,116,84,72.41379310344827,425
single_speaker,False,-2.0,116,84,72.41379310344827,425
single_speaker,False,0.0,116,81,69.82758620689656,425
single_speaker,False,1.0,116,94,81.03448275862068,425
single_speaker,False,2.0,116,98,84.48275862068965,425
single_speaker,False,3.0,116,79,68.10344827586206,425
single_speaker,False,4.0,116,86,74.13793103448276,425
single_speaker,False,5.0,116,79,68.10344827586206,425
colocated,False,-4.0,116,73,62.93103448275862,426
colocated,False,-2.0,116,60,51.724137931034484,426
colocated,False,0.0,116,67,57.758620689655174,426
colocated,False,1.0,116,76,65.51724137931035,426
colocated,False,2.0,116,89,76.72413793103449,426
colocated,False,3.0,116,65,56.03448275862068,426
colocated,False,4.0,116,73,62.93103448275862,426
colocated,False,5.0,116,84,72.41379310344827,426
separated,False,-4.0,116,57,49.137931034482754,426
separated,False,-2.0,116,71,61.206896551724135,426
separated,False,0.0,116,74,63.793103448275865,426
separated,False,1.0,116,95,81.89655172413794,426
separated,False,2.0,116,81,69.82758620689656,426
separated,False,3.0,116,68,58.620689655172406,426
separated,False,4.0,116,75,64.65517241379311,426
separated,False,5.0,116,84,72.41379310344827,426
single_speaker,False,-4.0,116,78,67.24137931034483,426
single_speaker,False,-2.0,116,78,67.24137931034483,426
single_speaker,False,0.0,116,83,71.55172413793103,426
single_speaker,False,1.0,116,84,72.41379310344827,426
single_speaker,False,2.0,116,102,87.93103448275862,426
single_speaker,False,3.0,116,76,65.51724137931035,426
single_speaker,False,4.0,116,93,80.17241379310344,426
single_speaker,False,5.0,116,77,66.37931034482759,426
colocated,False,-4.0,116,65,56.03448275862068,427
colocated,False,-2.0,116,57,49.137931034482754,427
colocated,False,0.0,116,72,62.06896551724138,427
colocated,False,1.0,116,76,65.51724137931035,427
colocated,False,2.0,116,88,75.86206896551724,427
colocated,False,3.0,116,65,56.03448275862068,427
colocated,False,4.0,116,73,62.93103448275862,427
colocated,False,5.0,116,75,64.65517241379311,427
separated,False,-4.0,116,56,48.275862068965516,427
separated,False,-2.0,116,73,62.93103448275862,427
separated,False,0.0,116,76,65.51724137931035,427
separated,False,1.0,116,88,75.86206896551724,427
separated,False,2.0,116,75,64.65517241379311,427
separated,False,3.0,116,71,61.206896551724135,427
separated,False,4.0,116,82,70.6896551724138,427
separated,False,5.0,116,71,61.206896551724135,427
single_speaker,False,-4.0,116,87,75.0,427
single_speaker,False,-2.0,116,79,68.10344827586206,427
single_speaker,False,0.0,116,83,71.55172413793103,427
single_speaker,False,1.0,116,96,82.75862068965517,427
single_speaker,False,2.0,116,103,88.79310344827587,427
single_speaker,False,3.0,116,89,76.72413793103449,427
single_speaker,False,4.0,116,98,84.48275862068965,427
single_speaker,False,5.0,116,82,70.6896551724138,427
colocated,False,-4.0,116,59,50.86206896551724,428
colocated,False,-2.0,116,61,52.58620689655172,428
colocated,False,0.0,116,72,62.06896551724138,428
colocated,False,1.0,116,79,68.10344827586206,428
colocated,False,2.0,116,77,66.37931034482759,428
colocated,False,3.0,116,61,52.58620689655172,428
colocated,False,4.0,116,85,73.27586206896551,428
colocated,False,5.0,116,78,67.24137931034483,428
separated,False,-4.0,116,59,50.86206896551724,428
separated,False,-2.0,116,80,68.96551724137932,428
separated,False,0.0,116,81,69.82758620689656,428
separated,False,1.0,116,96,82.75862068965517,428
separated,False,2.0,116,78,67.24137931034483,428
separated,False,3.0,116,74,63.793103448275865,428
separated,False,4.0,116,73,62.93103448275862,428
separated,False,5.0,116,70,60.3448275862069,428
single_speaker,False,-4.0,116,82,70.6896551724138,428
single_speaker,False,-2.0,116,75,64.65517241379311,428
single_speaker,False,0.0,116,92,79.3103448275862,428
single_speaker,False,1.0,116,99,85.34482758620689,428
single_speaker,False,2.0,116,100,86.20689655172413,428
single_speaker,False,3.0,116,73,62.93103448275862,428
single_speaker,False,4.0,116,97,83.62068965517241,428
single_speaker,False,5.0,116,85,73.27586206896551,428
colocated,False,-4.0,116,63,54.310344827586206,429
colocated,False,-2.0,116,66,56.896551724137936,429
colocated,False,0.0,116,70,60.3448275862069,429
colocated,False,1.0,116,79,68.10344827586206,429
colocated,False,2.0,116,84,72.41379310344827,429
colocated,False,3.0,116,73,62.93103448275862,429
colocated,False,4.0,116,81,69.82758620689656,429
colocated,False,5.0,116,77,66.37931034482759,429
separated,False,-4.0,116,57,49.137931034482754,429
separated,False,-2.0,116,80,68.96551724137932,429
separated,False,0.0,116,74,63.793103448275865,429
separated,False,1.0,116,94,81.03448275862068,429
separated,False,2.0,116,74,63.793103448275865,429
separated,False,3.0,116,74,63.793103448275865,429
separated,False,4.0,116,89,76.72413793103449,429
separated,False,5.0,116,81,69.82758620689656,429
single_speaker,False,-4.0,116,94,81.03448275862068,429
single_speaker,False,-2.0,116,80,68.96551724137932,429
single_speaker,False,0.0,116,89,76.72413793103449,429
single_speaker,False,1.0,116,88,75.86206896551724,429
single_speaker,False,2.0,116,96,82.75862068965517,429
single_speaker,False,3.0,116,76,65.51724137931035,429
single_speaker,False,4.0,116,94,81.03448275862068,429
single_speaker,False,5.0,116,82,70.6896551724138,429
colocated,False,-4.0,116,67,57.758620689655174,430
colocated,False,-2.0,116,68,58.620689655172406,430
colocated,False,0.0,116,76,65.51724137931035,430
colocated,False,1.0,116,82,70.6896551724138,430
colocated,False,2.0,116,82,70.6896551724138,430
colocated,False,3.0,116,73,62.93103448275862,430
colocated,False,4.0,116,77,66.37931034482759,430
colocated,False,5.0,116,84,72.41379310344827,430
separated,False,-4.0,116,63,54.310344827586206,430
separated,False,-2.0,116,69,59.48275862068966,430
separated,False,0.0,116,80,68.96551724137932,430
separated,False,1.0,116,85,73.27586206896551,430
separated,False,2.0,116,79,68.10344827586206,430
separated,False,3.0,116,66,56.896551724137936,430
separated,False,4.0,116,81,69.82758620689656,430
separated,False,5.0,116,79,68.10344827586206,430
single_speaker,False,-4.0,116,84,72.41379310344827,430
single_speaker,False,-2.0,116,77,66.37931034482759,430
single_speaker,False,0.0,116,81,69.82758620689656,430
single_speaker,False,1.0,116,93,80.17241379310344,430
single_speaker,False,2.0,116,96,82.75862068965517,430
single_speaker,False,3.0,116,82,70.6896551724138,430
single_speaker,False,4.0,116,93,80.17241379310344,430
single_speaker,False,5.0,116,87,75.0,430
colocated,False,-4.0,116,69,59.48275862068966,431
colocated,False,-2.0,116,64,55.172413793103445,431
colocated,False,0.0,116,72,62.06896551724138,431
colocated,False,1.0,116,80,68.96551724137932,431
colocated,False,2.0,116,82,70.6896551724138,431
colocated,False,3.0,116,63,54.310344827586206,431
colocated,False,4.0,116,75,64.65517241379311,431
colocated,False,5.0,116,85,73.27586206896551,431
separated,False,-4.0,116,59,50.86206896551724,431
separated,False,-2.0,116,76,65.51724137931035,431
separated,False,0.0,116,66,56.896551724137936,431
separated,False,1.0,116,95,81.89655172413794,431
separated,False,2.0,116,72,62.06896551724138,431
separated,False,3.0,116,73,62.93103448275862,431
separated,False,4.0,116,84,72.41379310344827,431
separated,False,5.0,116,82,70.6896551724138,431
single_speaker,False,-4.0,116,84,72.41379310344827,431
single_speaker,False,-2.0,116,81,69.82758620689656,431
single_speaker,False,0.0,116,87,75.0,431
single_speaker,False,1.0,116,92,79.3103448275862,431
single_speaker,False,2.0,116,101,87.06896551724138,431
single_speaker,False,3.0,116,90,77.58620689655173,431
single_speaker,False,4.0,116,92,79.3103448275862,431
single_speaker,False,5.0,116,85,73.27586206896551,431
colocated,False,-4.0,116,67,57.758620689655174,432
colocated,False,-2.0,116,61,52.58620689655172,432
colocated,False,0.0,116,66,56.896551724137936,432
colocated,False,1.0,116,73,62.93103448275862,432
colocated,False,2.0,116,91,78.44827586206897,432
colocated,False,3.0,116,58,50.0,432
colocated,False,4.0,116,80,68.96551724137932,432
colocated,False,5.0,116,82,70.6896551724138,432
separated,False,-4.0,116,65,56.03448275862068,432
separated,False,-2.0,116,64,55.172413793103445,432
separated,False,0.0,116,83,71.55172413793103,432
separated,False,1.0,116,94,81.03448275862068,432
separated,False,2.0,116,80,68.96551724137932,432
separated,False,3.0,116,66,56.896551724137936,432
separated,False,4.0,116,78,67.24137931034483,432
separated,False,5.0,116,85,73.27586206896551,432
single_speaker,False,-4.0,116,81,69.82758620689656,432
single_speaker,False,-2.0,116,78,67.24137931034483,432
single_speaker,False,0.0,116,75,64.65517241379311,432
single_speaker,False,1.0,116,89,76.72413793103449,432
single_speaker,False,2.0,116,98,84.48275862068965,432
single_speaker,False,3.0,116,80,68.96551724137932,432
single_speaker,False,4.0,116,95,81.89655172413794,432
single_speaker,False,5.0,116,81,69.82758620689656,432
colocated,False,-4.0,116,66,56.896551724137936,433
colocated,False,-2.0,116,64,55.172413793103445,433
colocated,False,0.0,116,73,62.93103448275862,433
colocated,False,1.0,116,82,70.6896551724138,433
colocated,False,2.0,116,87,75.0,433
colocated,False,3.0,116,71,61.206896551724135,433
colocated,False,4.0,116,75,64.65517241379311,433
colocated,False,5.0,116,79,68.10344827586206,433
separated,False,-4.0,116,65,56.03448275862068,433
separated,False,-2.0,116,64,55.172413793103445,433
separated,False,0.0,116,82,70.6896551724138,433
separated,False,1.0,116,86,74.13793103448276,433
separated,False,2.0,116,74,63.793103448275865,433
separated,False,3.0,116,67,57.758620689655174,433
separated,False,4.0,116,74,63.793103448275865,433
separated,False,5.0,116,79,68.10344827586206,433
single_speaker,False,-4.0,116,85,73.27586206896551,433
single_speaker,False,-2.0,116,79,68.10344827586206,433
single_speaker,False,0.0,116,87,75.0,433
single_speaker,False,1.0,116,87,75.0,433
single_speaker,False,2.0,116,99,85.34482758620689,433
single_speaker,False,3.0,116,86,74.13793103448276,433
single_speaker,False,4.0,116,90,77.58620689655173,433
single_speaker,False,5.0,116,85,73.27586206896551,433
colocated,False,-4.0,116,61,52.58620689655172,434
colocated,False,-2.0,116,72,62.06896551724138,434
colocated,False,0.0,116,77,66.37931034482759,434
colocated,False,1.0,116,80,68.96551724137932,434
colocated,False,2.0,116,87,75.0,434
colocated,False,3.0,116,76,65.51724137931035,434
colocated,False,4.0,116,85,73.27586206896551,434
colocated,False,5.0,116,82,70.6896551724138,434
separated,False,-4.0,116,66,56.896551724137936,434
separated,False,-2.0,116,66,56.896551724137936,434
separated,False,0.0,116,81,69.82758620689656,434
separated,False,1.0,116,91,78.44827586206897,434
separated,False,2.0,116,87,75.0,434
separated,False,3.0,116,66,56.896551724137936,434
separated,False,4.0,116,90,77.58620689655173,434
separated,False,5.0,116,83,71.55172413793103,434
single_speaker,False,-4.0,116,89,76.72413793103449,434
single_speaker,False,-2.0,116,86,74.13793103448276,434
single_speaker,False,0.0,116,88,75.86206896551724,434
single_speaker,False,1.0,116,94,81.03448275862068,434
single_speaker,False,2.0,116,100,86.20689655172413,434
single_speaker,False,3.0,116,96,82.75862068965517,434
single_speaker,False,4.0,116,96,82.75862068965517,434
single_speaker,False,5.0,116,81,69.82758620689656,434
colocated,False,-4.0,116,65,56.03448275862068,435
colocated,False,-2.0,116,68,58.620689655172406,435
colocated,False,0.0,116,68,58.620689655172406,435
colocated,False,1.0,116,77,66.37931034482759,435
colocated,False,2.0,116,90,77.58620689655173,435
colocated,False,3.0,116,60,51.724137931034484,435
colocated,False,4.0,116,76,65.51724137931035,435
colocated,False,5.0,116,81,69.82758620689656,435
separated,False,-4.0,116,70,60.3448275862069,435
separated,False,-2.0,116,74,63.793103448275865,435
separated,False,0.0,116,76,65.51724137931035,435
separated,False,1.0,116,89,76.72413793103449,435
separated,False,2.0,116,73,62.93103448275862,435
separated,False,3.0,116,68,58.620689655172406,435
separated,False,4.0,116,93,80.17241379310344,435
separated,False,5.0,116,83,71.55172413793103,435
single_speaker,False,-4.0,116,89,76.72413793103449,435
single_speaker,False,-2.0,116,71,61.206896551724135,435
single_speaker,False,0.0,116,87,75.0,435
single_speaker,False,1.0,116,90,77.58620689655173,435
single_speaker,False,2.0,116,103,88.79310344827587,435
single_speaker,False,3.0,116,80,68.96551724137932,435
single_speaker,False,4.0,116,96,82.75862068965517,435
single_speaker,False,5.0,116,88,75.86206896551724,435
colocated,False,-4.0,116,73,62.93103448275862,436
colocated,False,-2.0,116,70,60.3448275862069,436
colocated,False,0.0,116,71,61.206896551724135,436
colocated,False,1.0,116,81,69.82758620689656,436
colocated,False,2.0,116,87,75.0,436
colocated,False,3.0,116,75,64.65517241379311,436
colocated,False,4.0,116,93,80.17241379310344,436
colocated,False,5.0,116,90,77.58620689655173,436
separated,False,-4.0,116,71,61.206896551724135,436
separated,False,-2.0,116,82,70.6896551724138,436
separated,False,0.0,116,74,63.793103448275865,436
separated,False,1.0,116,95,81.89655172413794,436
separated,False,2.0,116,81,69.82758620689656,436
separated,False,3.0,116,76,65.51724137931035,436
separated,False,4.0,116,82,70.6896551724138,436
separated,False,5.0,116,72,62.06896551724138,436
single_speaker,False,-4.0,116,85,73.27586206896551,436
single_speaker,False,-2.0,116,77,66.37931034482759,436
single_speaker,False,0.0,116,83,71.55172413793103,436
single_speaker,False,1.0,116,92,79.3103448275862,436
single_speaker,False,2.0,116,96,82.75862068965517,436
single_speaker,False,3.0,116,83,71.55172413793103,436
single_speaker,False,4.0,116,93,80.17241379310344,436
single_speaker,False,5.0,116,90,77.58620689655173,436
colocated,False,-4.0,116,62,53.44827586206896,437
colocated,False,-2.0,116,60,51.724137931034484,437
colocated,False,0.0,116,79,68.10344827586206,437
colocated,False,1.0,116,82,70.6896551724138,437
colocated,False,2.0,116,84,72.41379310344827,437
colocated,False,3.0,116,59,50.86206896551724,437
colocated,False,4.0,116,78,67.24137931034483,437
colocated,False,5.0,116,80,68.96551724137932,437
separated,False,-4.0,116,52,44.827586206896555,437
separated,False,-2.0,116,81,69.82758620689656,437
separated,False,0.0,116,84,72.41379310344827,437
separated,False,1.0,116,94,81.03448275862068,437
separated,False,2.0,116,81,69.82758620689656,437
separated,False,3.0,116,79,68.10344827586206,437
separated,False,4.0,116,84,72.41379310344827,437
separated,False,5.0,116,80,68.96551724137932,437
single_speaker,False,-4.0,116,92,79.3103448275862,437
single_speaker,False,-2.0,116,76,65.51724137931035,437
single_speaker,False,0.0,116,89,76.72413793103449,437
single_speaker,False,1.0,116,93,80.17241379310344,437
single_speaker,False,2.0,116,102,87.93103448275862,437
single_speaker,False,3.0,116,73,62.93103448275862,437
single_speaker,False,4.0,116,94,81.03448275862068,437
single_speaker,False,5.0,116,83,71.55172413793103,437
colocated,False,-4.0,116,69,59.48275862068966,438
colocated,False,-2.0,116,72,62.06896551724138,438
colocated,False,0.0,116,78,67.24137931034483,438
colocated,False,1.0,116,81,69.82758620689656,438
colocated,False,2.0,116,84,72.41379310344827,438
colocated,False,3.0,116,61,52.58620689655172,438
colocated,False,4.0,116,77,66.37931034482759,438
colocated,False,5.0,116,82,70.6896551724138,438
separated,False,-4.0,116,63,54.310344827586206,438
separated,False,-2.0,116,73,62.93103448275862,438
separated,False,0.0,116,70,60.3448275862069,438
separated,False,1.0,116,91,78.44827586206897,438
separated,False,2.0,116,74,63.793103448275865,438
separated,False,3.0,116,74,63.793103448275865,438
separated,False,4.0,116,86,74.13793103448276,438
separated,False,5.0,116,80,68.96551724137932,438
single_speaker,False,-4.0,116,92,79.3103448275862,438
single_speaker,False,-2.0,116,83,71.55172413793103,438
single_speaker,False,0.0,116,91,78.44827586206897,438
single_speaker,False,1.0,116,91,78.44827586206897,438
single_speaker,False,2.0,116,99,85.34482758620689,438
single_speaker,False,3.0,116,88,75.86206896551724,438
single_speaker,False,4.0,116,95,81.89655172413794,438
single_speaker,False,5.0,116,74,63.793103448275865,438
colocated,False,-4.0,116,63,54.310344827586206,439
colocated,False,-2.0,116,69,59.48275862068966,439
colocated,False,0.0,116,65,56.03448275862068,439
colocated,False,1.0,116,86,74.13793103448276,439
colocated,False,2.0,116,87,75.0,439
colocated,False,3.0,116,66,56.896551724137936,439
colocated,False,4.0,116,78,67.24137931034483,439
colocated,False,5.0,116,74,63.793103448275865,439
separated,False,-4.0,116,56,48.275862068965516,439
separated,False,-2.0,116,71,61.206896551724135,439
separated,False,0.0,116,78,67.24137931034483,439
separated,False,1.0,116,99,85.34482758620689,439
separated,False,2.0,116,81,69.82758620689656,439
separated,False,3.0,116,71,61.206896551724135,439
separated,False,4.0,116,89,76.72413793103449,439
separated,False,5.0,116,73,62.93103448275862,439
single_speaker,False,-4.0,116,87,75.0,439
single_speaker,False,-2.0,116,83,71.55172413793103,439
single_speaker,False,0.0,116,92,79.3103448275862,439
single_speaker,False,1.0,116,90,77.58620689655173,439
single_speaker,False,2.0,116,104,89.65517241379311,439
single_speaker,False,3.0,116,85,73.27586206896551,439
single_speaker,False,4.0,116,97,83.62068965517241,439
single_speaker,False,5.0,116,82,70.6896551724138,439
colocated,False,-4.0,116,66,56.896551724137936,440
colocated,False,-2.0,116,67,57.758620689655174,440
colocated,False,0.0,116,70,60.3448275862069,440
colocated,False,1.0,116,78,67.24137931034483,440
colocated,False,2.0,116,87,75.0,440
colocated,False,3.0,116,65,56.03448275862068,440
colocated,False,4.0,116,76,65.51724137931035,440
colocated,False,5.0,116,78,67.24137931034483,440
separated,False,-4.0,116,65,56.03448275862068,440
separated,False,-2.0,116,77,66.37931034482759,440
separated,False,0.0,116,74,63.793103448275865,440
separated,False,1.0,116,98,84.48275862068965,440
separated,False,2.0,116,64,55.172413793103445,440
separated,False,3.0,116,78,67.24137931034483,440
separated,False,4.0,116,81,69.82758620689656,440
separated,False,5.0,116,76,65.51724137931035,440
single_speaker,False,-4.0,116,92,79.3103448275862,440
single_speaker,False,-2.0,116,76,65.51724137931035,440
single_speaker,False,0.0,116,84,72.41379310344827,440
single_speaker,False,1.0,116,102,87.93103448275862,440
single_speaker,False,2.0,116,97,83.62068965517241,440
single_speaker,False,3.0,116,85,73.27586206896551,440
single_speaker,False,4.0,116,95,81.89655172413794,440
single_speaker,False,5.0,116,88,75.86206896551724,440
colocated,False,-4.0,116,57,49.137931034482754,441
colocated,False,-2.0,116,62,53.44827586206896,441
colocated,False,0.0,116,86,74.13793103448276,441
colocated,False,1.0,116,81,69.82758620689656,441
colocated,False,2.0,116,88,75.86206896551724,441
colocated,False,3.0,116,70,60.3448275862069,441
colocated,False,4.0,116,80,68.96551724137932,441
colocated,False,5.0,116,77,66.37931034482759,441
separated,False,-4.0,116,61,52.58620689655172,441
separated,False,-2.0,116,70,60.3448275862069,441
separated,False,0.0,116,68,58.620689655172406,441
separated,False,1.0,116,92,79.3103448275862,441
separated,False,2.0,116,81,69.82758620689656,441
separated,False,3.0,116,70,60.3448275862069,441
separated,False,4.0,116,82,70.6896551724138,441
separated,False,5.0,116,90,77.58620689655173,441
single_speaker,False,-4.0,116,82,70.6896551724138,441
single_speaker,False,-2.0,116,75,64.65517241379311,441
single_speaker,False,0.0,116,94,81.03448275862068,441
single_speaker,False,1.0,116,94,81.03448275862068,441
single_speaker,False,2.0,116,90,77.58620689655173,441
single_speaker,False,3.0,116,73,62.93103448275862,441
single_speaker,False,4.0,116,97,83.62068965517241,441
single_speaker,False,5.0,116,82,70.6896551724138,441
colocated,False,-4.0,116,67,57.758620689655174,442
colocated,False,-2.0,116,66,56.896551724137936,442
colocated,False,0.0,116,74,63.793103448275865,442
colocated,False,1.0,116,83,71.55172413793103,442
colocated,False,2.0,116,88,75.86206896551724,442
colocated,False,3.0,116,73,62.93103448275862,442
colocated,False,4.0,116,76,65.51724137931035,442
colocated,False,5.0,116,84,72.41379310344827,442
separated,False,-4.0,116,72,62.06896551724138,442
separated,False,-2.0,116,77,66.37931034482759,442
separated,False,0.0,116,79,68.10344827586206,442
separated,False,1.0,116,90,77.58620689655173,442
separated,False,2.0,116,80,68.96551724137932,442
separated,False,3.0,116,69,59.48275862068966,442
separated,False,4.0,116,75,64.65517241379311,442
separated,False,5.0,116,82,70.6896551724138,442
single_speaker,False,-4.0,116,85,73.27586206896551,442
single_speaker,False,-2.0,116,81,69.82758620689656,442
single_speaker,False,0.0,116,89,76.72413793103449,442
single_speaker,False,1.0,116,90,77.58620689655173,442
single_speaker,False,2.0,116,98,84.48275862068965,442
single_speaker,False,3.0,116,85,73.27586206896551,442
single_speaker,False,4.0,116,86,74.13793103448276,442
single_speaker,False,5.0,116,83,71.55172413793103,442
colocated,False,-4.0,116,61,52.58620689655172,443
colocated,False,-2.0,116,74,63.793103448275865,443
colocated,False,0.0,116,72,62.06896551724138,443
colocated,False,1.0,116,77,66.37931034482759,443
colocated,False,2.0,116,95,81.89655172413794,443
colocated,False,3.0,116,66,56.896551724137936,443
colocated,False,4.0,116,84,72.41379310344827,443
colocated,False,5.0,116,84,72.41379310344827,443
separated,False,-4.0,116,67,57.758620689655174,443
separated,False,-2.0,116,76,65.51724137931035,443
separated,False,0.0,116,65,56.03448275862068,443
separated,False,1.0,116,90,77.58620689655173,443
separated,False,2.0,116,75,64.65517241379311,443
separated,False,3.0,116,59,50.86206896551724,443
separated,False,4.0,116,87,75.0,443
separated,False,5.0,116,80,68.96551724137932,443
single_speaker,False,-4.0,116,83,71.55172413793103,443
single_speaker,False,-2.0,116,77,66.37931034482759,443
single_speaker,False,0.0,116,80,68.96551724137932,443
single_speaker,False,1.0,116,90,77.58620689655173,443
single_speaker,False,2.0,116,106,91.37931034482759,443
single_speaker,False,3.0,116,81,69.82758620689656,443
single_speaker,False,4.0,116,90,77.58620689655173,443
single_speaker,False,5.0,116,83,71.55172413793103,443
colocated,False,-4.0,116,72,62.06896551724138,444
colocated,False,-2.0,116,66,56.896551724137936,444
colocated,False,0.0,116,67,57.758620689655174,444
colocated,False,1.0,116,73,62.93103448275862,444
colocated,False,2.0,116,83,71.55172413793103,444
colocated,False,3.0,116,66,56.896551724137936,444
colocated,False,4.0,116,79,68.10344827586206,444
colocated,False,5.0,116,80,68.96551724137932,444
separated,False,-4.0,116,61,52.58620689655172,444
separated,False,-2.0,116,71,61.206896551724135,444
separated,False,0.0,116,85,73.27586206896551,444
separated,False,1.0,116,99,85.34482758620689,444
separated,False,2.0,116,79,68.10344827586206,444
separated,False,3.0,116,63,54.310344827586206,444
separated,False,4.0,116,88,75.86206896551724,444
separated,False,5.0,116,79,68.10344827586206,444
single_speaker,False,-4.0,116,91,78.44827586206897,444
single_speaker,False,-2.0,116,85,73.27586206896551,444
single_speaker,False,0.0,116,90,77.58620689655173,444
single_speaker,False,1.0,116,86,74.13793103448276,444
single_speaker,False,2.0,116,104,89.65517241379311,444
single_speaker,False,3.0,116,87,75.0,444
single_speaker,False,4.0,116,99,85.34482758620689,444
single_speaker,False,5.0,116,85,73.27586206896551,444
colocated,False,-4.0,116,65,56.03448275862068,445
colocated,False,-2.0,116,67,57.758620689655174,445
colocated,False,0.0,116,70,60.3448275862069,445
colocated,False,1.0,116,79,68.10344827586206,445
colocated,False,2.0,116,87,75.0,445
colocated,False,3.0,116,60,51.724137931034484,445
colocated,False,4.0,116,75,64.65517241379311,445
colocated,False,5.0,116,76,65.51724137931035,445
separated,False,-4.0,116,73,62.93103448275862,445
separated,False,-2.0,116,68,58.620689655172406,445
separated,False,0.0,116,81,69.82758620689656,445
separated,False,1.0,116,95,81.89655172413794,445
separated,False,2.0,116,76,65.51724137931035,445
separated,False,3.0,116,64,55.172413793103445,445
separated,False,4.0,116,76,65.51724137931035,445
separated,False,5.0,116,80,68.96551724137932,445
single_speaker,False,-4.0,116,96,82.75862068965517,445
single_speaker,False,-2.0,116,78,67.24137931034483,445
single_speaker,False,0.0,116,80,68.96551724137932,445
single_speaker,False,1.0,116,89,76.72413793103449,445
single_speaker,False,2.0,116,98,84.48275862068965,445
single_speaker,False,3.0,116,78,67.24137931034483,445
single_speaker,False,4.0,116,92,79.3103448275862,445
single_speaker,False,5.0,116,89,76.72413793103449,445
colocated,False,-4.0,116,52,44.827586206896555,446
colocated,False,-2.0,116,58,50.0,446
colocated,False,0.0,116,71,61.206896551724135,446
colocated,False,1.0,116,80,68.96551724137932,446
colocated,False,2.0,116,85,73.27586206896551,446
colocated,False,3.0,116,63,54.310344827586206,446
colocated,False,4.0,116,69,59.48275862068966,446
colocated,False,5.0,116,83,71.55172413793103,446
separated,False,-4.0,116,56,48.275862068965516,446
separated,False,-2.0,116,63,54.310344827586206,446
separated,False,0.0,116,72,62.06896551724138,446
separated,False,1.0,116,96,82.75862068965517,446
separated,False,2.0,116,71,61.206896551724135,446
separated,False,3.0,116,67,57.758620689655174,446
separated,False,4.0,116,81,69.82758620689656,446
separated,False,5.0,116,82,70.6896551724138,446
single_speaker,False,-4.0,116,92,79.3103448275862,446
single_speaker,False,-2.0,116,86,74.13793103448276,446
single_speaker,False,0.0,116,74,63.793103448275865,446
single_speaker,False,1.0,116,96,82.75862068965517,446
single_speaker,False,2.0,116,105,90.51724137931035,446
single_speaker,False,3.0,116,84,72.41379310344827,446
single_speaker,False,4.0,116,91,78.44827586206897,446
single_speaker,False,5.0,116,91,78.44827586206897,446
colocated,False,-4.0,116,46,39.6551724137931,447
colocated,False,-2.0,116,69,59.48275862068966,447
colocated,False,0.0,116,69,59.48275862068966,447
colocated,False,1.0,116,75,64.65517241379311,447
colocated,False,2.0,116,91,78.44827586206897,447
colocated,False,3.0,116,70,60.3448275862069,447
colocated,False,4.0,116,79,68.10344827586206,447
colocated,False,5.0,116,73,62.93103448275862,447
separated,False,-4.0,116,62,53.44827586206896,447
separated,False,-2.0,116,75,64.65517241379311,447
separated,False,0.0,116,77,66.37931034482759,447
separated,False,1.0,116,97,83.62068965517241,447
separated,False,2.0,116,73,62.93103448275862,447
separated,False,3.0,116,64,55.172413793103445,447
separated,False,4.0,116,83,71.55172413793103,447
separated,False,5.0,116,73,62.93103448275862,447
single_speaker,False,-4.0,116,82,70.6896551724138,447
single_speaker,False,-2.0,116,81,69.82758620689656,447
single_speaker,False,0.0,116,81,69.82758620689656,447
single_speaker,False,1.0,116,91,78.44827586206897,447
single_speaker,False,2.0,116,104,89.65517241379311,447
single_speaker,False,3.0,116,78,67.24137931034483,447
single_speaker,False,4.0,116,95,81.89655172413794,447
single_speaker,False,5.0,116,82,70.6896551724138,447
colocated,False,-4.0,116,66,56.896551724137936,448
colocated,False,-2.0,116,75,64.65517241379311,448
colocated,False,0.0,116,75,64.65517241379311,448
colocated,False,1.0,116,77,66.37931034482759,448
colocated,False,2.0,116,83,71.55172413793103,448
colocated,False,3.0,116,69,59.48275862068966,448
colocated,False,4.0,116,80,68.96551724137932,448
colocated,False,5.0,116,82,70.6896551724138,448
separated,False,-4.0,116,61,52.58620689655172,448
separated,False,-2.0,116,78,67.24137931034483,448
separated,False,0.0,116,74,63.793103448275865,448
separated,False,1.0,116,96,82.75862068965517,448
separated,False,2.0,116,71,61.206896551724135,448
separated,False,3.0,116,71,61.206896551724135,448
separated,False,4.0,116,86,74.13793103448276,448
separated,False,5.0,116,75,64.65517241379311,448
single_speaker,False,-4.0,116,86,74.13793103448276,448
single_speaker,False,-2.0,116,81,69.82758620689656,448
single_speaker,False,0.0,116,86,74.13793103448276,448
single_speaker,False,1.0,116,94,81.03448275862068,448
single_speaker,False,2.0,116,106,91.37931034482759,448
single_speaker,False,3.0,116,88,75.86206896551724,448
single_speaker,False,4.0,116,90,77.58620689655173,448
single_speaker,False,5.0,116,89,76.72413793103449,448
colocated,False,-4.0,116,61,52.58620689655172,449
colocated,False,-2.0,116,70,60.3448275862069,449
colocated,False,0.0,116,78,67.24137931034483,449
colocated,False,1.0,116,77,66.37931034482759,449
colocated,False,2.0,116,91,78.44827586206897,449
colocated,False,3.0,116,67,57.758620689655174,449
colocated,False,4.0,116,74,63.793103448275865,449
colocated,False,5.0,116,86,74.13793103448276,449
separated,False,-4.0,116,64,55.172413793103445,449
separated,False,-2.0,116,79,68.10344827586206,449
separated,False,0.0,116,87,75.0,449
separated,False,1.0,116,98,84.48275862068965,449
separated,False,2.0,116,79,68.10344827586206,449
separated,False,3.0,116,66,56.896551724137936,449
separated,False,4.0,116,86,74.13793103448276,449
separated,False,5.0,116,83,71.55172413793103,449
single_speaker,False,-4.0,116,93,80.17241379310344,449
single_speaker,False,-2.0,116,83,71.55172413793103,449
single_speaker,False,0.0,116,89,76.72413793103449,449
single_speaker,False,1.0,116,94,81.03448275862068,449
single_speaker,False,2.0,116,97,83.62068965517241,449
single_speaker,False,3.0,116,83,71.55172413793103,449
single_speaker,False,4.0,116,93,80.17241379310344,449
single_speaker,False,5.0,116,88,75.86206896551724,449
colocated,False,-4.0,116,62,53.44827586206896,450
colocated,False,-2.0,116,63,54.310344827586206,450
colocated,False,0.0,116,72,62.06896551724138,450
colocated,False,1.0,116,77,66.37931034482759,450
colocated,False,2.0,116,90,77.58620689655173,450
colocated,False,3.0,116,62,53.44827586206896,450
colocated,False,4.0,116,81,69.82758620689656,450
colocated,False,5.0,116,84,72.41379310344827,450
separated,False,-4.0,116,60,51.724137931034484,450
separated,False,-2.0,116,78,67.24137931034483,450
separated,False,0.0,116,77,66.37931034482759,450
separated,False,1.0,116,90,77.58620689655173,450
separated,False,2.0,116,80,68.96551724137932,450
separated,False,3.0,116,66,56.896551724137936,450
separated,False,4.0,116,82,70.6896551724138,450
separated,False,5.0,116,77,66.37931034482759,450
single_speaker,False,-4.0,116,78,67.24137931034483,450
single_speaker,False,-2.0,116,78,67.24137931034483,450
single_speaker,False,0.0,116,88,75.86206896551724,450
single_speaker,False,1.0,116,92,79.3103448275862,450
single_speaker,False,2.0,116,101,87.06896551724138,450
single_speaker,False,3.0,116,79,68.10344827586206,450
single_speaker,False,4.0,116,94,81.03448275862068,450
single_speaker,False,5.0,116,86,74.13793103448276,450
colocated,False,-4.0,116,63,54.310344827586206,451
colocated,False,-2.0,116,66,56.896551724137936,451
colocated,False,0.0,116,73,62.93103448275862,451
colocated,False,1.0,116,84,72.41379310344827,451
colocated,False,2.0,116,81,69.82758620689656,451
colocated,False,3.0,116,71,61.206896551724135,451
colocated,False,4.0,116,73,62.93103448275862,451
colocated,False,5.0,116,85,73.27586206896551,451
separated,False,-4.0,116,55,47.41379310344828,451
separated,False,-2.0,116,87,75.0,451
separated,False,0.0,116,81,69.82758620689656,451
separated,False,1.0,116,99,85.34482758620689,451
separated,False,2.0,116,73,62.93103448275862,451
separated,False,3.0,116,72,62.06896551724138,451
separated,False,4.0,116,92,79.3103448275862,451
separated,False,5.0,116,76,65.51724137931035,451
single_speaker,False,-4.0,116,84,72.41379310344827,451
single_speaker,False,-2.0,116,79,68.10344827586206,451
single_speaker,False,0.0,116,81,69.82758620689656,451
single_speaker,False,1.0,116,93,80.17241379310344,451
single_speaker,False,2.0,116,101,87.06896551724138,451
single_speaker,False,3.0,116,79,68.10344827586206,451
single_speaker,False,4.0,116,93,80.17241379310344,451
single_speaker,False,5.0,116,77,66.37931034482759,451
colocated,False,-4.0,116,72,62.06896551724138,452
colocated,False,-2.0,116,70,60.3448275862069,452
colocated,False,0.0,116,68,58.620689655172406,452
colocated,False,1.0,116,77,66.37931034482759,452
colocated,False,2.0,116,89,76.72413793103449,452
colocated,False,3.0,116,61,52.58620689655172,452
colocated,False,4.0,116,76,65.51724137931035,452
colocated,False,5.0,116,75,64.65517241379311,452
separated,False,-4.0,116,58,50.0,452
separated,False,-2.0,116,78,67.24137931034483,452
separated,False,0.0,116,69,59.48275862068966,452
separated,False,1.0,116,95,81.89655172413794,452
separated,False,2.0,116,77,66.37931034482759,452
separated,False,3.0,116,72,62.06896551724138,452
separated,False,4.0,116,81,69.82758620689656,452
separated,False,5.0,116,77,66.37931034482759,452
single_speaker,False,-4.0,116,78,67.24137931034483,452
single_speaker,False,-2.0,116,81,69.82758620689656,452
single_speaker,False,0.0,116,85,73.27586206896551,452
single_speaker,False,1.0,116,87,75.0,452
single_speaker,False,2.0,116,100,86.20689655172413,452
single_speaker,False,3.0,116,90,77.58620689655173,452
single_speaker,False,4.0,116,98,84.48275862068965,452
single_speaker,False,5.0,116,80,68.96551724137932,452
colocated,False,-4.0,116,67,57.758620689655174,453
colocated,False,-2.0,116,60,51.724137931034484,453
colocated,False,0.0,116,70,60.3448275862069,453
colocated,False,1.0,116,76,65.51724137931035,453
colocated,False,2.0,116,87,75.0,453
colocated,False,3.0,116,68,58.620689655172406,453
colocated,False,4.0,116,72,62.06896551724138,453
colocated,False,5.0,116,80,68.96551724137932,453
separated,False,-4.0,116,60,51.724137931034484,453
separated,False,-2.0,116,68,58.620689655172406,453
separated,False,0.0,116,81,69.82758620689656,453
separated,False,1.0,116,89,76.72413793103449,453
separated,False,2.0,116,75,64.65517241379311,453
separated,False,3.0,116,71,61.206896551724135,453
separated,False,4.0,116,80,68.96551724137932,453
separated,False,5.0,116,84,72.41379310344827,453
single_speaker,False,-4.0,116,84,72.41379310344827,453
single_speaker,False,-2.0,116,87,75.0,453
single_speaker,False,0.0,116,86,74.13793103448276,453
single_speaker,False,1.0,116,93,80.17241379310344,453
single_speaker,False,2.0,116,97,83.62068965517241,453
single_speaker,False,3.0,116,74,63.793103448275865,453
single_speaker,False,4.0,116,91,78.44827586206897,453
single_speaker,False,5.0,116,87,75.0,453
colocated,False,-4.0,116,57,49.137931034482754,454
colocated,False,-2.0,116,68,58.620689655172406,454
colocated,False,0.0,116,75,64.65517241379311,454
colocated,False,1.0,116,79,68.10344827586206,454
colocated,False,2.0,116,89,76.72413793103449,454
colocated,False,3.0,116,62,53.44827586206896,454
colocated,False,4.0,116,83,71.55172413793103,454
colocated,False,5.0,116,71,61.206896551724135,454
separated,False,-4.0,116,57,49.137931034482754,454
separated,False,-2.0,116,79,68.10344827586206,454
separated,False,0.0,116,81,69.82758620689656,454
separated,False,1.0,116,94,81.03448275862068,454
separated,False,2.0,116,72,62.06896551724138,454
separated,False,3.0,116,67,57.758620689655174,454
separated,False,4.0,116,79,68.10344827586206,454
separated,False,5.0,116,70,60.3448275862069,454
single_speaker,False,-4.0,116,84,72.41379310344827,454
single_speaker,False,-2.0,116,87,75.0,454
single_speaker,False,0.0,116,89,76.72413793103449,454
single_speaker,False,1.0,116,93,80.17241379310344,454
single_speaker,False,2.0,116,97,83.62068965517241,454
single_speaker,False,3.0,116,74,63.793103448275865,454
single_speaker,False,4.0,116,90,77.58620689655173,454
single_speaker,False,5.0,116,92,79.3103448275862,454
colocated,False,-4.0,116,64,55.172413793103445,455
colocated,False,-2.0,116,73,62.93103448275862,455
colocated,False,0.0,116,58,50.0,455
colocated,False,1.0,116,75,64.65517241379311,455
colocated,False,2.0,116,85,73.27586206896551,455
colocated,False,3.0,116,68,58.620689655172406,455
colocated,False,4.0,116,79,68.10344827586206,455
colocated,False,5.0,116,86,74.13793103448276,455
separated,False,-4.0,116,70,60.3448275862069,455
separated,False,-2.0,116,74,63.793103448275865,455
separated,False,0.0,116,81,69.82758620689656,455
separated,False,1.0,116,89,76.72413793103449,455
separated,False,2.0,116,73,62.93103448275862,455
separated,False,3.0,116,67,57.758620689655174,455
separated,False,4.0,116,71,61.206896551724135,455
separated,False,5.0,116,75,64.65517241379311,455
single_speaker,False,-4.0,116,81,69.82758620689656,455
single_speaker,False,-2.0,116,79,68.10344827586206,455
single_speaker,False,0.0,116,80,68.96551724137932,455
single_speaker,False,1.0,116,94,81.03448275862068,455
single_speaker,False,2.0,116,98,84.48275862068965,455
single_speaker,False,3.0,116,82,70.6896551724138,455
single_speaker,False,4.0,116,93,80.17241379310344,455
single_speaker,False,5.0,116,84,72.41379310344827,455
colocated,False,-4.0,116,64,55.172413793103445,456
colocated,False,-2.0,116,65,56.03448275862068,456
colocated,False,0.0,116,74,63.793103448275865,456
colocated,False,1.0,116,77,66.37931034482759,456
colocated,False,2.0,116,87,75.0,456
colocated,False,3.0,116,61,52.58620689655172,456
colocated,False,4.0,116,78,67.24137931034483,456
colocated,False,5.0,116,82,70.6896551724138,456
separated,False,-4.0,116,64,55.172413793103445,456
separated,False,-2.0,116,82,70.6896551724138,456
separated,False,0.0,116,83,71.55172413793103,456
separated,False,1.0,116,92,79.3103448275862,456
separated,False,2.0,116,80,68.96551724137932,456
separated,False,3.0,116,70,60.3448275862069,456
separated,False,4.0,116,81,69.82758620689656,456
separated,False,5.0,116,76,65.51724137931035,456
single_speaker,False,-4.0,116,82,70.6896551724138,456
single_speaker,False,-2.0,116,78,67.24137931034483,456
single_speaker,False,0.0,116,80,68.96551724137932,456
single_speaker,False,1.0,116,93,80.17241379310344,456
single_speaker,False,2.0,116,107,92.24137931034483,456
single_speaker,False,3.0,116,80,68.96551724137932,456
single_speaker,False,4.0,116,88,75.86206896551724,456
single_speaker,False,5.0,116,82,70.6896551724138,456
colocated,False,-4.0,116,68,58.620689655172406,457
colocated,False,-2.0,116,72,62.06896551724138,457
colocated,False,0.0,116,72,62.06896551724138,457
colocated,False,1.0,116,82,70.6896551724138,457
colocated,False,2.0,116,90,77.58620689655173,457
colocated,False,3.0,116,67,57.758620689655174,457
colocated,False,4.0,116,78,67.24137931034483,457
colocated,False,5.0,116,81,69.82758620689656,457
separated,False,-4.0,116,61,52.58620689655172,457
separated,False,-2.0,116,63,54.310344827586206,457
separated,False,0.0,116,72,62.06896551724138,457
separated,False,1.0,116,94,81.03448275862068,457
separated,False,2.0,116,85,73.27586206896551,457
separated,False,3.0,116,67,57.758620689655174,457
separated,False,4.0,116,79,68.10344827586206,457
separated,False,5.0,116,79,68.10344827586206,457
single_speaker,False,-4.0,116,89,76.72413793103449,457
single_speaker,False,-2.0,116,79,68.10344827586206,457
single_speaker,False,0.0,116,77,66.37931034482759,457
single_speaker,False,1.0,116,92,79.3103448275862,457
single_speaker,False,2.0,116,102,87.93103448275862,457
single_speaker,False,3.0,116,80,68.96551724137932,457
single_speaker,False,4.0,116,91,78.44827586206897,457
single_speaker,False,5.0,116,75,64.65517241379311,457
colocated,False,-4.0,116,66,56.896551724137936,458
colocated,False,-2.0,116,72,62.06896551724138,458
colocated,False,0.0,116,75,64.65517241379311,458
colocated,False,1.0,116,78,67.24137931034483,458
colocated,False,2.0,116,86,74.13793103448276,458
colocated,False,3.0,116,55,47.41379310344828,458
colocated,False,4.0,116,82,70.6896551724138,458
colocated,False,5.0,116,80,68.96551724137932,458
separated,False,-4.0,116,62,53.44827586206896,458
separated,False,-2.0,116,76,65.51724137931035,458
separated,False,0.0,116,81,69.82758620689656,458
separated,False,1.0,116,92,79.3103448275862,458
separated,False,2.0,116,77,66.37931034482759,458
separated,False,3.0,116,79,68.10344827586206,458
separated,False,4.0,116,87,75.0,458
separated,False,5.0,116,77,66.37931034482759,458
single_speaker,False,-4.0,116,84,72.41379310344827,458
single_speaker,False,-2.0,116,80,68.96551724137932,458
single_speaker,False,0.0,116,83,71.55172413793103,458
single_speaker,False,1.0,116,96,82.75862068965517,458
single_speaker,False,2.0,116,97,83.62068965517241,458
single_speaker,False,3.0,116,82,70.6896551724138,458
single_speaker,False,4.0,116,98,84.48275862068965,458
single_speaker,False,5.0,116,85,73.27586206896551,458
colocated,False,-4.0,116,64,55.172413793103445,459
colocated,False,-2.0,116,68,58.620689655172406,459
colocated,False,0.0,116,71,61.206896551724135,459
colocated,False,1.0,116,81,69.82758620689656,459
colocated,False,2.0,116,85,73.27586206896551,459
colocated,False,3.0,116,67,57.758620689655174,459
colocated,False,4.0,116,74,63.793103448275865,459
colocated,False,5.0,116,80,68.96551724137932,459
separated,False,-4.0,116,60,51.724137931034484,459
separated,False,-2.0,116,73,62.93103448275862,459
separated,False,0.0,116,72,62.06896551724138,459
separated,False,1.0,116,90,77.58620689655173,459
separated,False,2.0,116,75,64.65517241379311,459
separated,False,3.0,116,66,56.896551724137936,459
separated,False,4.0,116,87,75.0,459
separated,False,5.0,116,93,80.17241379310344,459
single_speaker,False,-4.0,116,88,75.86206896551724,459
single_speaker,False,-2.0,116,76,65.51724137931035,459
single_speaker,False,0.0,116,80,68.96551724137932,459
single_speaker,False,1.0,116,89,76.72413793103449,459
single_speaker,False,2.0,116,105,90.51724137931035,459
single_speaker,False,3.0,116,76,65.51724137931035,459
single_speaker,False,4.0,116,87,75.0,459
single_speaker,False,5.0,116,83,71.55172413793103,459
colocated,False,-4.0,116,66,56.896551724137936,460
colocated,False,-2.0,116,64,55.172413793103445,460
colocated,False,0.0,116,72,62.06896551724138,460
colocated,False,1.0,116,84,72.41379310344827,460
colocated,False,2.0,116,90,77.58620689655173,460
colocated,False,3.0,116,70,60.3448275862069,460
colocated,False,4.0,116,85,73.27586206896551,460
colocated,False,5.0,116,80,68.96551724137932,460
separated,False,-4.0,116,72,62.06896551724138,460
separated,False,-2.0,116,70,60.3448275862069,460
separated,False,0.0,116,73,62.93103448275862,460
separated,False,1.0,116,101,87.06896551724138,460
separated,False,2.0,116,77,66.37931034482759,460
separated,False,3.0,116,69,59.48275862068966,460
separated,False,4.0,116,81,69.82758620689656,460
separated,False,5.0,116,72,62.06896551724138,460
single_speaker,False,-4.0,116,95,81.89655172413794,460
single_speaker,False,-2.0,116,84,72.41379310344827,460
single_speaker,False,0.0,116,82,70.6896551724138,460
single_speaker,False,1.0,116,90,77.58620689655173,460
single_speaker,False,2.0,116,101,87.06896551724138,460
single_speaker,False,3.0,116,85,73.27586206896551,460
single_speaker,False,4.0,116,99,85.34482758620689,460
single_speaker,False,5.0,116,72,62.06896551724138,460
colocated,False,-4.0,116,62,53.44827586206896,461
colocated,False,-2.0,116,65,56.03448275862068,461
colocated,False,0.0,116,64,55.172413793103445,461
colocated,False,1.0,116,77,66.37931034482759,461
colocated,False,2.0,116,93,80.17241379310344,461
colocated,False,3.0,116,76,65.51724137931035,461
colocated,False,4.0,116,82,70.6896551724138,461
colocated,False,5.0,116,68,58.620689655172406,461
separated,False,-4.0,116,61,52.58620689655172,461
separated,False,-2.0,116,73,62.93103448275862,461
separated,False,0.0,116,77,66.37931034482759,461
separated,False,1.0,116,101,87.06896551724138,461
separated,False,2.0,116,79,68.10344827586206,461
separated,False,3.0,116,75,64.65517241379311,461
separated,False,4.0,116,79,68.10344827586206,461
separated,False,5.0,116,66,56.896551724137936,461
single_speaker,False,-4.0,116,85,73.27586206896551,461
single_speaker,False,-2.0,116,75,64.65517241379311,461
single_speaker,False,0.0,116,83,71.55172413793103,461
single_speaker,False,1.0,116,92,79.3103448275862,461
single_speaker,False,2.0,116,94,81.03448275862068,461
single_speaker,False,3.0,116,85,73.27586206896551,461
single_speaker,False,4.0,116,88,75.86206896551724,461
single_speaker,False,5.0,116,96,82.75862068965517,461
colocated,False,-4.0,116,64,55.172413793103445,462
colocated,False,-2.0,116,72,62.06896551724138,462
colocated,False,0.0,116,69,59.48275862068966,462
colocated,False,1.0,116,78,67.24137931034483,462
colocated,False,2.0,116,88,75.86206896551724,462
colocated,False,3.0,116,70,60.3448275862069,462
colocated,False,4.0,116,82,70.6896551724138,462
colocated,False,5.0,116,76,65.51724137931035,462
separated,False,-4.0,116,60,51.724137931034484,462
separated,False,-2.0,116,79,68.10344827586206,462
separated,False,0.0,116,88,75.86206896551724,462
separated,False,1.0,116,95,81.89655172413794,462
separated,False,2.0,116,76,65.51724137931035,462
separated,False,3.0,116,78,67.24137931034483,462
separated,False,4.0,116,84,72.41379310344827,462
separated,False,5.0,116,79,68.10344827586206,462
single_speaker,False,-4.0,116,86,74.13793103448276,462
single_speaker,False,-2.0,116,82,70.6896551724138,462
single_speaker,False,0.0,116,77,66.37931034482759,462
single_speaker,False,1.0,116,97,83.62068965517241,462
single_speaker,False,2.0,116,102,87.93103448275862,462
single_speaker,False,3.0,116,78,67.24137931034483,462
single_speaker,False,4.0,116,92,79.3103448275862,462
single_speaker,False,5.0,116,83,71.55172413793103,462
colocated,False,-4.0,116,77,66.37931034482759,463
colocated,False,-2.0,116,72,62.06896551724138,463
colocated,False,0.0,116,65,56.03448275862068,463
colocated,False,1.0,116,77,66.37931034482759,463
colocated,False,2.0,116,86,74.13793103448276,463
colocated,False,3.0,116,69,59.48275862068966,463
colocated,False,4.0,116,82,70.6896551724138,463
colocated,False,5.0,116,74,63.793103448275865,463
separated,False,-4.0,116,59,50.86206896551724,463
separated,False,-2.0,116,73,62.93103448275862,463
separated,False,0.0,116,80,68.96551724137932,463
separated,False,1.0,116,95,81.89655172413794,463
separated,False,2.0,116,71,61.206896551724135,463
separated,False,3.0,116,77,66.37931034482759,463
separated,False,4.0,116,71,61.206896551724135,463
separated,False,5.0,116,76,65.51724137931035,463
single_speaker,False,-4.0,116,90,77.58620689655173,463
single_speaker,False,-2.0,116,81,69.82758620689656,463
single_speaker,False,0.0,116,73,62.93103448275862,463
single_speaker,False,1.0,116,89,76.72413793103449,463
single_speaker,False,2.0,116,109,93.96551724137932,463
single_speaker,False,3.0,116,80,68.96551724137932,463
single_speaker,False,4.0,116,97,83.62068965517241,463
single_speaker,False,5.0,116,83,71.55172413793103,463
colocated,False,-4.0,116,71,61.206896551724135,464
colocated,False,-2.0,116,68,58.620689655172406,464
colocated,False,0.0,116,72,62.06896551724138,464
colocated,False,1.0,116,78,67.24137931034483,464
colocated,False,2.0,116,85,73.27586206896551,464
colocated,False,3.0,116,74,63.793103448275865,464
colocated,False,4.0,116,87,75.0,464
colocated,False,5.0,116,71,61.206896551724135,464
separated,False,-4.0,116,58,50.0,464
separated,False,-2.0,116,78,67.24137931034483,464
separated,False,0.0,116,83,71.55172413793103,464
separated,False,1.0,116,96,82.75862068965517,464
separated,False,2.0,116,81,69.82758620689656,464
separated,False,3.0,116,67,57.758620689655174,464
separated,False,4.0,116,83,71.55172413793103,464
separated,False,5.0,116,85,73.27586206896551,464
single_speaker,False,-4.0,116,88,75.86206896551724,464
single_speaker,False,-2.0,116,87,75.0,464
single_speaker,False,0.0,116,79,68.10344827586206,464
single_speaker,False,1.0,116,94,81.03448275862068,464
single_speaker,False,2.0,116,102,87.93103448275862,464
single_speaker,False,3.0,116,81,69.82758620689656,464
single_speaker,False,4.0,116,97,83.62068965517241,464
single_speaker,False,5.0,116,87,75.0,464
colocated,False,-4.0,116,64,55.172413793103445,465
colocated,False,-2.0,116,65,56.03448275862068,465
colocated,False,0.0,116,71,61.206896551724135,465
colocated,False,1.0,116,73,62.93103448275862,465
colocated,False,2.0,116,85,73.27586206896551,465
colocated,False,3.0,116,61,52.58620689655172,465
colocated,False,4.0,116,82,70.6896551724138,465
colocated,False,5.0,116,82,70.6896551724138,465
separated,False,-4.0,116,62,53.44827586206896,465
separated,False,-2.0,116,81,69.82758620689656,465
separated,False,0.0,116,72,62.06896551724138,465
separated,False,1.0,116,90,77.58620689655173,465
separated,False,2.0,116,77,66.37931034482759,465
separated,False,3.0,116,76,65.51724137931035,465
separated,False,4.0,116,90,77.58620689655173,465
separated,False,5.0,116,79,68.10344827586206,465
single_speaker,False,-4.0,116,86,74.13793103448276,465
single_speaker,False,-2.0,116,83,71.55172413793103,465
single_speaker,False,0.0,116,82,70.6896551724138,465
single_speaker,False,1.0,116,95,81.89655172413794,465
single_speaker,False,2.0,116,104,89.65517241379311,465
single_speaker,False,3.0,116,79,68.10344827586206,465
single_speaker,False,4.0,116,87,75.0,465
single_speaker,False,5.0,116,74,63.793103448275865,465
colocated,False,-4.0,116,69,59.48275862068966,466
colocated,False,-2.0,116,71,61.206896551724135,466
colocated,False,0.0,116,73,62.93103448275862,466
colocated,False,1.0,116,81,69.82758620689656,466
colocated,False,2.0,116,90,77.58620689655173,466
colocated,False,3.0,116,60,51.724137931034484,466
colocated,False,4.0,116,77,66.37931034482759,466
colocated,False,5.0,116,80,68.96551724137932,466
separated,False,-4.0,116,54,46.55172413793103,466
separated,False,-2.0,116,70,60.3448275862069,466
separated,False,0.0,116,78,67.24137931034483,466
separated,False,1.0,116,87,75.0,466
separated,False,2.0,116,80,68.96551724137932,466
separated,False,3.0,116,73,62.93103448275862,466
separated,False,4.0,116,76,65.51724137931035,466
separated,False,5.0,116,75,64.65517241379311,466
single_speaker,False,-4.0,116,83,71.55172413793103,466
single_speaker,False,-2.0,116,85,73.27586206896551,466
single_speaker,False,0.0,116,76,65.51724137931035,466
single_speaker,False,1.0,116,93,80.17241379310344,466
single_speaker,False,2.0,116,98,84.48275862068965,466
single_speaker,False,3.0,116,78,67.24137931034483,466
single_speaker,False,4.0,116,95,81.89655172413794,466
single_speaker,False,5.0,116,92,79.3103448275862,466
colocated,False,-4.0,116,67,57.758620689655174,467
colocated,False,-2.0,116,69,59.48275862068966,467
colocated,False,0.0,116,71,61.206896551724135,467
colocated,False,1.0,116,80,68.96551724137932,467
colocated,False,2.0,116,83,71.55172413793103,467
colocated,False,3.0,116,60,51.724137931034484,467
colocated,False,4.0,116,85,73.27586206896551,467
colocated,False,5.0,116,88,75.86206896551724,467
separated,False,-4.0,116,58,50.0,467
separated,False,-2.0,116,74,63.793103448275865,467
separated,False,0.0,116,81,69.82758620689656,467
separated,False,1.0,116,91,78.44827586206897,467
separated,False,2.0,116,81,69.82758620689656,467
separated,False,3.0,116,66,56.896551724137936,467
separated,False,4.0,116,81,69.82758620689656,467
separated,False,5.0,116,77,66.37931034482759,467
single_speaker,False,-4.0,116,92,79.3103448275862,467
single_speaker,False,-2.0,116,76,65.51724137931035,467
single_speaker,False,0.0,116,87,75.0,467
single_speaker,False,1.0,116,92,79.3103448275862,467
single_speaker,False,2.0,116,100,86.20689655172413,467
single_speaker,False,3.0,116,82,70.6896551724138,467
single_speaker,False,4.0,116,94,81.03448275862068,467
single_speaker,False,5.0,116,93,80.17241379310344,467
colocated,False,-4.0,116,68,58.620689655172406,468
colocated,False,-2.0,116,70,60.3448275862069,468
colocated,False,0.0,116,76,65.51724137931035,468
colocated,False,1.0,116,68,58.620689655172406,468
colocated,False,2.0,116,89,76.72413793103449,468
colocated,False,3.0,116,68,58.620689655172406,468
colocated,False,4.0,116,84,72.41379310344827,468
colocated,False,5.0,116,79,68.10344827586206,468
separated,False,-4.0,116,66,56.896551724137936,468
separated,False,-2.0,116,74,63.793103448275865,468
separated,False,0.0,116,76,65.51724137931035,468
separated,False,1.0,116,97,83.62068965517241,468
separated,False,2.0,116,88,75.86206896551724,468
separated,False,3.0,116,76,65.51724137931035,468
separated,False,4.0,116,80,68.96551724137932,468
separated,False,5.0,116,77,66.37931034482759,468
single_speaker,False,-4.0,116,89,76.72413793103449,468
single_speaker,False,-2.0,116,84,72.41379310344827,468
single_speaker,False,0.0,116,82,70.6896551724138,468
single_speaker,False,1.0,116,93,80.17241379310344,468
single_speaker,False,2.0,116,95,81.89655172413794,468
single_speaker,False,3.0,116,84,72.41379310344827,468
single_speaker,False,4.0,116,94,81.03448275862068,468
single_speaker,False,5.0,116,92,79.3103448275862,468
colocated,False,-4.0,116,65,56.03448275862068,469
colocated,False,-2.0,116,53,45.689655172413794,469
colocated,False,0.0,116,69,59.48275862068966,469
colocated,False,1.0,116,76,65.51724137931035,469
colocated,False,2.0,116,90,77.58620689655173,469
colocated,False,3.0,116,77,66.37931034482759,469
colocated,False,4.0,116,72,62.06896551724138,469
colocated,False,5.0,116,79,68.10344827586206,469
separated,False,-4.0,116,66,56.896551724137936,469
separated,False,-2.0,116,75,64.65517241379311,469
separated,False,0.0,116,76,65.51724137931035,469
separated,False,1.0,116,91,78.44827586206897,469
separated,False,2.0,116,75,64.65517241379311,469
separated,False,3.0,116,71,61.206896551724135,469
separated,False,4.0,116,92,79.3103448275862,469
separated,False,5.0,116,78,67.24137931034483,469
single_speaker,False,-4.0,116,87,75.0,469
single_speaker,False,-2.0,116,77,66.37931034482759,469
single_speaker,False,0.0,116,79,68.10344827586206,469
single_speaker,False,1.0,116,95,81.89655172413794,469
single_speaker,False,2.0,116,103,88.79310344827587,469
single_speaker,False,3.0,116,82,70.6896551724138,469
single_speaker,False,4.0,116,93,80.17241379310344,469
single_speaker,False,5.0,116,87,75.0,469
colocated,False,-4.0,116,71,61.206896551724135,470
colocated,False,-2.0,116,63,54.310344827586206,470
colocated,False,0.0,116,72,62.06896551724138,470
colocated,False,1.0,116,76,65.51724137931035,470
colocated,False,2.0,116,87,75.0,470
colocated,False,3.0,116,63,54.310344827586206,470
colocated,False,4.0,116,79,68.10344827586206,470
colocated,False,5.0,116,77,66.37931034482759,470
separated,False,-4.0,116,67,57.758620689655174,470
separated,False,-2.0,116,70,60.3448275862069,470
separated,False,0.0,116,81,69.82758620689656,470
separated,False,1.0,116,97,83.62068965517241,470
separated,False,2.0,116,81,69.82758620689656,470
separated,False,3.0,116,72,62.06896551724138,470
separated,False,4.0,116,84,72.41379310344827,470
separated,False,5.0,116,75,64.65517241379311,470
single_speaker,False,-4.0,116,91,78.44827586206897,470
single_speaker,False,-2.0,116,79,68.10344827586206,470
single_speaker,False,0.0,116,79,68.10344827586206,470
single_speaker,False,1.0,116,90,77.58620689655173,470
single_speaker,False,2.0,116,102,87.93103448275862,470
single_speaker,False,3.0,116,80,68.96551724137932,470
single_speaker,False,4.0,116,102,87.93103448275862,470
single_speaker,False,5.0,116,81,69.82758620689656,470
colocated,False,-4.0,116,66,56.896551724137936,471
colocated,False,-2.0,116,69,59.48275862068966,471
colocated,False,0.0,116,71,61.206896551724135,471
colocated,False,1.0,116,86,74.13793103448276,471
colocated,False,2.0,116,80,68.96551724137932,471
colocated,False,3.0,116,62,53.44827586206896,471
colocated,False,4.0,116,82,70.6896551724138,471
colocated,False,5.0,116,87,75.0,471
separated,False,-4.0,116,71,61.206896551724135,471
separated,False,-2.0,116,77,66.37931034482759,471
separated,False,0.0,116,71,61.206896551724135,471
separated,False,1.0,116,87,75.0,471
separated,False,2.0,116,72,62.06896551724138,471
separated,False,3.0,116,70,60.3448275862069,471
separated,False,4.0,116,80,68.96551724137932,471
separated,False,5.0,116,78,67.24137931034483,471
single_speaker,False,-4.0,116,90,77.58620689655173,471
single_speaker,False,-2.0,116,86,74.13793103448276,471
single_speaker,False,0.0,116,81,69.82758620689656,471
single_speaker,False,1.0,116,104,89.65517241379311,471
single_speaker,False,2.0,116,103,88.79310344827587,471
single_speaker,False,3.0,116,91,78.44827586206897,471
single_speaker,False,4.0,116,97,83.62068965517241,471
single_speaker,False,5.0,116,88,75.86206896551724,471
colocated,False,-4.0,116,67,57.758620689655174,472
colocated,False,-2.0,116,69,59.48275862068966,472
colocated,False,0.0,116,73,62.93103448275862,472
colocated,False,1.0,116,79,68.10344827586206,472
colocated,False,2.0,116,84,72.41379310344827,472
colocated,False,3.0,116,67,57.758620689655174,472
colocated,False,4.0,116,82,70.6896551724138,472
colocated,False,5.0,116,85,73.27586206896551,472
separated,False,-4.0,116,57,49.137931034482754,472
separated,False,-2.0,116,74,63.793103448275865,472
separated,False,0.0,116,75,64.65517241379311,472
separated,False,1.0,116,93,80.17241379310344,472
separated,False,2.0,116,78,67.24137931034483,472
separated,False,3.0,116,66,56.896551724137936,472
separated,False,4.0,116,87,75.0,472
separated,False,5.0,116,75,64.65517241379311,472
single_speaker,False,-4.0,116,91,78.44827586206897,472
single_speaker,False,-2.0,116,78,67.24137931034483,472
single_speaker,False,0.0,116,82,70.6896551724138,472
single_speaker,False,1.0,116,98,84.48275862068965,472
single_speaker,False,2.0,116,98,84.48275862068965,472
single_speaker,False,3.0,116,80,68.96551724137932,472
single_speaker,False,4.0,116,92,79.3103448275862,472
single_speaker,False,5.0,116,85,73.27586206896551,472
colocated,False,-4.0,116,74,63.793103448275865,473
colocated,False,-2.0,116,59,50.86206896551724,473
colocated,False,0.0,116,57,49.137931034482754,473
colocated,False,1.0,116,74,63.793103448275865,473
colocated,False,2.0,116,91,78.44827586206897,473
colocated,False,3.0,116,75,64.65517241379311,473
colocated,False,4.0,116,74,63.793103448275865,473
colocated,False,5.0,116,85,73.27586206896551,473
separated,False,-4.0,116,56,48.275862068965516,473
separated,False,-2.0,116,82,70.6896551724138,473
separated,False,0.0,116,69,59.48275862068966,473
separated,False,1.0,116,94,81.03448275862068,473
separated,False,2.0,116,74,63.793103448275865,473
separated,False,3.0,116,65,56.03448275862068,473
separated,False,4.0,116,77,66.37931034482759,473
separated,False,5.0,116,83,71.55172413793103,473
single_speaker,False,-4.0,116,82,70.6896551724138,473
single_speaker,False,-2.0,116,81,69.82758620689656,473
single_speaker,False,0.0,116,84,72.41379310344827,473
single_speaker,False,1.0,116,95,81.89655172413794,473
single_speaker,False,2.0,116,94,81.03448275862068,473
single_speaker,False,3.0,116,85,73.27586206896551,473
single_speaker,False,4.0,116,94,81.03448275862068,473
single_speaker,False,5.0,116,68,58.620689655172406,473
colocated,False,-4.0,116,65,56.03448275862068,474
colocated,False,-2.0,116,65,56.03448275862068,474
colocated,False,0.0,116,72,62.06896551724138,474
colocated,False,1.0,116,73,62.93103448275862,474
colocated,False,2.0,116,82,70.6896551724138,474
colocated,False,3.0,116,59,50.86206896551724,474
colocated,False,4.0,116,87,75.0,474
colocated,False,5.0,116,70,60.3448275862069,474
separated,False,-4.0,116,67,57.758620689655174,474
separated,False,-2.0,116,68,58.620689655172406,474
separated,False,0.0,116,80,68.96551724137932,474
separated,False,1.0,116,88,75.86206896551724,474
separated,False,2.0,116,76,65.51724137931035,474
separated,False,3.0,116,71,61.206896551724135,474
separated,False,4.0,116,85,73.27586206896551,474
separated,False,5.0,116,81,69.82758620689656,474
single_speaker,False,-4.0,116,91,78.44827586206897,474
single_speaker,False,-2.0,116,69,59.48275862068966,474
single_speaker,False,0.0,116,77,66.37931034482759,474
single_speaker,False,1.0,116,101,87.06896551724138,474
single_speaker,False,2.0,116,98,84.48275862068965,474
single_speaker,False,3.0,116,86,74.13793103448276,474
single_speaker,False,4.0,116,90,77.58620689655173,474
single_speaker,False,5.0,116,80,68.96551724137932,474
colocated,False,-4.0,116,66,56.896551724137936,475
colocated,False,-2.0,116,68,58.620689655172406,475
colocated,False,0.0,116,71,61.206896551724135,475
colocated,False,1.0,116,76,65.51724137931035,475
colocated,False,2.0,116,91,78.44827586206897,475
colocated,False,3.0,116,75,64.65517241379311,475
colocated,False,4.0,116,76,65.51724137931035,475
colocated,False,5.0,116,79,68.10344827586206,475
separated,False,-4.0,116,60,51.724137931034484,475
separated,False,-2.0,116,69,59.48275862068966,475
separated,False,0.0,116,79,68.10344827586206,475
separated,False,1.0,116,93,80.17241379310344,475
separated,False,2.0,116,70,60.3448275862069,475
separated,False,3.0,116,66,56.896551724137936,475
separated,False,4.0,116,88,75.86206896551724,475
separated,False,5.0,116,75,64.65517241379311,475
single_speaker,False,-4.0,116,86,74.13793103448276,475
single_speaker,False,-2.0,116,78,67.24137931034483,475
single_speaker,False,0.0,116,82,70.6896551724138,475
single_speaker,False,1.0,116,81,69.82758620689656,475
single_speaker,False,2.0,116,94,81.03448275862068,475
single_speaker,False,3.0,116,84,72.41379310344827,475
single_speaker,False,4.0,116,91,78.44827586206897,475
single_speaker,False,5.0,116,83,71.55172413793103,475
colocated,False,-4.0,116,66,56.896551724137936,476
colocated,False,-2.0,116,73,62.93103448275862,476
colocated,False,0.0,116,72,62.06896551724138,476
colocated,False,1.0,116,77,66.37931034482759,476
colocated,False,2.0,116,94,81.03448275862068,476
colocated,False,3.0,116,69,59.48275862068966,476
colocated,False,4.0,116,79,68.10344827586206,476
colocated,False,5.0,116,92,79.3103448275862,476
separated,False,-4.0,116,62,53.44827586206896,476
separated,False,-2.0,116,81,69.82758620689656,476
separated,False,0.0,116,73,62.93103448275862,476
separated,False,1.0,116,98,84.48275862068965,476
separated,False,2.0,116,65,56.03448275862068,476
separated,False,3.0,116,83,71.55172413793103,476
separated,False,4.0,116,83,71.55172413793103,476
separated,False,5.0,116,69,59.48275862068966,476
single_speaker,False,-4.0,116,81,69.82758620689656,476
single_speaker,False,-2.0,116,71,61.206896551724135,476
single_speaker,False,0.0,116,78,67.24137931034483,476
single_speaker,False,1.0,116,92,79.3103448275862,476
single_speaker,False,2.0,116,100,86.20689655172413,476
single_speaker,False,3.0,116,83,71.55172413793103,476
single_speaker,False,4.0,116,89,76.72413793103449,476
single_speaker,False,5.0,116,89,76.72413793103449,476
colocated,False,-4.0,116,68,58.620689655172406,477
colocated,False,-2.0,116,59,50.86206896551724,477
colocated,False,0.0,116,66,56.896551724137936,477
colocated,False,1.0,116,77,66.37931034482759,477
colocated,False,2.0,116,92,79.3103448275862,477
colocated,False,3.0,116,75,64.65517241379311,477
colocated,False,4.0,116,83,71.55172413793103,477
colocated,False,5.0,116,82,70.6896551724138,477
separated,False,-4.0,116,65,56.03448275862068,477
separated,False,-2.0,116,78,67.24137931034483,477
separated,False,0.0,116,72,62.06896551724138,477
separated,False,1.0,116,99,85.34482758620689,477
separated,False,2.0,116,79,68.10344827586206,477
separated,False,3.0,116,77,66.37931034482759,477
separated,False,4.0,116,78,67.24137931034483,477
separated,False,5.0,116,81,69.82758620689656,477
single_speaker,False,-4.0,116,83,71.55172413793103,477
single_speaker,False,-2.0,116,78,67.24137931034483,477
single_speaker,False,0.0,116,86,74.13793103448276,477
single_speaker,False,1.0,116,92,79.3103448275862,477
single_speaker,False,2.0,116,95,81.89655172413794,477
single_speaker,False,3.0,116,84,72.41379310344827,477
single_speaker,False,4.0,116,88,75.86206896551724,477
single_speaker,False,5.0,116,85,73.27586206896551,477
colocated,False,-4.0,116,68,58.620689655172406,478
colocated,False,-2.0,116,68,58.620689655172406,478
colocated,False,0.0,116,71,61.206896551724135,478
colocated,False,1.0,116,76,65.51724137931035,478
colocated,False,2.0,116,87,75.0,478
colocated,False,3.0,116,75,64.65517241379311,478
colocated,False,4.0,116,87,75.0,478
colocated,False,5.0,116,81,69.82758620689656,478
separated,False,-4.0,116,68,58.620689655172406,478
separated,False,-2.0,116,73,62.93103448275862,478
separated,False,0.0,116,74,63.793103448275865,478
separated,False,1.0,116,95,81.89655172413794,478
separated,False,2.0,116,75,64.65517241379311,478
separated,False,3.0,116,65,56.03448275862068,478
separated,False,4.0,116,67,57.758620689655174,478
separated,False,5.0,116,80,68.96551724137932,478
single_speaker,False,-4.0,116,86,74.13793103448276,478
single_speaker,False,-2.0,116,82,70.6896551724138,478
single_speaker,False,0.0,116,82,70.6896551724138,478
single_speaker,False,1.0,116,96,82.75862068965517,478
single_speaker,False,2.0,116,104,89.65517241379311,478
single_speaker,False,3.0,116,83,71.55172413793103,478
single_speaker,False,4.0,116,90,77.58620689655173,478
single_speaker,False,5.0,116,83,71.55172413793103,478
colocated,False,-4.0,116,66,56.896551724137936,479
colocated,False,-2.0,116,63,54.310344827586206,479
colocated,False,0.0,116,74,63.793103448275865,479
colocated,False,1.0,116,69,59.48275862068966,479
colocated,False,2.0,116,84,72.41379310344827,479
colocated,False,3.0,116,56,48.275862068965516,479
colocated,False,4.0,116,81,69.82758620689656,479
colocated,False,5.0,116,81,69.82758620689656,479
separated,False,-4.0,116,59,50.86206896551724,479
separated,False,-2.0,116,80,68.96551724137932,479
separated,False,0.0,116,66,56.896551724137936,479
separated,False,1.0,116,95,81.89655172413794,479
separated,False,2.0,116,79,68.10344827586206,479
separated,False,3.0,116,66,56.896551724137936,479
separated,False,4.0,116,79,68.10344827586206,479
separated,False,5.0,116,74,63.793103448275865,479
single_speaker,False,-4.0,116,91,78.44827586206897,479
single_speaker,False,-2.0,116,80,68.96551724137932,479
single_speaker,False,0.0,116,80,68.96551724137932,479
single_speaker,False,1.0,116,89,76.72413793103449,479
single_speaker,False,2.0,116,109,93.96551724137932,479
single_speaker,False,3.0,116,70,60.3448275862069,479
single_speaker,False,4.0,116,92,79.3103448275862,479
single_speaker,False,5.0,116,78,67.24137931034483,479
colocated,False,-4.0,116,60,51.724137931034484,480
colocated,False,-2.0,116,57,49.137931034482754,480
colocated,False,0.0,116,70,60.3448275862069,480
colocated,False,1.0,116,77,66.37931034482759,480
colocated,False,2.0,116,87,75.0,480
colocated,False,3.0,116,73,62.93103448275862,480
colocated,False,4.0,116,75,64.65517241379311,480
colocated,False,5.0,116,80,68.96551724137932,480
separated,False,-4.0,116,63,54.310344827586206,480
separated,False,-2.0,116,78,67.24137931034483,480
separated,False,0.0,116,74,63.793103448275865,480
separated,False,1.0,116,87,75.0,480
separated,False,2.0,116,71,61.206896551724135,480
separated,False,3.0,116,65,56.03448275862068,480
separated,False,4.0,116,84,72.41379310344827,480
separated,False,5.0,116,82,70.6896551724138,480
single_speaker,False,-4.0,116,85,73.27586206896551,480
single_speaker,False,-2.0,116,82,70.6896551724138,480
single_speaker,False,0.0,116,89,76.72413793103449,480
single_speaker,False,1.0,116,88,75.86206896551724,480
single_speaker,False,2.0,116,100,86.20689655172413,480
single_speaker,False,3.0,116,84,72.41379310344827,480
single_speaker,False,4.0,116,91,78.44827586206897,480
single_speaker,False,5.0,116,84,72.41379310344827,480
colocated,False,-4.0,116,66,56.896551724137936,481
colocated,False,-2.0,116,61,52.58620689655172,481
colocated,False,0.0,116,75,64.65517241379311,481
colocated,False,1.0,116,78,67.24137931034483,481
colocated,False,2.0,116,86,74.13793103448276,481
colocated,False,3.0,116,70,60.3448275862069,481
colocated,False,4.0,116,79,68.10344827586206,481
colocated,False,5.0,116,82,70.6896551724138,481
separated,False,-4.0,116,54,46.55172413793103,481
separated,False,-2.0,116,77,66.37931034482759,481
separated,False,0.0,116,73,62.93103448275862,481
separated,False,1.0,116,91,78.44827586206897,481
separated,False,2.0,116,71,61.206896551724135,481
separated,False,3.0,116,69,59.48275862068966,481
separated,False,4.0,116,81,69.82758620689656,481
separated,False,5.0,116,78,67.24137931034483,481
single_speaker,False,-4.0,116,86,74.13793103448276,481
single_speaker,False,-2.0,116,78,67.24137931034483,481
single_speaker,False,0.0,116,90,77.58620689655173,481
single_speaker,False,1.0,116,94,81.03448275862068,481
single_speaker,False,2.0,116,101,87.06896551724138,481
single_speaker,False,3.0,116,89,76.72413793103449,481
single_speaker,False,4.0,116,99,85.34482758620689,481
single_speaker,False,5.0,116,87,75.0,481
colocated,False,-4.0,116,69,59.48275862068966,482
colocated,False,-2.0,116,73,62.93103448275862,482
colocated,False,0.0,116,67,57.758620689655174,482
colocated,False,1.0,116,86,74.13793103448276,482
colocated,False,2.0,116,87,75.0,482
colocated,False,3.0,116,58,50.0,482
colocated,False,4.0,116,80,68.96551724137932,482
colocated,False,5.0,116,81,69.82758620689656,482
separated,False,-4.0,116,63,54.310344827586206,482
separated,False,-2.0,116,83,71.55172413793103,482
separated,False,0.0,116,83,71.55172413793103,482
separated,False,1.0,116,101,87.06896551724138,482
separated,False,2.0,116,72,62.06896551724138,482
separated,False,3.0,116,74,63.793103448275865,482
separated,False,4.0,116,80,68.96551724137932,482
separated,False,5.0,116,76,65.51724137931035,482
single_speaker,False,-4.0,116,87,75.0,482
single_speaker,False,-2.0,116,79,68.10344827586206,482
single_speaker,False,0.0,116,88,75.86206896551724,482
single_speaker,False,1.0,116,96,82.75862068965517,482
single_speaker,False,2.0,116,95,81.89655172413794,482
single_speaker,False,3.0,116,84,72.41379310344827,482
single_speaker,False,4.0,116,93,80.17241379310344,482
single_speaker,False,5.0,116,87,75.0,482
colocated,False,-4.0,116,62,53.44827586206896,483
colocated,False,-2.0,116,68,58.620689655172406,483
colocated,False,0.0,116,72,62.06896551724138,483
colocated,False,1.0,116,80,68.96551724137932,483
colocated,False,2.0,116,84,72.41379310344827,483
colocated,False,3.0,116,67,57.758620689655174,483
colocated,False,4.0,116,80,68.96551724137932,483
colocated,False,5.0,116,70,60.3448275862069,483
separated,False,-4.0,116,61,52.58620689655172,483
separated,False,-2.0,116,77,66.37931034482759,483
separated,False,0.0,116,81,69.82758620689656,483
separated,False,1.0,116,99,85.34482758620689,483
separated,False,2.0,116,79,68.10344827586206,483
separated,False,3.0,116,67,57.758620689655174,483
separated,False,4.0,116,87,75.0,483
separated,False,5.0,116,82,70.6896551724138,483
single_speaker,False,-4.0,116,85,73.27586206896551,483
single_speaker,False,-2.0,116,81,69.82758620689656,483
single_speaker,False,0.0,116,93,80.17241379310344,483
single_speaker,False,1.0,116,95,81.89655172413794,483
single_speaker,False,2.0,116,91,78.44827586206897,483
single_speaker,False,3.0,116,82,70.6896551724138,483
single_speaker,False,4.0,116,94,81.03448275862068,483
single_speaker,False,5.0,116,80,68.96551724137932,483
colocated,False,-4.0,116,69,59.48275862068966,484
colocated,False,-2.0,116,71,61.206896551724135,484
colocated,False,0.0,116,75,64.65517241379311,484
colocated,False,1.0,116,81,69.82758620689656,484
colocated,False,2.0,116,85,73.27586206896551,484
colocated,False,3.0,116,66,56.896551724137936,484
colocated,False,4.0,116,82,70.6896551724138,484
colocated,False,5.0,116,80,68.96551724137932,484
separated,False,-4.0,116,58,50.0,484
separated,False,-2.0,116,75,64.65517241379311,484
separated,False,0.0,116,74,63.793103448275865,484
separated,False,1.0,116,87,75.0,484
separated,False,2.0,116,72,62.06896551724138,484
separated,False,3.0,116,75,64.65517241379311,484
separated,False,4.0,116,85,73.27586206896551,484
separated,False,5.0,116,76,65.51724137931035,484
single_speaker,False,-4.0,116,83,71.55172413793103,484
single_speaker,False,-2.0,116,82,70.6896551724138,484
single_speaker,False,0.0,116,80,68.96551724137932,484
single_speaker,False,1.0,116,95,81.89655172413794,484
single_speaker,False,2.0,116,106,91.37931034482759,484
single_speaker,False,3.0,116,85,73.27586206896551,484
single_speaker,False,4.0,116,94,81.03448275862068,484
single_speaker,False,5.0,116,84,72.41379310344827,484
colocated,False,-4.0,116,60,51.724137931034484,485
colocated,False,-2.0,116,61,52.58620689655172,485
colocated,False,0.0,116,73,62.93103448275862,485
colocated,False,1.0,116,74,63.793103448275865,485
colocated,False,2.0,116,84,72.41379310344827,485
colocated,False,3.0,116,60,51.724137931034484,485
colocated,False,4.0,116,77,66.37931034482759,485
colocated,False,5.0,116,72,62.06896551724138,485
separated,False,-4.0,116,59,50.86206896551724,485
separated,False,-2.0,116,72,62.06896551724138,485
separated,False,0.0,116,73,62.93103448275862,485
separated,False,1.0,116,87,75.0,485
separated,False,2.0,116,80,68.96551724137932,485
separated,False,3.0,116,76,65.51724137931035,485
separated,False,4.0,116,82,70.6896551724138,485
separated,False,5.0,116,72,62.06896551724138,485
single_speaker,False,-4.0,116,87,75.0,485
single_speaker,False,-2.0,116,88,75.86206896551724,485
single_speaker,False,0.0,116,85,73.27586206896551,485
single_speaker,False,1.0,116,101,87.06896551724138,485
single_speaker,False,2.0,116,95,81.89655172413794,485
single_speaker,False,3.0,116,85,73.27586206896551,485
single_speaker,False,4.0,116,92,79.3103448275862,485
single_speaker,False,5.0,116,85,73.27586206896551,485
colocated,False,-4.0,116,68,58.620689655172406,486
colocated,False,-2.0,116,61,52.58620689655172,486
colocated,False,0.0,116,72,62.06896551724138,486
colocated,False,1.0,116,81,69.82758620689656,486
colocated,False,2.0,116,83,71.55172413793103,486
colocated,False,3.0,116,63,54.310344827586206,486
colocated,False,4.0,116,83,71.55172413793103,486
colocated,False,5.0,116,84,72.41379310344827,486
separated,False,-4.0,116,55,47.41379310344828,486
separated,False,-2.0,116,70,60.3448275862069,486
separated,False,0.0,116,78,67.24137931034483,486
separated,False,1.0,116,88,75.86206896551724,486
separated,False,2.0,116,74,63.793103448275865,486
separated,False,3.0,116,71,61.206896551724135,486
separated,False,4.0,116,79,68.10344827586206,486
separated,False,5.0,116,72,62.06896551724138,486
single_speaker,False,-4.0,116,94,81.03448275862068,486
single_speaker,False,-2.0,116,77,66.37931034482759,486
single_speaker,False,0.0,116,82,70.6896551724138,486
single_speaker,False,1.0,116,91,78.44827586206897,486
single_speaker,False,2.0,116,95,81.89655172413794,486
single_speaker,False,3.0,116,88,75.86206896551724,486
single_speaker,False,4.0,116,92,79.3103448275862,486
single_speaker,False,5.0,116,78,67.24137931034483,486
colocated,False,-4.0,116,67,57.758620689655174,487
colocated,False,-2.0,116,67,57.758620689655174,487
colocated,False,0.0,116,66,56.896551724137936,487
colocated,False,1.0,116,75,64.65517241379311,487
colocated,False,2.0,116,90,77.58620689655173,487
colocated,False,3.0,116,61,52.58620689655172,487
colocated,False,4.0,116,83,71.55172413793103,487
colocated,False,5.0,116,80,68.96551724137932,487
separated,False,-4.0,116,61,52.58620689655172,487
separated,False,-2.0,116,79,68.10344827586206,487
separated,False,0.0,116,82,70.6896551724138,487
separated,False,1.0,116,96,82.75862068965517,487
separated,False,2.0,116,70,60.3448275862069,487
separated,False,3.0,116,67,57.758620689655174,487
separated,False,4.0,116,83,71.55172413793103,487
separated,False,5.0,116,69,59.48275862068966,487
single_speaker,False,-4.0,116,88,75.86206896551724,487
single_speaker,False,-2.0,116,84,72.41379310344827,487
single_speaker,False,0.0,116,84,72.41379310344827,487
single_speaker,False,1.0,116,95,81.89655172413794,487
single_speaker,False,2.0,116,93,80.17241379310344,487
single_speaker,False,3.0,116,84,72.41379310344827,487
single_speaker,False,4.0,116,97,83.62068965517241,487
single_speaker,False,5.0,116,83,71.55172413793103,487
colocated,False,-4.0,116,59,50.86206896551724,488
colocated,False,-2.0,116,65,56.03448275862068,488
colocated,False,0.0,116,85,73.27586206896551,488
colocated,False,1.0,116,76,65.51724137931035,488
colocated,False,2.0,116,82,70.6896551724138,488
colocated,False,3.0,116,67,57.758620689655174,488
colocated,False,4.0,116,85,73.27586206896551,488
colocated,False,5.0,116,82,70.6896551724138,488
separated,False,-4.0,116,69,59.48275862068966,488
separated,False,-2.0,116,82,70.6896551724138,488
separated,False,0.0,116,69,59.48275862068966,488
separated,False,1.0,116,86,74.13793103448276,488
separated,False,2.0,116,68,58.620689655172406,488
separated,False,3.0,116,74,63.793103448275865,488
separated,False,4.0,116,86,74.13793103448276,488
separated,False,5.0,116,76,65.51724137931035,488
single_speaker,False,-4.0,116,87,75.0,488
single_speaker,False,-2.0,116,86,74.13793103448276,488
single_speaker,False,0.0,116,93,80.17241379310344,488
single_speaker,False,1.0,116,92,79.3103448275862,488
single_speaker,False,2.0,116,101,87.06896551724138,488
single_speaker,False,3.0,116,78,67.24137931034483,488
single_speaker,False,4.0,116,94,81.03448275862068,488
single_speaker,False,5.0,116,82,70.6896551724138,488
colocated,False,-4.0,116,72,62.06896551724138,489
colocated,False,-2.0,116,69,59.48275862068966,489
colocated,False,0.0,116,62,53.44827586206896,489
colocated,False,1.0,116,79,68.10344827586206,489
colocated,False,2.0,116,83,71.55172413793103,489
colocated,False,3.0,116,65,56.03448275862068,489
colocated,False,4.0,116,80,68.96551724137932,489
colocated,False,5.0,116,82,70.6896551724138,489
separated,False,-4.0,116,71,61.206896551724135,489
separated,False,-2.0,116,74,63.793103448275865,489
separated,False,0.0,116,78,67.24137931034483,489
separated,False,1.0,116,94,81.03448275862068,489
separated,False,2.0,116,73,62.93103448275862,489
separated,False,3.0,116,77,66.37931034482759,489
separated,False,4.0,116,83,71.55172413793103,489
separated,False,5.0,116,81,69.82758620689656,489
single_speaker,False,-4.0,116,88,75.86206896551724,489
single_speaker,False,-2.0,116,86,74.13793103448276,489
single_speaker,False,0.0,116,82,70.6896551724138,489
single_speaker,False,1.0,116,97,83.62068965517241,489
single_speaker,False,2.0,116,103,88.79310344827587,489
single_speaker,False,3.0,116,78,67.24137931034483,489
single_speaker,False,4.0,116,90,77.58620689655173,489
single_speaker,False,5.0,116,84,72.41379310344827,489
colocated,False,-4.0,116,72,62.06896551724138,490
colocated,False,-2.0,116,63,54.310344827586206,490
colocated,False,0.0,116,73,62.93103448275862,490
colocated,False,1.0,116,75,64.65517241379311,490
colocated,False,2.0,116,86,74.13793103448276,490
colocated,False,3.0,116,71,61.206896551724135,490
colocated,False,4.0,116,85,73.27586206896551,490
colocated,False,5.0,116,82,70.6896551724138,490
separated,False,-4.0,116,67,57.758620689655174,490
separated,False,-2.0,116,69,59.48275862068966,490
separated,False,0.0,116,69,59.48275862068966,490
separated,False,1.0,116,97,83.62068965517241,490
separated,False,2.0,116,72,62.06896551724138,490
separated,False,3.0,116,71,61.206896551724135,490
separated,False,4.0,116,85,73.27586206896551,490
separated,False,5.0,116,81,69.82758620689656,490
single_speaker,False,-4.0,116,87,75.0,490
single_speaker,False,-2.0,116,80,68.96551724137932,490
single_speaker,False,0.0,116,87,75.0,490
single_speaker,False,1.0,116,93,80.17241379310344,490
single_speaker,False,2.0,116,98,84.48275862068965,490
single_speaker,False,3.0,116,74,63.793103448275865,490
single_speaker,False,4.0,116,99,85.34482758620689,490
single_speaker,False,5.0,116,79,68.10344827586206,490
colocated,False,-4.0,116,63,54.310344827586206,491
colocated,False,-2.0,116,72,62.06896551724138,491
colocated,False,0.0,116,68,58.620689655172406,491
colocated,False,1.0,116,71,61.206896551724135,491
colocated,False,2.0,116,78,67.24137931034483,491
colocated,False,3.0,116,68,58.620689655172406,491
colocated,False,4.0,116,82,70.6896551724138,491
colocated,False,5.0,116,80,68.96551724137932,491
separated,False,-4.0,116,63,54.310344827586206,491
separated,False,-2.0,116,76,65.51724137931035,491
separated,False,0.0,116,75,64.65517241379311,491
separated,False,1.0,116,92,79.3103448275862,491
separated,False,2.0,116,78,67.24137931034483,491
separated,False,3.0,116,72,62.06896551724138,491
separated,False,4.0,116,83,71.55172413793103,491
separated,False,5.0,116,77,66.37931034482759,491
single_speaker,False,-4.0,116,81,69.82758620689656,491
single_speaker,False,-2.0,116,82,70.6896551724138,491
single_speaker,False,0.0,116,79,68.10344827586206,491
single_speaker,False,1.0,116,89,76.72413793103449,491
single_speaker,False,2.0,116,96,82.75862068965517,491
single_speaker,False,3.0,116,86,74.13793103448276,491
single_speaker,False,4.0,116,95,81.89655172413794,491
single_speaker,False,5.0,116,88,75.86206896551724,491
colocated,False,-4.0,116,65,56.03448275862068,492
colocated,False,-2.0,116,67,57.758620689655174,492
colocated,False,0.0,116,69,59.48275862068966,492
colocated,False,1.0,116,73,62.93103448275862,492
colocated,False,2.0,116,86,74.13793103448276,492
colocated,False,3.0,116,56,48.275862068965516,492
colocated,False,4.0,116,73,62.93103448275862,492
colocated,False,5.0,116,83,71.55172413793103,492
separated,False,-4.0,116,60,51.724137931034484,492
separated,False,-2.0,116,74,63.793103448275865,492
separated,False,0.0,116,86,74.13793103448276,492
separated,False,1.0,116,94,81.03448275862068,492
separated,False,2.0,116,70,60.3448275862069,492
separated,False,3.0,116,68,58.620689655172406,492
separated,False,4.0,116,83,71.55172413793103,492
separated,False,5.0,116,74,63.793103448275865,492
single_speaker,False,-4.0,116,87,75.0,492
single_speaker,False,-2.0,116,87,75.0,492
single_speaker,False,0.0,116,94,81.03448275862068,492
single_speaker,False,1.0,116,97,83.62068965517241,492
single_speaker,False,2.0,116,94,81.03448275862068,492
single_speaker,False,3.0,116,78,67.24137931034483,492
single_speaker,False,4.0,116,92,79.3103448275862,492
single_speaker,False,5.0,116,79,68.10344827586206,492
colocated,False,-4.0,116,65,56.03448275862068,493
colocated,False,-2.0,116,64,55.172413793103445,493
colocated,False,0.0,116,85,73.27586206896551,493
colocated,False,1.0,116,74,63.793103448275865,493
colocated,False,2.0,116,91,78.44827586206897,493
colocated,False,3.0,116,71,61.206896551724135,493
colocated,False,4.0,116,83,71.55172413793103,493
colocated,False,5.0,116,80,68.96551724137932,493
separated,False,-4.0,116,61,52.58620689655172,493
separated,False,-2.0,116,76,65.51724137931035,493
separated,False,0.0,116,77,66.37931034482759,493
separated,False,1.0,116,98,84.48275862068965,493
separated,False,2.0,116,73,62.93103448275862,493
separated,False,3.0,116,69,59.48275862068966,493
separated,False,4.0,116,82,70.6896551724138,493
separated,False,5.0,116,76,65.51724137931035,493
single_speaker,False,-4.0,116,81,69.82758620689656,493
single_speaker,False,-2.0,116,79,68.10344827586206,493
single_speaker,False,0.0,116,91,78.44827586206897,493
single_speaker,False,1.0,116,96,82.75862068965517,493
single_speaker,False,2.0,116,107,92.24137931034483,493
single_speaker,False,3.0,116,81,69.82758620689656,493
single_speaker,False,4.0,116,97,83.62068965517241,493
single_speaker,False,5.0,116,80,68.96551724137932,493
colocated,False,-4.0,116,66,56.896551724137936,494
colocated,False,-2.0,116,60,51.724137931034484,494
colocated,False,0.0,116,66,56.896551724137936,494
colocated,False,1.0,116,84,72.41379310344827,494
colocated,False,2.0,116,87,75.0,494
colocated,False,3.0,116,68,58.620689655172406,494
colocated,False,4.0,116,84,72.41379310344827,494
colocated,False,5.0,116,84,72.41379310344827,494
separated,False,-4.0,116,62,53.44827586206896,494
separated,False,-2.0,116,74,63.793103448275865,494
separated,False,0.0,116,72,62.06896551724138,494
separated,False,1.0,116,89,76.72413793103449,494
separated,False,2.0,116,81,69.82758620689656,494
separated,False,3.0,116,66,56.896551724137936,494
separated,False,4.0,116,70,60.3448275862069,494
separated,False,5.0,116,82,70.6896551724138,494
single_speaker,False,-4.0,116,88,75.86206896551724,494
single_speaker,False,-2.0,116,83,71.55172413793103,494
single_speaker,False,0.0,116,86,74.13793103448276,494
single_speaker,False,1.0,116,93,80.17241379310344,494
single_speaker,False,2.0,116,101,87.06896551724138,494
single_speaker,False,3.0,116,78,67.24137931034483,494
single_speaker,False,4.0,116,95,81.89655172413794,494
single_speaker,False,5.0,116,80,68.96551724137932,494
colocated,False,-4.0,116,63,54.310344827586206,495
colocated,False,-2.0,116,77,66.37931034482759,495
colocated,False,0.0,116,64,55.172413793103445,495
colocated,False,1.0,116,81,69.82758620689656,495
colocated,False,2.0,116,91,78.44827586206897,495
colocated,False,3.0,116,73,62.93103448275862,495
colocated,False,4.0,116,81,69.82758620689656,495
colocated,False,5.0,116,83,71.55172413793103,495
separated,False,-4.0,116,58,50.0,495
separated,False,-2.0,116,73,62.93103448275862,495
separated,False,0.0,116,72,62.06896551724138,495
separated,False,1.0,116,98,84.48275862068965,495
separated,False,2.0,116,64,55.172413793103445,495
separated,False,3.0,116,76,65.51724137931035,495
separated,False,4.0,116,87,75.0,495
separated,False,5.0,116,80,68.96551724137932,495
single_speaker,False,-4.0,116,81,69.82758620689656,495
single_speaker,False,-2.0,116,81,69.82758620689656,495
single_speaker,False,0.0,116,80,68.96551724137932,495
single_speaker,False,1.0,116,92,79.3103448275862,495
single_speaker,False,2.0,116,99,85.34482758620689,495
single_speaker,False,3.0,116,78,67.24137931034483,495
single_speaker,False,4.0,116,88,75.86206896551724,495
single_speaker,False,5.0,116,90,77.58620689655173,495
colocated,False,-4.0,116,64,55.172413793103445,496
colocated,False,-2.0,116,55,47.41379310344828,496
colocated,False,0.0,116,80,68.96551724137932,496
colocated,False,1.0,116,84,72.41379310344827,496
colocated,False,2.0,116,81,69.82758620689656,496
colocated,False,3.0,116,56,48.275862068965516,496
colocated,False,4.0,116,80,68.96551724137932,496
colocated,False,5.0,116,78,67.24137931034483,496
separated,False,-4.0,116,71,61.206896551724135,496
separated,False,-2.0,116,73,62.93103448275862,496
separated,False,0.0,116,69,59.48275862068966,496
separated,False,1.0,116,92,79.3103448275862,496
separated,False,2.0,116,77,66.37931034482759,496
separated,False,3.0,116,73,62.93103448275862,496
separated,False,4.0,116,85,73.27586206896551,496
separated,False,5.0,116,69,59.48275862068966,496
single_speaker,False,-4.0,116,88,75.86206896551724,496
single_speaker,False,-2.0,116,87,75.0,496
single_speaker,False,0.0,116,82,70.6896551724138,496
single_speaker,False,1.0,116,89,76.72413793103449,496
single_speaker,False,2.0,116,97,83.62068965517241,496
single_speaker,False,3.0,116,80,68.96551724137932,496
single_speaker,False,4.0,116,95,81.89655172413794,496
single_speaker,False,5.0,116,92,79.3103448275862,496
colocated,False,-4.0,116,58,50.0,497
colocated,False,-2.0,116,73,62.93103448275862,497
colocated,False,0.0,116,78,67.24137931034483,497
colocated,False,1.0,116,80,68.96551724137932,497
colocated,False,2.0,116,87,75.0,497
colocated,False,3.0,116,72,62.06896551724138,497
colocated,False,4.0,116,73,62.93103448275862,497
colocated,False,5.0,116,78,67.24137931034483,497
separated,False,-4.0,116,64,55.172413793103445,497
separated,False,-2.0,116,74,63.793103448275865,497
separated,False,0.0,116,74,63.793103448275865,497
separated,False,1.0,116,94,81.03448275862068,497
separated,False,2.0,116,70,60.3448275862069,497
separated,False,3.0,116,70,60.3448275862069,497
separated,False,4.0,116,78,67.24137931034483,497
separated,False,5.0,116,83,71.55172413793103,497
single_speaker,False,-4.0,116,89,76.72413793103449,497
single_speaker,False,-2.0,116,83,71.55172413793103,497
single_speaker,False,0.0,116,85,73.27586206896551,497
single_speaker,False,1.0,116,95,81.89655172413794,497
single_speaker,False,2.0,116,96,82.75862068965517,497
single_speaker,False,3.0,116,82,70.6896551724138,497
single_speaker,False,4.0,116,89,76.72413793103449,497
single_speaker,False,5.0,116,91,78.44827586206897,497
colocated,False,-4.0,116,68,58.620689655172406,498
colocated,False,-2.0,116,72,62.06896551724138,498
colocated,False,0.0,116,74,63.793103448275865,498
colocated,False,1.0,116,76,65.51724137931035,498
colocated,False,2.0,116,86,74.13793103448276,498
colocated,False,3.0,116,59,50.86206896551724,498
colocated,False,4.0,116,71,61.206896551724135,498
colocated,False,5.0,116,73,62.93103448275862,498
separated,False,-4.0,116,53,45.689655172413794,498
separated,False,-2.0,116,84,72.41379310344827,498
separated,False,0.0,116,73,62.93103448275862,498
separated,False,1.0,116,90,77.58620689655173,498
separated,False,2.0,116,78,67.24137931034483,498
separated,False,3.0,116,68,58.620689655172406,498
separated,False,4.0,116,82,70.6896551724138,498
separated,False,5.0,116,77,66.37931034482759,498
single_speaker,False,-4.0,116,80,68.96551724137932,498
single_speaker,False,-2.0,116,81,69.82758620689656,498
single_speaker,False,0.0,116,83,71.55172413793103,498
single_speaker,False,1.0,116,97,83.62068965517241,498
single_speaker,False,2.0,116,96,82.75862068965517,498
single_speaker,False,3.0,116,78,67.24137931034483,498
single_speaker,False,4.0,116,88,75.86206896551724,498
single_speaker,False,5.0,116,84,72.41379310344827,498
colocated,False,-4.0,116,66,56.896551724137936,499
colocated,False,-2.0,116,65,56.03448275862068,499
colocated,False,0.0,116,70,60.3448275862069,499
colocated,False,1.0,116,70,60.3448275862069,499
colocated,False,2.0,116,85,73.27586206896551,499
colocated,False,3.0,116,60,51.724137931034484,499
colocated,False,4.0,116,83,71.55172413793103,499
colocated,False,5.0,116,78,67.24137931034483,499
separated,False,-4.0,116,55,47.41379310344828,499
separated,False,-2.0,116,80,68.96551724137932,499
separated,False,0.0,116,72,62.06896551724138,499
separated,False,1.0,116,91,78.44827586206897,499
separated,False,2.0,116,84,72.41379310344827,499
separated,False,3.0,116,72,62.06896551724138,499
separated,False,4.0,116,79,68.10344827586206,499
separated,False,5.0,116,77,66.37931034482759,499
single_speaker,False,-4.0,116,88,75.86206896551724,499
single_speaker,False,-2.0,116,86,74.13793103448276,499
single_speaker,False,0.0,116,76,65.51724137931035,499
single_speaker,False,1.0,116,98,84.48275862068965,499
single_speaker,False,2.0,116,103,88.79310344827587,499
single_speaker,False,3.0,116,86,74.13793103448276,499
single_speaker,False,4.0,116,95,81.89655172413794,499
single_speaker,False,5.0,116,82,70.6896551724138,499
colocated,False,-4.0,116,60,51.724137931034484,500
colocated,False,-2.0,116,74,63.793103448275865,500
colocated,False,0.0,116,65,56.03448275862068,500
colocated,False,1.0,116,79,68.10344827586206,500
colocated,False,2.0,116,89,76.72413793103449,500
colocated,False,3.0,116,63,54.310344827586206,500
colocated,False,4.0,116,77,66.37931034482759,500
colocated,False,5.0,116,90,77.58620689655173,500
separated,False,-4.0,116,60,51.724137931034484,500
separated,False,-2.0,116,71,61.206896551724135,500
separated,False,0.0,116,78,67.24137931034483,500
separated,False,1.0,116,90,77.58620689655173,500
separated,False,2.0,116,76,65.51724137931035,500
separated,False,3.0,116,75,64.65517241379311,500
separated,False,4.0,116,87,75.0,500
separated,False,5.0,116,75,64.65517241379311,500
single_speaker,False,-4.0,116,84,72.41379310344827,500
single_speaker,False,-2.0,116,78,67.24137931034483,500
single_speaker,False,0.0,116,73,62.93103448275862,500
single_speaker,False,1.0,116,90,77.58620689655173,500
single_speaker,False,2.0,116,107,92.24137931034483,500
single_speaker,False,3.0,116,81,69.82758620689656,500
single_speaker,False,4.0,116,96,82.75862068965517,500
single_speaker,False,5.0,116,78,67.24137931034483,500
colocated,False,-4.0,116,70,60.3448275862069,501
colocated,False,-2.0,116,70,60.3448275862069,501
colocated,False,0.0,116,71,61.206896551724135,501
colocated,False,1.0,116,74,63.793103448275865,501
colocated,False,2.0,116,84,72.41379310344827,501
colocated,False,3.0,116,67,57.758620689655174,501
colocated,False,4.0,116,82,70.6896551724138,501
colocated,False,5.0,116,71,61.206896551724135,501
separated,False,-4.0,116,55,47.41379310344828,501
separated,False,-2.0,116,73,62.93103448275862,501
separated,False,0.0,116,72,62.06896551724138,501
separated,False,1.0,116,103,88.79310344827587,501
separated,False,2.0,116,75,64.65517241379311,501
separated,False,3.0,116,68,58.620689655172406,501
separated,False,4.0,116,82,70.6896551724138,501
separated,False,5.0,116,84,72.41379310344827,501
single_speaker,False,-4.0,116,94,81.03448275862068,501
single_speaker,False,-2.0,116,81,69.82758620689656,501
single_speaker,False,0.0,116,87,75.0,501
single_speaker,False,1.0,116,96,82.75862068965517,501
single_speaker,False,2.0,116,101,87.06896551724138,501
single_speaker,False,3.0,116,81,69.82758620689656,501
single_speaker,False,4.0,116,97,83.62068965517241,501
single_speaker,False,5.0,116,81,69.82758620689656,501
colocated,False,-4.0,116,62,53.44827586206896,502
colocated,False,-2.0,116,62,53.44827586206896,502
colocated,False,0.0,116,69,59.48275862068966,502
colocated,False,1.0,116,84,72.41379310344827,502
colocated,False,2.0,116,85,73.27586206896551,502
colocated,False,3.0,116,61,52.58620689655172,502
colocated,False,4.0,116,87,75.0,502
colocated,False,5.0,116,71,61.206896551724135,502
separated,False,-4.0,116,70,60.3448275862069,502
separated,False,-2.0,116,69,59.48275862068966,502
separated,False,0.0,116,84,72.41379310344827,502
separated,False,1.0,116,85,73.27586206896551,502
separated,False,2.0,116,79,68.10344827586206,502
separated,False,3.0,116,72,62.06896551724138,502
separated,False,4.0,116,77,66.37931034482759,502
separated,False,5.0,116,78,67.24137931034483,502
single_speaker,False,-4.0,116,87,75.0,502
single_speaker,False,-2.0,116,90,77.58620689655173,502
single_speaker,False,0.0,116,88,75.86206896551724,502
single_speaker,False,1.0,116,91,78.44827586206897,502
single_speaker,False,2.0,116,105,90.51724137931035,502
single_speaker,False,3.0,116,80,68.96551724137932,502
single_speaker,False,4.0,116,93,80.17241379310344,502
single_speaker,False,5.0,116,81,69.82758620689656,502
colocated,False,-4.0,116,64,55.172413793103445,503
colocated,False,-2.0,116,71,61.206896551724135,503
colocated,False,0.0,116,70,60.3448275862069,503
colocated,False,1.0,116,80,68.96551724137932,503
colocated,False,2.0,116,81,69.82758620689656,503
colocated,False,3.0,116,68,58.620689655172406,503
colocated,False,4.0,116,74,63.793103448275865,503
colocated,False,5.0,116,81,69.82758620689656,503
separated,False,-4.0,116,59,50.86206896551724,503
separated,False,-2.0,116,70,60.3448275862069,503
separated,False,0.0,116,74,63.793103448275865,503
separated,False,1.0,116,92,79.3103448275862,503
separated,False,2.0,116,70,60.3448275862069,503
separated,False,3.0,116,76,65.51724137931035,503
separated,False,4.0,116,79,68.10344827586206,503
separated,False,5.0,116,82,70.6896551724138,503
single_speaker,False,-4.0,116,88,75.86206896551724,503
single_speaker,False,-2.0,116,88,75.86206896551724,503
single_speaker,False,0.0,116,85,73.27586206896551,503
single_speaker,False,1.0,116,89,76.72413793103449,503
single_speaker,False,2.0,116,95,81.89655172413794,503
single_speaker,False,3.0,116,85,73.27586206896551,503
single_speaker,False,4.0,116,86,74.13793103448276,503
single_speaker,False,5.0,116,86,74.13793103448276,503
colocated,False,-4.0,116,62,53.44827586206896,504
colocated,False,-2.0,116,63,54.310344827586206,504
colocated,False,0.0,116,73,62.93103448275862,504
colocated,False,1.0,116,83,71.55172413793103,504
colocated,False,2.0,116,88,75.86206896551724,504
colocated,False,3.0,116,67,57.758620689655174,504
colocated,False,4.0,116,84,72.41379310344827,504
colocated,False,5.0,116,90,77.58620689655173,504
separated,False,-4.0,116,58,50.0,504
separated,False,-2.0,116,69,59.48275862068966,504
separated,False,0.0,116,87,75.0,504
separated,False,1.0,116,91,78.44827586206897,504
separated,False,2.0,116,82,70.6896551724138,504
separated,False,3.0,116,79,68.10344827586206,504
separated,False,4.0,116,80,68.96551724137932,504
separated,False,5.0,116,75,64.65517241379311,504
single_speaker,False,-4.0,116,89,76.72413793103449,504
single_speaker,False,-2.0,116,89,76.72413793103449,504
single_speaker,False,0.0,116,79,68.10344827586206,504
single_speaker,False,1.0,116,94,81.03448275862068,504
single_speaker,False,2.0,116,103,88.79310344827587,504
single_speaker,False,3.0,116,85,73.27586206896551,504
single_speaker,False,4.0,116,90,77.58620689655173,504
single_speaker,False,5.0,116,88,75.86206896551724,504
colocated,False,-4.0,116,64,55.172413793103445,505
colocated,False,-2.0,116,62,53.44827586206896,505
colocated,False,0.0,116,76,65.51724137931035,505
colocated,False,1.0,116,77,66.37931034482759,505
colocated,False,2.0,116,94,81.03448275862068,505
colocated,False,3.0,116,65,56.03448275862068,505
colocated,False,4.0,116,77,66.37931034482759,505
colocated,False,5.0,116,84,72.41379310344827,505
separated,False,-4.0,116,58,50.0,505
separated,False,-2.0,116,77,66.37931034482759,505
separated,False,0.0,116,76,65.51724137931035,505
separated,False,1.0,116,94,81.03448275862068,505
separated,False,2.0,116,68,58.620689655172406,505
separated,False,3.0,116,68,58.620689655172406,505
separated,False,4.0,116,85,73.27586206896551,505
separated,False,5.0,116,75,64.65517241379311,505
single_speaker,False,-4.0,116,95,81.89655172413794,505
single_speaker,False,-2.0,116,83,71.55172413793103,505
single_speaker,False,0.0,116,91,78.44827586206897,505
single_speaker,False,1.0,116,90,77.58620689655173,505
single_speaker,False,2.0,116,98,84.48275862068965,505
single_speaker,False,3.0,116,83,71.55172413793103,505
single_speaker,False,4.0,116,95,81.89655172413794,505
single_speaker,False,5.0,116,92,79.3103448275862,505
colocated,False,-4.0,116,65,56.03448275862068,506
colocated,False,-2.0,116,65,56.03448275862068,506
colocated,False,0.0,116,74,63.793103448275865,506
colocated,False,1.0,116,73,62.93103448275862,506
colocated,False,2.0,116,87,75.0,506
colocated,False,3.0,116,66,56.896551724137936,506
colocated,False,4.0,116,82,70.6896551724138,506
colocated,False,5.0,116,82,70.6896551724138,506
separated,False,-4.0,116,65,56.03448275862068,506
separated,False,-2.0,116,70,60.3448275862069,506
separated,False,0.0,116,77,66.37931034482759,506
separated,False,1.0,116,96,82.75862068965517,506
separated,False,2.0,116,78,67.24137931034483,506
separated,False,3.0,116,69,59.48275862068966,506
separated,False,4.0,116,84,72.41379310344827,506
separated,False,5.0,116,72,62.06896551724138,506
single_speaker,False,-4.0,116,88,75.86206896551724,506
single_speaker,False,-2.0,116,78,67.24137931034483,506
single_speaker,False,0.0,116,84,72.41379310344827,506
single_speaker,False,1.0,116,91,78.44827586206897,506
single_speaker,False,2.0,116,103,88.79310344827587,506
single_speaker,False,3.0,116,83,71.55172413793103,506
single_speaker,False,4.0,116,99,85.34482758620689,506
single_speaker,False,5.0,116,80,68.96551724137932,506
colocated,False,-4.0,116,71,61.206896551724135,507
colocated,False,-2.0,116,68,58.620689655172406,507
colocated,False,0.0,116,58,50.0,507
colocated,False,1.0,116,81,69.82758620689656,507
colocated,False,2.0,116,86,74.13793103448276,507
colocated,False,3.0,116,66,56.896551724137936,507
colocated,False,4.0,116,75,64.65517241379311,507
colocated,False,5.0,116,84,72.41379310344827,507
separated,False,-4.0,116,68,58.620689655172406,507
separated,False,-2.0,116,85,73.27586206896551,507
separated,False,0.0,116,78,67.24137931034483,507
separated,False,1.0,116,95,81.89655172413794,507
separated,False,2.0,116,77,66.37931034482759,507
separated,False,3.0,116,71,61.206896551724135,507
separated,False,4.0,116,86,74.13793103448276,507
separated,False,5.0,116,80,68.96551724137932,507
single_speaker,False,-4.0,116,90,77.58620689655173,507
single_speaker,False,-2.0,116,76,65.51724137931035,507
single_speaker,False,0.0,116,84,72.41379310344827,507
single_speaker,False,1.0,116,87,75.0,507
single_speaker,False,2.0,116,102,87.93103448275862,507
single_speaker,False,3.0,116,89,76.72413793103449,507
single_speaker,False,4.0,116,85,73.27586206896551,507
single_speaker,False,5.0,116,87,75.0,507
colocated,False,-4.0,116,64,55.172413793103445,508
colocated,False,-2.0,116,75,64.65517241379311,508
colocated,False,0.0,116,77,66.37931034482759,508
colocated,False,1.0,116,72,62.06896551724138,508
colocated,False,2.0,116,88,75.86206896551724,508
colocated,False,3.0,116,65,56.03448275862068,508
colocated,False,4.0,116,83,71.55172413793103,508
colocated,False,5.0,116,80,68.96551724137932,508
separated,False,-4.0,116,63,54.310344827586206,508
separated,False,-2.0,116,79,68.10344827586206,508
separated,False,0.0,116,87,75.0,508
separated,False,1.0,116,96,82.75862068965517,508
separated,False,2.0,116,77,66.37931034482759,508
separated,False,3.0,116,63,54.310344827586206,508
separated,False,4.0,116,90,77.58620689655173,508
separated,False,5.0,116,82,70.6896551724138,508
single_speaker,False,-4.0,116,87,75.0,508
single_speaker,False,-2.0,116,86,74.13793103448276,508
single_speaker,False,0.0,116,90,77.58620689655173,508
single_speaker,False,1.0,116,94,81.03448275862068,508
single_speaker,False,2.0,116,102,87.93103448275862,508
single_speaker,False,3.0,116,85,73.27586206896551,508
single_speaker,False,4.0,116,97,83.62068965517241,508
single_speaker,False,5.0,116,86,74.13793103448276,508
colocated,False,-4.0,116,68,58.620689655172406,509
colocated,False,-2.0,116,58,50.0,509
colocated,False,0.0,116,77,66.37931034482759,509
colocated,False,1.0,116,82,70.6896551724138,509
colocated,False,2.0,116,88,75.86206896551724,509
colocated,False,3.0,116,68,58.620689655172406,509
colocated,False,4.0,116,84,72.41379310344827,509
colocated,False,5.0,116,72,62.06896551724138,509
separated,False,-4.0,116,73,62.93103448275862,509
separated,False,-2.0,116,67,57.758620689655174,509
separated,False,0.0,116,73,62.93103448275862,509
separated,False,1.0,116,95,81.89655172413794,509
separated,False,2.0,116,72,62.06896551724138,509
separated,False,3.0,116,78,67.24137931034483,509
separated,False,4.0,116,89,76.72413793103449,509
separated,False,5.0,116,77,66.37931034482759,509
single_speaker,False,-4.0,116,79,68.10344827586206,509
single_speaker,False,-2.0,116,82,70.6896551724138,509
single_speaker,False,0.0,116,88,75.86206896551724,509
single_speaker,False,1.0,116,91,78.44827586206897,509
single_speaker,False,2.0,116,99,85.34482758620689,509
single_speaker,False,3.0,116,86,74.13793103448276,509
single_speaker,False,4.0,116,92,79.3103448275862,509
single_speaker,False,5.0,116,88,75.86206896551724,509
colocated,False,-4.0,116,67,57.758620689655174,510
colocated,False,-2.0,116,62,53.44827586206896,510
colocated,False,0.0,116,71,61.206896551724135,510
colocated,False,1.0,116,79,68.10344827586206,510
colocated,False,2.0,116,84,72.41379310344827,510
colocated,False,3.0,116,67,57.758620689655174,510
colocated,False,4.0,116,76,65.51724137931035,510
colocated,False,5.0,116,77,66.37931034482759,510
separated,False,-4.0,116,67,57.758620689655174,510
separated,False,-2.0,116,67,57.758620689655174,510
separated,False,0.0,116,72,62.06896551724138,510
separated,False,1.0,116,97,83.62068965517241,510
separated,False,2.0,116,77,66.37931034482759,510
separated,False,3.0,116,66,56.896551724137936,510
separated,False,4.0,116,82,70.6896551724138,510
separated,False,5.0,116,75,64.65517241379311,510
single_speaker,False,-4.0,116,94,81.03448275862068,510
single_speaker,False,-2.0,116,80,68.96551724137932,510
single_speaker,False,0.0,116,79,68.10344827586206,510
single_speaker,False,1.0,116,91,78.44827586206897,510
single_speaker,False,2.0,116,98,84.48275862068965,510
single_speaker,False,3.0,116,86,74.13793103448276,510
single_speaker,False,4.0,116,94,81.03448275862068,510
single_speaker,False,5.0,116,82,70.6896551724138,510
colocated,False,-4.0,116,62,53.44827586206896,511
colocated,False,-2.0,116,64,55.172413793103445,511
colocated,False,0.0,116,72,62.06896551724138,511
colocated,False,1.0,116,88,75.86206896551724,511
colocated,False,2.0,116,81,69.82758620689656,511
colocated,False,3.0,116,70,60.3448275862069,511
colocated,False,4.0,116,77,66.37931034482759,511
colocated,False,5.0,116,81,69.82758620689656,511
separated,False,-4.0,116,59,50.86206896551724,511
separated,False,-2.0,116,77,66.37931034482759,511
separated,False,0.0,116,75,64.65517241379311,511
separated,False,1.0,116,102,87.93103448275862,511
separated,False,2.0,116,85,73.27586206896551,511
separated,False,3.0,116,63,54.310344827586206,511
separated,False,4.0,116,80,68.96551724137932,511
separated,False,5.0,116,82,70.6896551724138,511
single_speaker,False,-4.0,116,81,69.82758620689656,511
single_speaker,False,-2.0,116,81,69.82758620689656,511
single_speaker,False,0.0,116,84,72.41379310344827,511
single_speaker,False,1.0,116,91,78.44827586206897,511
single_speaker,False,2.0,116,101,87.06896551724138,511
single_speaker,False,3.0,116,73,62.93103448275862,511
single_speaker,False,4.0,116,89,76.72413793103449,511
single_speaker,False,5.0,116,81,69.82758620689656,511
colocated,False,-4.0,116,66,56.896551724137936,512
colocated,False,-2.0,116,54,46.55172413793103,512
colocated,False,0.0,116,69,59.48275862068966,512
colocated,False,1.0,116,77,66.37931034482759,512
colocated,False,2.0,116,86,74.13793103448276,512
colocated,False,3.0,116,75,64.65517241379311,512
colocated,False,4.0,116,80,68.96551724137932,512
colocated,False,5.0,116,72,62.06896551724138,512
separated,False,-4.0,116,68,58.620689655172406,512
separated,False,-2.0,116,70,60.3448275862069,512
separated,False,0.0,116,81,69.82758620689656,512
separated,False,1.0,116,94,81.03448275862068,512
separated,False,2.0,116,76,65.51724137931035,512
separated,False,3.0,116,75,64.65517241379311,512
separated,False,4.0,116,90,77.58620689655173,512
separated,False,5.0,116,77,66.37931034482759,512
single_speaker,False,-4.0,116,82,70.6896551724138,512
single_speaker,False,-2.0,116,80,68.96551724137932,512
single_speaker,False,0.0,116,85,73.27586206896551,512
single_speaker,False,1.0,116,88,75.86206896551724,512
single_speaker,False,2.0,116,105,90.51724137931035,512
single_speaker,False,3.0,116,84,72.41379310344827,512
single_speaker,False,4.0,116,89,76.72413793103449,512
single_speaker,False,5.0,116,80,68.96551724137932,512
colocated,False,-4.0,116,59,50.86206896551724,513
colocated,False,-2.0,116,65,56.03448275862068,513
colocated,False,0.0,116,78,67.24137931034483,513
colocated,False,1.0,116,77,66.37931034482759,513
colocated,False,2.0,116,92,79.3103448275862,513
colocated,False,3.0,116,71,61.206896551724135,513
colocated,False,4.0,116,88,75.86206896551724,513
colocated,False,5.0,116,76,65.51724137931035,513
separated,False,-4.0,116,55,47.41379310344828,513
separated,False,-2.0,116,73,62.93103448275862,513
separated,False,0.0,116,75,64.65517241379311,513
separated,False,1.0,116,97,83.62068965517241,513
separated,False,2.0,116,83,71.55172413793103,513
separated,False,3.0,116,70,60.3448275862069,513
separated,False,4.0,116,86,74.13793103448276,513
separated,False,5.0,116,79,68.10344827586206,513
single_speaker,False,-4.0,116,87,75.0,513
single_speaker,False,-2.0,116,81,69.82758620689656,513
single_speaker,False,0.0,116,85,73.27586206896551,513
single_speaker,False,1.0,116,103,88.79310344827587,513
single_speaker,False,2.0,116,96,82.75862068965517,513
single_speaker,False,3.0,116,76,65.51724137931035,513
single_speaker,False,4.0,116,95,81.89655172413794,513
single_speaker,False,5.0,116,88,75.86206896551724,513
colocated,False,-4.0,116,62,53.44827586206896,514
colocated,False,-2.0,116,73,62.93103448275862,514
colocated,False,0.0,116,69,59.48275862068966,514
colocated,False,1.0,116,74,63.793103448275865,514
colocated,False,2.0,116,91,78.44827586206897,514
colocated,False,3.0,116,67,57.758620689655174,514
colocated,False,4.0,116,75,64.65517241379311,514
colocated,False,5.0,116,84,72.41379310344827,514
separated,False,-4.0,116,61,52.58620689655172,514
separated,False,-2.0,116,58,50.0,514
separated,False,0.0,116,75,64.65517241379311,514
separated,False,1.0,116,89,76.72413793103449,514
separated,False,2.0,116,76,65.51724137931035,514
separated,False,3.0,116,66,56.896551724137936,514
separated,False,4.0,116,82,70.6896551724138,514
separated,False,5.0,116,75,64.65517241379311,514
single_speaker,False,-4.0,116,85,73.27586206896551,514
single_speaker,False,-2.0,116,71,61.206896551724135,514
single_speaker,False,0.0,116,87,75.0,514
single_speaker,False,1.0,116,89,76.72413793103449,514
single_speaker,False,2.0,116,98,84.48275862068965,514
single_speaker,False,3.0,116,83,71.55172413793103,514
single_speaker,False,4.0,116,95,81.89655172413794,514
single_speaker,False,5.0,116,84,72.41379310344827,514
colocated,False,-4.0,116,67,57.758620689655174,515
colocated,False,-2.0,116,71,61.206896551724135,515
colocated,False,0.0,116,74,63.793103448275865,515
colocated,False,1.0,116,81,69.82758620689656,515
colocated,False,2.0,116,90,77.58620689655173,515
colocated,False,3.0,116,64,55.172413793103445,515
colocated,False,4.0,116,76,65.51724137931035,515
colocated,False,5.0,116,76,65.51724137931035,515
separated,False,-4.0,116,68,58.620689655172406,515
separated,False,-2.0,116,75,64.65517241379311,515
separated,False,0.0,116,75,64.65517241379311,515
separated,False,1.0,116,86,74.13793103448276,515
separated,False,2.0,116,78,67.24137931034483,515
separated,False,3.0,116,72,62.06896551724138,515
separated,False,4.0,116,87,75.0,515
separated,False,5.0,116,78,67.24137931034483,515
single_speaker,False,-4.0,116,80,68.96551724137932,515
single_speaker,False,-2.0,116,90,77.58620689655173,515
single_speaker,False,0.0,116,79,68.10344827586206,515
single_speaker,False,1.0,116,98,84.48275862068965,515
single_speaker,False,2.0,116,101,87.06896551724138,515
single_speaker,False,3.0,116,87,75.0,515
single_speaker,False,4.0,116,94,81.03448275862068,515
single_speaker,False,5.0,116,87,75.0,515
colocated,False,-4.0,116,65,56.03448275862068,516
colocated,False,-2.0,116,63,54.310344827586206,516
colocated,False,0.0,116,76,65.51724137931035,516
colocated,False,1.0,116,77,66.37931034482759,516
colocated,False,2.0,116,92,79.3103448275862,516
colocated,False,3.0,116,70,60.3448275862069,516
colocated,False,4.0,116,80,68.96551724137932,516
colocated,False,5.0,116,84,72.41379310344827,516
separated,False,-4.0,116,62,53.44827586206896,516
separated,False,-2.0,116,76,65.51724137931035,516
separated,False,0.0,116,78,67.24137931034483,516
separated,False,1.0,116,93,80.17241379310344,516
separated,False,2.0,116,74,63.793103448275865,516
separated,False,3.0,116,77,66.37931034482759,516
separated,False,4.0,116,80,68.96551724137932,516
separated,False,5.0,116,80,68.96551724137932,516
single_speaker,False,-4.0,116,84,72.41379310344827,516
single_speaker,False,-2.0,116,72,62.06896551724138,516
single_speaker,False,0.0,116,74,63.793103448275865,516
single_speaker,False,1.0,116,98,84.48275862068965,516
single_speaker,False,2.0,116,103,88.79310344827587,516
single_speaker,False,3.0,116,74,63.793103448275865,516
single_speaker,False,4.0,116,91,78.44827586206897,516
single_speaker,False,5.0,116,78,67.24137931034483,516
colocated,False,-4.0,116,62,53.44827586206896,517
colocated,False,-2.0,116,63,54.310344827586206,517
colocated,False,0.0,116,54,46.55172413793103,517
colocated,False,1.0,116,80,68.96551724137932,517
colocated,False,2.0,116,88,75.86206896551724,517
colocated,False,3.0,116,67,57.758620689655174,517
colocated,False,4.0,116,78,67.24137931034483,517
colocated,False,5.0,116,79,68.10344827586206,517
separated,False,-4.0,116,68,58.620689655172406,517
separated,False,-2.0,116,72,62.06896551724138,517
separated,False,0.0,116,75,64.65517241379311,517
separated,False,1.0,116,96,82.75862068965517,517
separated,False,2.0,116,76,65.51724137931035,517
separated,False,3.0,116,70,60.3448275862069,517
separated,False,4.0,116,84,72.41379310344827,517
separated,False,5.0,116,73,62.93103448275862,517
single_speaker,False,-4.0,116,81,69.82758620689656,517
single_speaker,False,-2.0,116,74,63.793103448275865,517
single_speaker,False,0.0,116,83,71.55172413793103,517
single_speaker,False,1.0,116,85,73.27586206896551,517
single_speaker,False,2.0,116,103,88.79310344827587,517
single_speaker,False,3.0,116,84,72.41379310344827,517
single_speaker,False,4.0,116,96,82.75862068965517,517
single_speaker,False,5.0,116,89,76.72413793103449,517
colocated,False,-4.0,116,64,55.172413793103445,518
colocated,False,-2.0,116,61,52.58620689655172,518
colocated,False,0.0,116,86,74.13793103448276,518
colocated,False,1.0,116,73,62.93103448275862,518
colocated,False,2.0,116,85,73.27586206896551,518
colocated,False,3.0,116,65,56.03448275862068,518
colocated,False,4.0,116,87,75.0,518
colocated,False,5.0,116,73,62.93103448275862,518
separated,False,-4.0,116,67,57.758620689655174,518
separated,False,-2.0,116,77,66.37931034482759,518
separated,False,0.0,116,65,56.03448275862068,518
separated,False,1.0,116,95,81.89655172413794,518
separated,False,2.0,116,81,69.82758620689656,518
separated,False,3.0,116,64,55.172413793103445,518
separated,False,4.0,116,88,75.86206896551724,518
separated,False,5.0,116,79,68.10344827586206,518
single_speaker,False,-4.0,116,83,71.55172413793103,518
single_speaker,False,-2.0,116,79,68.10344827586206,518
single_speaker,False,0.0,116,90,77.58620689655173,518
single_speaker,False,1.0,116,88,75.86206896551724,518
single_speaker,False,2.0,116,97,83.62068965517241,518
single_speaker,False,3.0,116,81,69.82758620689656,518
single_speaker,False,4.0,116,92,79.3103448275862,518
single_speaker,False,5.0,116,91,78.44827586206897,518
colocated,False,-4.0,116,66,56.896551724137936,519
colocated,False,-2.0,116,51,43.96551724137931,519
colocated,False,0.0,116,83,71.55172413793103,519
colocated,False,1.0,116,85,73.27586206896551,519
colocated,False,2.0,116,93,80.17241379310344,519
colocated,False,3.0,116,69,59.48275862068966,519
colocated,False,4.0,116,73,62.93103448275862,519
colocated,False,5.0,116,88,75.86206896551724,519
separated,False,-4.0,116,65,56.03448275862068,519
separated,False,-2.0,116,83,71.55172413793103,519
separated,False,0.0,116,78,67.24137931034483,519
separated,False,1.0,116,93,80.17241379310344,519
separated,False,2.0,116,79,68.10344827586206,519
separated,False,3.0,116,74,63.793103448275865,519
separated,False,4.0,116,88,75.86206896551724,519
separated,False,5.0,116,82,70.6896551724138,519
single_speaker,False,-4.0,116,87,75.0,519
single_speaker,False,-2.0,116,74,63.793103448275865,519
single_speaker,False,0.0,116,96,82.75862068965517,519
single_speaker,False,1.0,116,96,82.75862068965517,519
single_speaker,False,2.0,116,101,87.06896551724138,519
single_speaker,False,3.0,116,86,74.13793103448276,519
single_speaker,False,4.0,116,89,76.72413793103449,519
single_speaker,False,5.0,116,88,75.86206896551724,519
colocated,False,-4.0,116,65,56.03448275862068,520
colocated,False,-2.0,116,59,50.86206896551724,520
colocated,False,0.0,116,67,57.758620689655174,520
colocated,False,1.0,116,82,70.6896551724138,520
colocated,False,2.0,116,87,75.0,520
colocated,False,3.0,116,63,54.310344827586206,520
colocated,False,4.0,116,82,70.6896551724138,520
colocated,False,5.0,116,73,62.93103448275862,520
separated,False,-4.0,116,63,54.310344827586206,520
separated,False,-2.0,116,69,59.48275862068966,520
separated,False,0.0,116,75,64.65517241379311,520
separated,False,1.0,116,103,88.79310344827587,520
separated,False,2.0,116,72,62.06896551724138,520
separated,False,3.0,116,69,59.48275862068966,520
separated,False,4.0,116,81,69.82758620689656,520
separated,False,5.0,116,82,70.6896551724138,520
single_speaker,False,-4.0,116,82,70.6896551724138,520
single_speaker,False,-2.0,116,76,65.51724137931035,520
single_speaker,False,0.0,116,82,70.6896551724138,520
single_speaker,False,1.0,116,96,82.75862068965517,520
single_speaker,False,2.0,116,99,85.34482758620689,520
single_speaker,False,3.0,116,79,68.10344827586206,520
single_speaker,False,4.0,116,86,74.13793103448276,520
single_speaker,False,5.0,116,79,68.10344827586206,520
colocated,False,-4.0,116,66,56.896551724137936,521
colocated,False,-2.0,116,71,61.206896551724135,521
colocated,False,0.0,116,70,60.3448275862069,521
colocated,False,1.0,116,73,62.93103448275862,521
colocated,False,2.0,116,89,76.72413793103449,521
colocated,False,3.0,116,69,59.48275862068966,521
colocated,False,4.0,116,80,68.96551724137932,521
colocated,False,5.0,116,85,73.27586206896551,521
separated,False,-4.0,116,62,53.44827586206896,521
separated,False,-2.0,116,76,65.51724137931035,521
separated,False,0.0,116,77,66.37931034482759,521
separated,False,1.0,116,93,80.17241379310344,521
separated,False,2.0,116,75,64.65517241379311,521
separated,False,3.0,116,68,58.620689655172406,521
separated,False,4.0,116,76,65.51724137931035,521
separated,False,5.0,116,76,65.51724137931035,521
single_speaker,False,-4.0,116,91,78.44827586206897,521
single_speaker,False,-2.0,116,72,62.06896551724138,521
single_speaker,False,0.0,116,80,68.96551724137932,521
single_speaker,False,1.0,116,97,83.62068965517241,521
single_speaker,False,2.0,116,103,88.79310344827587,521
single_speaker,False,3.0,116,84,72.41379310344827,521
single_speaker,False,4.0,116,95,81.89655172413794,521
single_speaker,False,5.0,116,81,69.82758620689656,521
colocated,False,-4.0,116,67,57.758620689655174,522
colocated,False,-2.0,116,61,52.58620689655172,522
colocated,False,0.0,116,69,59.48275862068966,522
colocated,False,1.0,116,80,68.96551724137932,522
colocated,False,2.0,116,86,74.13793103448276,522
colocated,False,3.0,116,58,50.0,522
colocated,False,4.0,116,84,72.41379310344827,522
colocated,False,5.0,116,83,71.55172413793103,522
separated,False,-4.0,116,60,51.724137931034484,522
separated,False,-2.0,116,69,59.48275862068966,522
separated,False,0.0,116,76,65.51724137931035,522
separated,False,1.0,116,92,79.3103448275862,522
separated,False,2.0,116,74,63.793103448275865,522
separated,False,3.0,116,66,56.896551724137936,522
separated,False,4.0,116,86,74.13793103448276,522
separated,False,5.0,116,81,69.82758620689656,522
single_speaker,False,-4.0,116,86,74.13793103448276,522
single_speaker,False,-2.0,116,81,69.82758620689656,522
single_speaker,False,0.0,116,86,74.13793103448276,522
single_speaker,False,1.0,116,87,75.0,522
single_speaker,False,2.0,116,104,89.65517241379311,522
single_speaker,False,3.0,116,84,72.41379310344827,522
single_speaker,False,4.0,116,95,81.89655172413794,522
single_speaker,False,5.0,116,84,72.41379310344827,522
colocated,False,-4.0,116,59,50.86206896551724,523
colocated,False,-2.0,116,68,58.620689655172406,523
colocated,False,0.0,116,70,60.3448275862069,523
colocated,False,1.0,116,74,63.793103448275865,523
colocated,False,2.0,116,87,75.0,523
colocated,False,3.0,116,64,55.172413793103445,523
colocated,False,4.0,116,79,68.10344827586206,523
colocated,False,5.0,116,87,75.0,523
separated,False,-4.0,116,70,60.3448275862069,523
separated,False,-2.0,116,77,66.37931034482759,523
separated,False,0.0,116,82,70.6896551724138,523
separated,False,1.0,116,91,78.44827586206897,523
separated,False,2.0,116,82,70.6896551724138,523
separated,False,3.0,116,72,62.06896551724138,523
separated,False,4.0,116,85,73.27586206896551,523
separated,False,5.0,116,79,68.10344827586206,523
single_speaker,False,-4.0,116,92,79.3103448275862,523
single_speaker,False,-2.0,116,83,71.55172413793103,523
single_speaker,False,0.0,116,84,72.41379310344827,523
single_speaker,False,1.0,116,92,79.3103448275862,523
single_speaker,False,2.0,116,105,90.51724137931035,523
single_speaker,False,3.0,116,84,72.41379310344827,523
single_speaker,False,4.0,116,92,79.3103448275862,523
single_speaker,False,5.0,116,89,76.72413793103449,523
colocated,False,-4.0,116,59,50.86206896551724,524
colocated,False,-2.0,116,63,54.310344827586206,524
colocated,False,0.0,116,72,62.06896551724138,524
colocated,False,1.0,116,77,66.37931034482759,524
colocated,False,2.0,116,88,75.86206896551724,524
colocated,False,3.0,116,69,59.48275862068966,524
colocated,False,4.0,116,79,68.10344827586206,524
colocated,False,5.0,116,76,65.51724137931035,524
separated,False,-4.0,116,61,52.58620689655172,524
separated,False,-2.0,116,72,62.06896551724138,524
separated,False,0.0,116,75,64.65517241379311,524
separated,False,1.0,116,95,81.89655172413794,524
separated,False,2.0,116,68,58.620689655172406,524
separated,False,3.0,116,56,48.275862068965516,524
separated,False,4.0,116,81,69.82758620689656,524
separated,False,5.0,116,82,70.6896551724138,524
single_speaker,False,-4.0,116,86,74.13793103448276,524
single_speaker,False,-2.0,116,83,71.55172413793103,524
single_speaker,False,0.0,116,82,70.6896551724138,524
single_speaker,False,1.0,116,87,75.0,524
single_speaker,False,2.0,116,101,87.06896551724138,524
single_speaker,False,3.0,116,83,71.55172413793103,524
single_speaker,False,4.0,116,93,80.17241379310344,524
single_speaker,False,5.0,116,75,64.65517241379311,524
colocated,False,-4.0,116,58,50.0,525
colocated,False,-2.0,116,61,52.58620689655172,525
colocated,False,0.0,116,63,54.310344827586206,525
colocated,False,1.0,116,82,70.6896551724138,525
colocated,False,2.0,116,83,71.55172413793103,525
colocated,False,3.0,116,66,56.896551724137936,525
colocated,False,4.0,116,83,71.55172413793103,525
colocated,False,5.0,116,79,68.10344827586206,525
separated,False,-4.0,116,62,53.44827586206896,525
separated,False,-2.0,116,76,65.51724137931035,525
separated,False,0.0,116,83,71.55172413793103,525
separated,False,1.0,116,92,79.3103448275862,525
separated,False,2.0,116,88,75.86206896551724,525
separated,False,3.0,116,71,61.206896551724135,525
separated,False,4.0,116,85,73.27586206896551,525
separated,False,5.0,116,75,64.65517241379311,525
single_speaker,False,-4.0,116,80,68.96551724137932,525
single_speaker,False,-2.0,116,64,55.172413793103445,525
single_speaker,False,0.0,116,84,72.41379310344827,525
single_speaker,False,1.0,116,93,80.17241379310344,525
single_speaker,False,2.0,116,107,92.24137931034483,525
single_speaker,False,3.0,116,82,70.6896551724138,525
single_speaker,False,4.0,116,91,78.44827586206897,525
single_speaker,False,5.0,116,93,80.17241379310344,525
colocated,False,-4.0,116,74,63.793103448275865,526
colocated,False,-2.0,116,63,54.310344827586206,526
colocated,False,0.0,116,68,58.620689655172406,526
colocated,False,1.0,116,82,70.6896551724138,526
colocated,False,2.0,116,88,75.86206896551724,526
colocated,False,3.0,116,71,61.206896551724135,526
colocated,False,4.0,116,87,75.0,526
colocated,False,5.0,116,77,66.37931034482759,526
separated,False,-4.0,116,65,56.03448275862068,526
separated,False,-2.0,116,84,72.41379310344827,526
separated,False,0.0,116,75,64.65517241379311,526
separated,False,1.0,116,95,81.89655172413794,526
separated,False,2.0,116,81,69.82758620689656,526
separated,False,3.0,116,73,62.93103448275862,526
separated,False,4.0,116,79,68.10344827586206,526
separated,False,5.0,116,83,71.55172413793103,526
single_speaker,False,-4.0,116,89,76.72413793103449,526
single_speaker,False,-2.0,116,84,72.41379310344827,526
single_speaker,False,0.0,116,83,71.55172413793103,526
single_speaker,False,1.0,116,96,82.75862068965517,526
single_speaker,False,2.0,116,102,87.93103448275862,526
single_speaker,False,3.0,116,82,70.6896551724138,526
single_speaker,False,4.0,116,90,77.58620689655173,526
single_speaker,False,5.0,116,85,73.27586206896551,526
colocated,False,-4.0,116,60,51.724137931034484,527
colocated,False,-2.0,116,62,53.44827586206896,527
colocated,False,0.0,116,79,68.10344827586206,527
colocated,False,1.0,116,77,66.37931034482759,527
colocated,False,2.0,116,86,74.13793103448276,527
colocated,False,3.0,116,70,60.3448275862069,527
colocated,False,4.0,116,84,72.41379310344827,527
colocated,False,5.0,116,75,64.65517241379311,527
separated,False,-4.0,116,64,55.172413793103445,527
separated,False,-2.0,116,79,68.10344827586206,527
separated,False,0.0,116,78,67.24137931034483,527
separated,False,1.0,116,96,82.75862068965517,527
separated,False,2.0,116,70,60.3448275862069,527
separated,False,3.0,116,63,54.310344827586206,527
separated,False,4.0,116,72,62.06896551724138,527
separated,False,5.0,116,79,68.10344827586206,527
single_speaker,False,-4.0,116,90,77.58620689655173,527
single_speaker,False,-2.0,116,75,64.65517241379311,527
single_speaker,False,0.0,116,76,65.51724137931035,527
single_speaker,False,1.0,116,101,87.06896551724138,527
single_speaker,False,2.0,116,105,90.51724137931035,527
single_speaker,False,3.0,116,78,67.24137931034483,527
single_speaker,False,4.0,116,88,75.86206896551724,527
single_speaker,False,5.0,116,77,66.37931034482759,527
colocated,False,-4.0,116,61,52.58620689655172,528
colocated,False,-2.0,116,69,59.48275862068966,528
colocated,False,0.0,116,76,65.51724137931035,528
colocated,False,1.0,116,77,66.37931034482759,528
colocated,False,2.0,116,79,68.10344827586206,528
colocated,False,3.0,116,70,60.3448275862069,528
colocated,False,4.0,116,80,68.96551724137932,528
colocated,False,5.0,116,79,68.10344827586206,528
separated,False,-4.0,116,63,54.310344827586206,528
separated,False,-2.0,116,80,68.96551724137932,528
separated,False,0.0,116,76,65.51724137931035,528
separated,False,1.0,116,94,81.03448275862068,528
separated,False,2.0,116,80,68.96551724137932,528
separated,False,3.0,116,77,66.37931034482759,528
separated,False,4.0,116,83,71.55172413793103,528
separated,False,5.0,116,69,59.48275862068966,528
single_speaker,False,-4.0,116,85,73.27586206896551,528
single_speaker,False,-2.0,116,75,64.65517241379311,528
single_speaker,False,0.0,116,85,73.27586206896551,528
single_speaker,False,1.0,116,94,81.03448275862068,528
single_speaker,False,2.0,116,99,85.34482758620689,528
single_speaker,False,3.0,116,82,70.6896551724138,528
single_speaker,False,4.0,116,87,75.0,528
single_speaker,False,5.0,116,86,74.13793103448276,528
colocated,False,-4.0,116,65,56.03448275862068,529
colocated,False,-2.0,116,76,65.51724137931035,529
colocated,False,0.0,116,72,62.06896551724138,529
colocated,False,1.0,116,78,67.24137931034483,529
colocated,False,2.0,116,87,75.0,529
colocated,False,3.0,116,70,60.3448275862069,529
colocated,False,4.0,116,78,67.24137931034483,529
colocated,False,5.0,116,76,65.51724137931035,529
separated,False,-4.0,116,65,56.03448275862068,529
separated,False,-2.0,116,70,60.3448275862069,529
separated,False,0.0,116,75,64.65517241379311,529
separated,False,1.0,116,94,81.03448275862068,529
separated,False,2.0,116,66,56.896551724137936,529
separated,False,3.0,116,65,56.03448275862068,529
separated,False,4.0,116,83,71.55172413793103,529
separated,False,5.0,116,76,65.51724137931035,529
single_speaker,False,-4.0,116,85,73.27586206896551,529
single_speaker,False,-2.0,116,67,57.758620689655174,529
single_speaker,False,0.0,116,79,68.10344827586206,529
single_speaker,False,1.0,116,95,81.89655172413794,529
single_speaker,False,2.0,116,103,88.79310344827587,529
single_speaker,False,3.0,116,84,72.41379310344827,529
single_speaker,False,4.0,116,96,82.75862068965517,529
single_speaker,False,5.0,116,85,73.27586206896551,529
colocated,False,-4.0,116,60,51.724137931034484,530
colocated,False,-2.0,116,66,56.896551724137936,530
colocated,False,0.0,116,67,57.758620689655174,530
colocated,False,1.0,116,79,68.10344827586206,530
colocated,False,2.0,116,90,77.58620689655173,530
colocated,False,3.0,116,59,50.86206896551724,530
colocated,False,4.0,116,73,62.93103448275862,530
colocated,False,5.0,116,78,67.24137931034483,530
separated,False,-4.0,116,57,49.137931034482754,530
separated,False,-2.0,116,74,63.793103448275865,530
separated,False,0.0,116,79,68.10344827586206,530
separated,False,1.0,116,93,80.17241379310344,530
separated,False,2.0,116,72,62.06896551724138,530
separated,False,3.0,116,64,55.172413793103445,530
separated,False,4.0,116,74,63.793103448275865,530
separated,False,5.0,116,80,68.96551724137932,530
single_speaker,False,-4.0,116,82,70.6896551724138,530
single_speaker,False,-2.0,116,73,62.93103448275862,530
single_speaker,False,0.0,116,83,71.55172413793103,530
single_speaker,False,1.0,116,97,83.62068965517241,530
single_speaker,False,2.0,116,103,88.79310344827587,530
single_speaker,False,3.0,116,82,70.6896551724138,530
single_speaker,False,4.0,116,86,74.13793103448276,530
single_speaker,False,5.0,116,78,67.24137931034483,530
colocated,False,-4.0,116,63,54.310344827586206,531
colocated,False,-2.0,116,55,47.41379310344828,531
colocated,False,0.0,116,73,62.93103448275862,531
colocated,False,1.0,116,84,72.41379310344827,531
colocated,False,2.0,116,81,69.82758620689656,531
colocated,False,3.0,116,63,54.310344827586206,531
colocated,False,4.0,116,77,66.37931034482759,531
colocated,False,5.0,116,81,69.82758620689656,531
separated,False,-4.0,116,70,60.3448275862069,531
separated,False,-2.0,116,68,58.620689655172406,531
separated,False,0.0,116,78,67.24137931034483,531
separated,False,1.0,116,96,82.75862068965517,531
separated,False,2.0,116,83,71.55172413793103,531
separated,False,3.0,116,68,58.620689655172406,531
separated,False,4.0,116,81,69.82758620689656,531
separated,False,5.0,116,72,62.06896551724138,531
single_speaker,False,-4.0,116,87,75.0,531
single_speaker,False,-2.0,116,76,65.51724137931035,531
single_speaker,False,0.0,116,89,76.72413793103449,531
single_speaker,False,1.0,116,82,70.6896551724138,531
single_speaker,False,2.0,116,99,85.34482758620689,531
single_speaker,False,3.0,116,78,67.24137931034483,531
single_speaker,False,4.0,116,92,79.3103448275862,531
single_speaker,False,5.0,116,81,69.82758620689656,531
colocated,False,-4.0,116,69,59.48275862068966,532
colocated,False,-2.0,116,72,62.06896551724138,532
colocated,False,0.0,116,65,56.03448275862068,532
colocated,False,1.0,116,69,59.48275862068966,532
colocated,False,2.0,116,89,76.72413793103449,532
colocated,False,3.0,116,66,56.896551724137936,532
colocated,False,4.0,116,73,62.93103448275862,532
colocated,False,5.0,116,82,70.6896551724138,532
separated,False,-4.0,116,68,58.620689655172406,532
separated,False,-2.0,116,81,69.82758620689656,532
separated,False,0.0,116,75,64.65517241379311,532
separated,False,1.0,116,100,86.20689655172413,532
separated,False,2.0,116,77,66.37931034482759,532
separated,False,3.0,116,66,56.896551724137936,532
separated,False,4.0,116,85,73.27586206896551,532
separated,False,5.0,116,78,67.24137931034483,532
single_speaker,False,-4.0,116,86,74.13793103448276,532
single_speaker,False,-2.0,116,80,68.96551724137932,532
single_speaker,False,0.0,116,82,70.6896551724138,532
single_speaker,False,1.0,116,84,72.41379310344827,532
single_speaker,False,2.0,116,94,81.03448275862068,532
single_speaker,False,3.0,116,86,74.13793103448276,532
single_speaker,False,4.0,116,102,87.93103448275862,532
single_speaker,False,5.0,116,72,62.06896551724138,532
colocated,False,-4.0,116,67,57.758620689655174,533
colocated,False,-2.0,116,69,59.48275862068966,533
colocated,False,0.0,116,78,67.24137931034483,533
colocated,False,1.0,116,87,75.0,533
colocated,False,2.0,116,87,75.0,533
colocated,False,3.0,116,67,57.758620689655174,533
colocated,False,4.0,116,79,68.10344827586206,533
colocated,False,5.0,116,85,73.27586206896551,533
separated,False,-4.0,116,57,49.137931034482754,533
separated,False,-2.0,116,72,62.06896551724138,533
separated,False,0.0,116,71,61.206896551724135,533
separated,False,1.0,116,90,77.58620689655173,533
separated,False,2.0,116,85,73.27586206896551,533
separated,False,3.0,116,69,59.48275862068966,533
separated,False,4.0,116,76,65.51724137931035,533
separated,False,5.0,116,79,68.10344827586206,533
single_speaker,False,-4.0,116,88,75.86206896551724,533
single_speaker,False,-2.0,116,79,68.10344827586206,533
single_speaker,False,0.0,116,90,77.58620689655173,533
single_speaker,False,1.0,116,94,81.03448275862068,533
single_speaker,False,2.0,116,102,87.93103448275862,533
single_speaker,False,3.0,116,78,67.24137931034483,533
single_speaker,False,4.0,116,95,81.89655172413794,533
single_speaker,False,5.0,116,82,70.6896551724138,533
colocated,False,-4.0,116,71,61.206896551724135,534
colocated,False,-2.0,116,64,55.172413793103445,534
colocated,False,0.0,116,70,60.3448275862069,534
colocated,False,1.0,116,86,74.13793103448276,534
colocated,False,2.0,116,83,71.55172413793103,534
colocated,False,3.0,116,72,62.06896551724138,534
colocated,False,4.0,116,87,75.0,534
colocated,False,5.0,116,72,62.06896551724138,534
separated,False,-4.0,116,59,50.86206896551724,534
separated,False,-2.0,116,72,62.06896551724138,534
separated,False,0.0,116,75,64.65517241379311,534
separated,False,1.0,116,93,80.17241379310344,534
separated,False,2.0,116,76,65.51724137931035,534
separated,False,3.0,116,71,61.206896551724135,534
separated,False,4.0,116,87,75.0,534
separated,False,5.0,116,75,64.65517241379311,534
single_speaker,False,-4.0,116,79,68.10344827586206,534
single_speaker,False,-2.0,116,86,74.13793103448276,534
single_speaker,False,0.0,116,80,68.96551724137932,534
single_speaker,False,1.0,116,84,72.41379310344827,534
single_speaker,False,2.0,116,99,85.34482758620689,534
single_speaker,False,3.0,116,82,70.6896551724138,534
single_speaker,False,4.0,116,91,78.44827586206897,534
single_speaker,False,5.0,116,92,79.3103448275862,534
colocated,False,-4.0,116,60,51.724137931034484,535
colocated,False,-2.0,116,73,62.93103448275862,535
colocated,False,0.0,116,73,62.93103448275862,535
colocated,False,1.0,116,78,67.24137931034483,535
colocated,False,2.0,116,81,69.82758620689656,535
colocated,False,3.0,116,67,57.758620689655174,535
colocated,False,4.0,116,84,72.41379310344827,535
colocated,False,5.0,116,74,63.793103448275865,535
separated,False,-4.0,116,63,54.310344827586206,535
separated,False,-2.0,116,63,54.310344827586206,535
separated,False,0.0,116,80,68.96551724137932,535
separated,False,1.0,116,89,76.72413793103449,535
separated,False,2.0,116,75,64.65517241379311,535
separated,False,3.0,116,69,59.48275862068966,535
separated,False,4.0,116,81,69.82758620689656,535
separated,False,5.0,116,75,64.65517241379311,535
single_speaker,False,-4.0,116,79,68.10344827586206,535
single_speaker,False,-2.0,116,76,65.51724137931035,535
single_speaker,False,0.0,116,76,65.51724137931035,535
single_speaker,False,1.0,116,93,80.17241379310344,535
single_speaker,False,2.0,116,94,81.03448275862068,535
single_speaker,False,3.0,116,87,75.0,535
single_speaker,False,4.0,116,95,81.89655172413794,535
single_speaker,False,5.0,116,89,76.72413793103449,535
colocated,False,-4.0,116,72,62.06896551724138,536
colocated,False,-2.0,116,64,55.172413793103445,536
colocated,False,0.0,116,79,68.10344827586206,536
colocated,False,1.0,116,78,67.24137931034483,536
colocated,False,2.0,116,89,76.72413793103449,536
colocated,False,3.0,116,61,52.58620689655172,536
colocated,False,4.0,116,75,64.65517241379311,536
colocated,False,5.0,116,78,67.24137931034483,536
separated,False,-4.0,116,70,60.3448275862069,536
separated,False,-2.0,116,72,62.06896551724138,536
separated,False,0.0,116,77,66.37931034482759,536
separated,False,1.0,116,86,74.13793103448276,536
separated,False,2.0,116,78,67.24137931034483,536
separated,False,3.0,116,65,56.03448275862068,536
separated,False,4.0,116,83,71.55172413793103,536
separated,False,5.0,116,75,64.65517241379311,536
single_speaker,False,-4.0,116,84,72.41379310344827,536
single_speaker,False,-2.0,116,89,76.72413793103449,536
single_speaker,False,0.0,116,90,77.58620689655173,536
single_speaker,False,1.0,116,88,75.86206896551724,536
single_speaker,False,2.0,116,102,87.93103448275862,536
single_speaker,False,3.0,116,80,68.96551724137932,536
single_speaker,False,4.0,116,86,74.13793103448276,536
single_speaker,False,5.0,116,82,70.6896551724138,536
colocated,False,-4.0,116,66,56.896551724137936,537
colocated,False,-2.0,116,69,59.48275862068966,537
colocated,False,0.0,116,61,52.58620689655172,537
colocated,False,1.0,116,79,68.10344827586206,537
colocated,False,2.0,116,91,78.44827586206897,537
colocated,False,3.0,116,70,60.3448275862069,537
colocated,False,4.0,116,77,66.37931034482759,537
colocated,False,5.0,116,89,76.72413793103449,537
separated,False,-4.0,116,66,56.896551724137936,537
separated,False,-2.0,116,71,61.206896551724135,537
separated,False,0.0,116,79,68.10344827586206,537
separated,False,1.0,116,96,82.75862068965517,537
separated,False,2.0,116,75,64.65517241379311,537
separated,False,3.0,116,68,58.620689655172406,537
separated,False,4.0,116,84,72.41379310344827,537
separated,False,5.0,116,72,62.06896551724138,537
single_speaker,False,-4.0,116,83,71.55172413793103,537
single_speaker,False,-2.0,116,74,63.793103448275865,537
single_speaker,False,0.0,116,81,69.82758620689656,537
single_speaker,False,1.0,116,96,82.75862068965517,537
single_speaker,False,2.0,116,99,85.34482758620689,537
single_speaker,False,3.0,116,82,70.6896551724138,537
single_speaker,False,4.0,116,93,80.17241379310344,537
single_speaker,False,5.0,116,82,70.6896551724138,537
colocated,False,-4.0,116,65,56.03448275862068,538
colocated,False,-2.0,116,68,58.620689655172406,538
colocated,False,0.0,116,73,62.93103448275862,538
colocated,False,1.0,116,75,64.65517241379311,538
colocated,False,2.0,116,91,78.44827586206897,538
colocated,False,3.0,116,68,58.620689655172406,538
colocated,False,4.0,116,77,66.37931034482759,538
colocated,False,5.0,116,74,63.793103448275865,538
separated,False,-4.0,116,68,58.620689655172406,538
separated,False,-2.0,116,77,66.37931034482759,538
separated,False,0.0,116,82,70.6896551724138,538
separated,False,1.0,116,91,78.44827586206897,538
separated,False,2.0,116,66,56.896551724137936,538
separated,False,3.0,116,62,53.44827586206896,538
separated,False,4.0,116,93,80.17241379310344,538
separated,False,5.0,116,69,59.48275862068966,538
single_speaker,False,-4.0,116,88,75.86206896551724,538
single_speaker,False,-2.0,116,77,66.37931034482759,538
single_speaker,False,0.0,116,76,65.51724137931035,538
single_speaker,False,1.0,116,90,77.58620689655173,538
single_speaker,False,2.0,116,96,82.75862068965517,538
single_speaker,False,3.0,116,78,67.24137931034483,538
single_speaker,False,4.0,116,99,85.34482758620689,538
single_speaker,False,5.0,116,82,70.6896551724138,538
colocated,False,-4.0,116,67,57.758620689655174,539
colocated,False,-2.0,116,63,54.310344827586206,539
colocated,False,0.0,116,65,56.03448275862068,539
colocated,False,1.0,116,81,69.82758620689656,539
colocated,False,2.0,116,82,70.6896551724138,539
colocated,False,3.0,116,73,62.93103448275862,539
colocated,False,4.0,116,77,66.37931034482759,539
colocated,False,5.0,116,71,61.206896551724135,539
separated,False,-4.0,116,61,52.58620689655172,539
separated,False,-2.0,116,65,56.03448275862068,539
separated,False,0.0,116,69,59.48275862068966,539
separated,False,1.0,116,88,75.86206896551724,539
separated,False,2.0,116,73,62.93103448275862,539
separated,False,3.0,116,79,68.10344827586206,539
separated,False,4.0,116,74,63.793103448275865,539
separated,False,5.0,116,81,69.82758620689656,539
single_speaker,False,-4.0,116,81,69.82758620689656,539
single_speaker,False,-2.0,116,82,70.6896551724138,539
single_speaker,False,0.0,116,82,70.6896551724138,539
single_speaker,False,1.0,116,92,79.3103448275862,539
single_speaker,False,2.0,116,99,85.34482758620689,539
single_speaker,False,3.0,116,81,69.82758620689656,539
single_speaker,False,4.0,116,95,81.89655172413794,539
single_speaker,False,5.0,116,88,75.86206896551724,539
colocated,False,-4.0,116,57,49.137931034482754,540
colocated,False,-2.0,116,62,53.44827586206896,540
colocated,False,0.0,116,68,58.620689655172406,540
colocated,False,1.0,116,80,68.96551724137932,540
colocated,False,2.0,116,75,64.65517241379311,540
colocated,False,3.0,116,71,61.206896551724135,540
colocated,False,4.0,116,84,72.41379310344827,540
colocated,False,5.0,116,82,70.6896551724138,540
separated,False,-4.0,116,49,42.241379310344826,540
separated,False,-2.0,116,77,66.37931034482759,540
separated,False,0.0,116,75,64.65517241379311,540
separated,False,1.0,116,91,78.44827586206897,540
separated,False,2.0,116,73,62.93103448275862,540
separated,False,3.0,116,61,52.58620689655172,540
separated,False,4.0,116,81,69.82758620689656,540
separated,False,5.0,116,83,71.55172413793103,540
single_speaker,False,-4.0,116,87,75.0,540
single_speaker,False,-2.0,116,83,71.55172413793103,540
single_speaker,False,0.0,116,85,73.27586206896551,540
single_speaker,False,1.0,116,89,76.72413793103449,540
single_speaker,False,2.0,116,94,81.03448275862068,540
single_speaker,False,3.0,116,82,70.6896551724138,540
single_speaker,False,4.0,116,88,75.86206896551724,540
single_speaker,False,5.0,116,81,69.82758620689656,540
colocated,False,-4.0,116,65,56.03448275862068,541
colocated,False,-2.0,116,59,50.86206896551724,541
colocated,False,0.0,116,78,67.24137931034483,541
colocated,False,1.0,116,73,62.93103448275862,541
colocated,False,2.0,116,83,71.55172413793103,541
colocated,False,3.0,116,70,60.3448275862069,541
colocated,False,4.0,116,82,70.6896551724138,541
colocated,False,5.0,116,86,74.13793103448276,541
separated,False,-4.0,116,56,48.275862068965516,541
separated,False,-2.0,116,77,66.37931034482759,541
separated,False,0.0,116,76,65.51724137931035,541
separated,False,1.0,116,97,83.62068965517241,541
separated,False,2.0,116,72,62.06896551724138,541
separated,False,3.0,116,64,55.172413793103445,541
separated,False,4.0,116,87,75.0,541
separated,False,5.0,116,81,69.82758620689656,541
single_speaker,False,-4.0,116,82,70.6896551724138,541
single_speaker,False,-2.0,116,80,68.96551724137932,541
single_speaker,False,0.0,116,87,75.0,541
single_speaker,False,1.0,116,100,86.20689655172413,541
single_speaker,False,2.0,116,100,86.20689655172413,541
single_speaker,False,3.0,116,78,67.24137931034483,541
single_speaker,False,4.0,116,94,81.03448275862068,541
single_speaker,False,5.0,116,86,74.13793103448276,541
colocated,False,-4.0,116,67,57.758620689655174,542
colocated,False,-2.0,116,68,58.620689655172406,542
colocated,False,0.0,116,72,62.06896551724138,542
colocated,False,1.0,116,79,68.10344827586206,542
colocated,False,2.0,116,95,81.89655172413794,542
colocated,False,3.0,116,62,53.44827586206896,542
colocated,False,4.0,116,85,73.27586206896551,542
colocated,False,5.0,116,82,70.6896551724138,542
separated,False,-4.0,116,68,58.620689655172406,542
separated,False,-2.0,116,72,62.06896551724138,542
separated,False,0.0,116,75,64.65517241379311,542
separated,False,1.0,116,89,76.72413793103449,542
separated,False,2.0,116,77,66.37931034482759,542
separated,False,3.0,116,67,57.758620689655174,542
separated,False,4.0,116,80,68.96551724137932,542
separated,False,5.0,116,81,69.82758620689656,542
single_speaker,False,-4.0,116,90,77.58620689655173,542
single_speaker,False,-2.0,116,83,71.55172413793103,542
single_speaker,False,0.0,116,81,69.82758620689656,542
single_speaker,False,1.0,116,95,81.89655172413794,542
single_speaker,False,2.0,116,99,85.34482758620689,542
single_speaker,False,3.0,116,82,70.6896551724138,542
single_speaker,False,4.0,116,94,81.03448275862068,542
single_speaker,False,5.0,116,88,75.86206896551724,542
colocated,False,-4.0,116,72,62.06896551724138,543
colocated,False,-2.0,116,59,50.86206896551724,543
colocated,False,0.0,116,73,62.93103448275862,543
colocated,False,1.0,116,79,68.10344827586206,543
colocated,False,2.0,116,85,73.27586206896551,543
colocated,False,3.0,116,63,54.310344827586206,543
colocated,False,4.0,116,76,65.51724137931035,543
colocated,False,5.0,116,74,63.793103448275865,543
separated,False,-4.0,116,56,48.275862068965516,543
separated,False,-2.0,116,77,66.37931034482759,543
separated,False,0.0,116,77,66.37931034482759,543
separated,False,1.0,116,95,81.89655172413794,543
separated,False,2.0,116,76,65.51724137931035,543
separated,False,3.0,116,72,62.06896551724138,543
separated,False,4.0,116,91,78.44827586206897,543
separated,False,5.0,116,80,68.96551724137932,543
single_speaker,False,-4.0,116,85,73.27586206896551,543
single_speaker,False,-2.0,116,84,72.41379310344827,543
single_speaker,False,0.0,116,80,68.96551724137932,543
single_speaker,False,1.0,116,97,83.62068965517241,543
single_speaker,False,2.0,116,104,89.65517241379311,543
single_speaker,False,3.0,116,77,66.37931034482759,543
single_speaker,False,4.0,116,97,83.62068965517241,543
single_speaker,False,5.0,116,80,68.96551724137932,543
colocated,False,-4.0,116,67,57.758620689655174,544
colocated,False,-2.0,116,76,65.51724137931035,544
colocated,False,0.0,116,82,70.6896551724138,544
colocated,False,1.0,116,77,66.37931034482759,544
colocated,False,2.0,116,74,63.793103448275865,544
colocated,False,3.0,116,66,56.896551724137936,544
colocated,False,4.0,116,87,75.0,544
colocated,False,5.0,116,81,69.82758620689656,544
separated,False,-4.0,116,68,58.620689655172406,544
separated,False,-2.0,116,72,62.06896551724138,544
separated,False,0.0,116,76,65.51724137931035,544
separated,False,1.0,116,94,81.03448275862068,544
separated,False,2.0,116,82,70.6896551724138,544
separated,False,3.0,116,75,64.65517241379311,544
separated,False,4.0,116,84,72.41379310344827,544
separated,False,5.0,116,70,60.3448275862069,544
single_speaker,False,-4.0,116,76,65.51724137931035,544
single_speaker,False,-2.0,116,72,62.06896551724138,544
single_speaker,False,0.0,116,93,80.17241379310344,544
single_speaker,False,1.0,116,87,75.0,544
single_speaker,False,2.0,116,99,85.34482758620689,544
single_speaker,False,3.0,116,83,71.55172413793103,544
single_speaker,False,4.0,116,90,77.58620689655173,544
single_speaker,False,5.0,116,84,72.41379310344827,544
colocated,False,-4.0,116,57,49.137931034482754,545
colocated,False,-2.0,116,66,56.896551724137936,545
colocated,False,0.0,116,66,56.896551724137936,545
colocated,False,1.0,116,81,69.82758620689656,545
colocated,False,2.0,116,85,73.27586206896551,545
colocated,False,3.0,116,76,65.51724137931035,545
colocated,False,4.0,116,70,60.3448275862069,545
colocated,False,5.0,116,84,72.41379310344827,545
separated,False,-4.0,116,65,56.03448275862068,545
separated,False,-2.0,116,65,56.03448275862068,545
separated,False,0.0,116,68,58.620689655172406,545
separated,False,1.0,116,91,78.44827586206897,545
separated,False,2.0,116,70,60.3448275862069,545
separated,False,3.0,116,78,67.24137931034483,545
separated,False,4.0,116,80,68.96551724137932,545
separated,False,5.0,116,80,68.96551724137932,545
single_speaker,False,-4.0,116,81,69.82758620689656,545
single_speaker,False,-2.0,116,79,68.10344827586206,545
single_speaker,False,0.0,116,80,68.96551724137932,545
single_speaker,False,1.0,116,91,78.44827586206897,545
single_speaker,False,2.0,116,104,89.65517241379311,545
single_speaker,False,3.0,116,76,65.51724137931035,545
single_speaker,False,4.0,116,94,81.03448275862068,545
single_speaker,False,5.0,116,78,67.24137931034483,545
colocated,False,-4.0,116,72,62.06896551724138,546
colocated,False,-2.0,116,56,48.275862068965516,546
colocated,False,0.0,116,71,61.206896551724135,546
colocated,False,1.0,116,75,64.65517241379311,546
colocated,False,2.0,116,85,73.27586206896551,546
colocated,False,3.0,116,61,52.58620689655172,546
colocated,False,4.0,116,73,62.93103448275862,546
colocated,False,5.0,116,80,68.96551724137932,546
separated,False,-4.0,116,69,59.48275862068966,546
separated,False,-2.0,116,70,60.3448275862069,546
separated,False,0.0,116,82,70.6896551724138,546
separated,False,1.0,116,98,84.48275862068965,546
separated,False,2.0,116,78,67.24137931034483,546
separated,False,3.0,116,67,57.758620689655174,546
separated,False,4.0,116,81,69.82758620689656,546
separated,False,5.0,116,76,65.51724137931035,546
single_speaker,False,-4.0,116,84,72.41379310344827,546
single_speaker,False,-2.0,116,76,65.51724137931035,546
single_speaker,False,0.0,116,85,73.27586206896551,546
single_speaker,False,1.0,116,92,79.3103448275862,546
single_speaker,False,2.0,116,102,87.93103448275862,546
single_speaker,False,3.0,116,85,73.27586206896551,546
single_speaker,False,4.0,116,95,81.89655172413794,546
single_speaker,False,5.0,116,77,66.37931034482759,546
colocated,False,-4.0,116,66,56.896551724137936,547
colocated,False,-2.0,116,59,50.86206896551724,547
colocated,False,0.0,116,72,62.06896551724138,547
colocated,False,1.0,116,71,61.206896551724135,547
colocated,False,2.0,116,85,73.27586206896551,547
colocated,False,3.0,116,64,55.172413793103445,547
colocated,False,4.0,116,81,69.82758620689656,547
colocated,False,5.0,116,77,66.37931034482759,547
separated,False,-4.0,116,55,47.41379310344828,547
separated,False,-2.0,116,68,58.620689655172406,547
separated,False,0.0,116,72,62.06896551724138,547
separated,False,1.0,116,88,75.86206896551724,547
separated,False,2.0,116,78,67.24137931034483,547
separated,False,3.0,116,70,60.3448275862069,547
separated,False,4.0,116,89,76.72413793103449,547
separated,False,5.0,116,64,55.172413793103445,547
single_speaker,False,-4.0,116,79,68.10344827586206,547
single_speaker,False,-2.0,116,76,65.51724137931035,547
single_speaker,False,0.0,116,87,75.0,547
single_speaker,False,1.0,116,93,80.17241379310344,547
single_speaker,False,2.0,116,104,89.65517241379311,547
single_speaker,False,3.0,116,82,70.6896551724138,547
single_speaker,False,4.0,116,97,83.62068965517241,547
single_speaker,False,5.0,116,78,67.24137931034483,547
colocated,False,-4.0,116,67,57.758620689655174,548
colocated,False,-2.0,116,79,68.10344827586206,548
colocated,False,0.0,116,71,61.206896551724135,548
colocated,False,1.0,116,85,73.27586206896551,548
colocated,False,2.0,116,90,77.58620689655173,548
colocated,False,3.0,116,77,66.37931034482759,548
colocated,False,4.0,116,72,62.06896551724138,548
colocated,False,5.0,116,77,66.37931034482759,548
separated,False,-4.0,116,68,58.620689655172406,548
separated,False,-2.0,116,81,69.82758620689656,548
separated,False,0.0,116,70,60.3448275862069,548
separated,False,1.0,116,100,86.20689655172413,548
separated,False,2.0,116,77,66.37931034482759,548
separated,False,3.0,116,69,59.48275862068966,548
separated,False,4.0,116,81,69.82758620689656,548
separated,False,5.0,116,61,52.58620689655172,548
single_speaker,False,-4.0,116,88,75.86206896551724,548
single_speaker,False,-2.0,116,81,69.82758620689656,548
single_speaker,False,0.0,116,84,72.41379310344827,548
single_speaker,False,1.0,116,91,78.44827586206897,548
single_speaker,False,2.0,116,103,88.79310344827587,548
single_speaker,False,3.0,116,86,74.13793103448276,548
single_speaker,False,4.0,116,90,77.58620689655173,548
single_speaker,False,5.0,116,84,72.41379310344827,548
colocated,False,-4.0,116,67,57.758620689655174,549
colocated,False,-2.0,116,72,62.06896551724138,549
colocated,False,0.0,116,68,58.620689655172406,549
colocated,False,1.0,116,87,75.0,549
colocated,False,2.0,116,81,69.82758620689656,549
colocated,False,3.0,116,62,53.44827586206896,549
colocated,False,4.0,116,71,61.206896551724135,549
colocated,False,5.0,116,77,66.37931034482759,549
separated,False,-4.0,116,59,50.86206896551724,549
separated,False,-2.0,116,76,65.51724137931035,549
separated,False,0.0,116,76,65.51724137931035,549
separated,False,1.0,116,97,83.62068965517241,549
separated,False,2.0,116,71,61.206896551724135,549
separated,False,3.0,116,61,52.58620689655172,549
separated,False,4.0,116,79,68.10344827586206,549
separated,False,5.0,116,82,70.6896551724138,549
single_speaker,False,-4.0,116,80,68.96551724137932,549
single_speaker,False,-2.0,116,76,65.51724137931035,549
single_speaker,False,0.0,116,83,71.55172413793103,549
single_speaker,False,1.0,116,93,80.17241379310344,549
single_speaker,False,2.0,116,101,87.06896551724138,549
single_speaker,False,3.0,116,82,70.6896551724138,549
single_speaker,False,4.0,116,88,75.86206896551724,549
single_speaker,False,5.0,116,91,78.44827586206897,549
colocated,False,-4.0,116,76,65.51724137931035,550
colocated,False,-2.0,116,65,56.03448275862068,550
colocated,False,0.0,116,64,55.172413793103445,550
colocated,False,1.0,116,71,61.206896551724135,550
colocated,False,2.0,116,91,78.44827586206897,550
colocated,False,3.0,116,74,63.793103448275865,550
colocated,False,4.0,116,77,66.37931034482759,550
colocated,False,5.0,116,80,68.96551724137932,550
separated,False,-4.0,116,53,45.689655172413794,550
separated,False,-2.0,116,74,63.793103448275865,550
separated,False,0.0,116,76,65.51724137931035,550
separated,False,1.0,116,97,83.62068965517241,550
separated,False,2.0,116,63,54.310344827586206,550
separated,False,3.0,116,64,55.172413793103445,550
separated,False,4.0,116,80,68.96551724137932,550
separated,False,5.0,116,83,71.55172413793103,550
single_speaker,False,-4.0,116,89,76.72413793103449,550
single_speaker,False,-2.0,116,87,75.0,550
single_speaker,False,0.0,116,96,82.75862068965517,550
single_speaker,False,1.0,116,96,82.75862068965517,550
single_speaker,False,2.0,116,105,90.51724137931035,550
single_speaker,False,3.0,116,88,75.86206896551724,550
single_speaker,False,4.0,116,93,80.17241379310344,550
single_speaker,False,5.0,116,85,73.27586206896551,550
colocated,False,-4.0,116,68,58.620689655172406,551
colocated,False,-2.0,116,64,55.172413793103445,551
colocated,False,0.0,116,75,64.65517241379311,551
colocated,False,1.0,116,87,75.0,551
colocated,False,2.0,116,89,76.72413793103449,551
colocated,False,3.0,116,76,65.51724137931035,551
colocated,False,4.0,116,81,69.82758620689656,551
colocated,False,5.0,116,81,69.82758620689656,551
separated,False,-4.0,116,59,50.86206896551724,551
separated,False,-2.0,116,78,67.24137931034483,551
separated,False,0.0,116,82,70.6896551724138,551
separated,False,1.0,116,93,80.17241379310344,551
separated,False,2.0,116,77,66.37931034482759,551
separated,False,3.0,116,75,64.65517241379311,551
separated,False,4.0,116,81,69.82758620689656,551
separated,False,5.0,116,78,67.24137931034483,551
single_speaker,False,-4.0,116,95,81.89655172413794,551
single_speaker,False,-2.0,116,77,66.37931034482759,551
single_speaker,False,0.0,116,86,74.13793103448276,551
single_speaker,False,1.0,116,96,82.75862068965517,551
single_speaker,False,2.0,116,102,87.93103448275862,551
single_speaker,False,3.0,116,80,68.96551724137932,551
single_speaker,False,4.0,116,93,80.17241379310344,551
single_speaker,False,5.0,116,89,76.72413793103449,551
colocated,False,-4.0,116,69,59.48275862068966,552
colocated,False,-2.0,116,58,50.0,552
colocated,False,0.0,116,79,68.10344827586206,552
colocated,False,1.0,116,74,63.793103448275865,552
colocated,False,2.0,116,84,72.41379310344827,552
colocated,False,3.0,116,79,68.10344827586206,552
colocated,False,4.0,116,84,72.41379310344827,552
colocated,False,5.0,116,81,69.82758620689656,552
separated,False,-4.0,116,59,50.86206896551724,552
separated,False,-2.0,116,80,68.96551724137932,552
separated,False,0.0,116,78,67.24137931034483,552
separated,False,1.0,116,91,78.44827586206897,552
separated,False,2.0,116,74,63.793103448275865,552
separated,False,3.0,116,67,57.758620689655174,552
separated,False,4.0,116,81,69.82758620689656,552
separated,False,5.0,116,78,67.24137931034483,552
single_speaker,False,-4.0,116,87,75.0,552
single_speaker,False,-2.0,116,83,71.55172413793103,552
single_speaker,False,0.0,116,85,73.27586206896551,552
single_speaker,False,1.0,116,89,76.72413793103449,552
single_speaker,False,2.0,116,109,93.96551724137932,552
single_speaker,False,3.0,116,83,71.55172413793103,552
single_speaker,False,4.0,116,93,80.17241379310344,552
single_speaker,False,5.0,116,79,68.10344827586206,552
colocated,False,-4.0,116,66,56.896551724137936,553
colocated,False,-2.0,116,69,59.48275862068966,553
colocated,False,0.0,116,67,57.758620689655174,553
colocated,False,1.0,116,82,70.6896551724138,553
colocated,False,2.0,116,90,77.58620689655173,553
colocated,False,3.0,116,66,56.896551724137936,553
colocated,False,4.0,116,77,66.37931034482759,553
colocated,False,5.0,116,84,72.41379310344827,553
separated,False,-4.0,116,58,50.0,553
separated,False,-2.0,116,78,67.24137931034483,553
separated,False,0.0,116,83,71.55172413793103,553
separated,False,1.0,116,98,84.48275862068965,553
separated,False,2.0,116,68,58.620689655172406,553
separated,False,3.0,116,71,61.206896551724135,553
separated,False,4.0,116,86,74.13793103448276,553
separated,False,5.0,116,77,66.37931034482759,553
single_speaker,False,-4.0,116,89,76.72413793103449,553
single_speaker,False,-2.0,116,77,66.37931034482759,553
single_speaker,False,0.0,116,86,74.13793103448276,553
single_speaker,False,1.0,116,97,83.62068965517241,553
single_speaker,False,2.0,116,99,85.34482758620689,553
single_speaker,False,3.0,116,85,73.27586206896551,553
single_speaker,False,4.0,116,89,76.72413793103449,553
single_speaker,False,5.0,116,88,75.86206896551724,553
colocated,False,-4.0,116,65,56.03448275862068,554
colocated,False,-2.0,116,66,56.896551724137936,554
colocated,False,0.0,116,73,62.93103448275862,554
colocated,False,1.0,116,85,73.27586206896551,554
colocated,False,2.0,116,86,74.13793103448276,554
colocated,False,3.0,116,59,50.86206896551724,554
colocated,False,4.0,116,84,72.41379310344827,554
colocated,False,5.0,116,79,68.10344827586206,554
separated,False,-4.0,116,55,47.41379310344828,554
separated,False,-2.0,116,78,67.24137931034483,554
separated,False,0.0,116,72,62.06896551724138,554
separated,False,1.0,116,95,81.89655172413794,554
separated,False,2.0,116,84,72.41379310344827,554
separated,False,3.0,116,71,61.206896551724135,554
separated,False,4.0,116,79,68.10344827586206,554
separated,False,5.0,116,68,58.620689655172406,554
single_speaker,False,-4.0,116,88,75.86206896551724,554
single_speaker,False,-2.0,116,82,70.6896551724138,554
single_speaker,False,0.0,116,75,64.65517241379311,554
single_speaker,False,1.0,116,102,87.93103448275862,554
single_speaker,False,2.0,116,99,85.34482758620689,554
single_speaker,False,3.0,116,85,73.27586206896551,554
single_speaker,False,4.0,116,99,85.34482758620689,554
single_speaker,False,5.0,116,87,75.0,554
colocated,False,-4.0,116,65,56.03448275862068,555
colocated,False,-2.0,116,67,57.758620689655174,555
colocated,False,0.0,116,73,62.93103448275862,555
colocated,False,1.0,116,78,67.24137931034483,555
colocated,False,2.0,116,78,67.24137931034483,555
colocated,False,3.0,116,65,56.03448275862068,555
colocated,False,4.0,116,75,64.65517241379311,555
colocated,False,5.0,116,79,68.10344827586206,555
separated,False,-4.0,116,60,51.724137931034484,555
separated,False,-2.0,116,81,69.82758620689656,555
separated,False,0.0,116,88,75.86206896551724,555
separated,False,1.0,116,98,84.48275862068965,555
separated,False,2.0,116,83,71.55172413793103,555
separated,False,3.0,116,72,62.06896551724138,555
separated,False,4.0,116,87,75.0,555
separated,False,5.0,116,68,58.620689655172406,555
single_speaker,False,-4.0,116,90,77.58620689655173,555
single_speaker,False,-2.0,116,70,60.3448275862069,555
single_speaker,False,0.0,116,83,71.55172413793103,555
single_speaker,False,1.0,116,95,81.89655172413794,555
single_speaker,False,2.0,116,104,89.65517241379311,555
single_speaker,False,3.0,116,80,68.96551724137932,555
single_speaker,False,4.0,116,99,85.34482758620689,555
single_speaker,False,5.0,116,86,74.13793103448276,555
colocated,False,-4.0,116,64,55.172413793103445,556
colocated,False,-2.0,116,67,57.758620689655174,556
colocated,False,0.0,116,75,64.65517241379311,556
colocated,False,1.0,116,74,63.793103448275865,556
colocated,False,2.0,116,91,78.44827586206897,556
colocated,False,3.0,116,66,56.896551724137936,556
colocated,False,4.0,116,75,64.65517241379311,556
colocated,False,5.0,116,83,71.55172413793103,556
separated,False,-4.0,116,63,54.310344827586206,556
separated,False,-2.0,116,68,58.620689655172406,556
separated,False,0.0,116,78,67.24137931034483,556
separated,False,1.0,116,87,75.0,556
separated,False,2.0,116,71,61.206896551724135,556
separated,False,3.0,116,78,67.24137931034483,556
separated,False,4.0,116,83,71.55172413793103,556
separated,False,5.0,116,74,63.793103448275865,556
single_speaker,False,-4.0,116,82,70.6896551724138,556
single_speaker,False,-2.0,116,80,68.96551724137932,556
single_speaker,False,0.0,116,84,72.41379310344827,556
single_speaker,False,1.0,116,91,78.44827586206897,556
single_speaker,False,2.0,116,100,86.20689655172413,556
single_speaker,False,3.0,116,90,77.58620689655173,556
single_speaker,False,4.0,116,91,78.44827586206897,556
single_speaker,False,5.0,116,85,73.27586206896551,556
colocated,False,-4.0,116,65,56.03448275862068,557
colocated,False,-2.0,116,70,60.3448275862069,557
colocated,False,0.0,116,71,61.206896551724135,557
colocated,False,1.0,116,87,75.0,557
colocated,False,2.0,116,90,77.58620689655173,557
colocated,False,3.0,116,63,54.310344827586206,557
colocated,False,4.0,116,68,58.620689655172406,557
colocated,False,5.0,116,82,70.6896551724138,557
separated,False,-4.0,116,69,59.48275862068966,557
separated,False,-2.0,116,72,62.06896551724138,557
separated,False,0.0,116,74,63.793103448275865,557
separated,False,1.0,116,90,77.58620689655173,557
separated,False,2.0,116,70,60.3448275862069,557
separated,False,3.0,116,75,64.65517241379311,557
separated,False,4.0,116,77,66.37931034482759,557
separated,False,5.0,116,67,57.758620689655174,557
single_speaker,False,-4.0,116,94,81.03448275862068,557
single_speaker,False,-2.0,116,77,66.37931034482759,557
single_speaker,False,0.0,116,83,71.55172413793103,557
single_speaker,False,1.0,116,89,76.72413793103449,557
single_speaker,False,2.0,116,101,87.06896551724138,557
single_speaker,False,3.0,116,90,77.58620689655173,557
single_speaker,False,4.0,116,94,81.03448275862068,557
single_speaker,False,5.0,116,80,68.96551724137932,557
colocated,False,-4.0,116,63,54.310344827586206,558
colocated,False,-2.0,116,77,66.37931034482759,558
colocated,False,0.0,116,75,64.65517241379311,558
colocated,False,1.0,116,76,65.51724137931035,558
colocated,False,2.0,116,88,75.86206896551724,558
colocated,False,3.0,116,66,56.896551724137936,558
colocated,False,4.0,116,77,66.37931034482759,558
colocated,False,5.0,116,68,58.620689655172406,558
separated,False,-4.0,116,59,50.86206896551724,558
separated,False,-2.0,116,65,56.03448275862068,558
separated,False,0.0,116,75,64.65517241379311,558
separated,False,1.0,116,96,82.75862068965517,558
separated,False,2.0,116,82,70.6896551724138,558
separated,False,3.0,116,70,60.3448275862069,558
separated,False,4.0,116,87,75.0,558
separated,False,5.0,116,76,65.51724137931035,558
single_speaker,False,-4.0,116,93,80.17241379310344,558
single_speaker,False,-2.0,116,82,70.6896551724138,558
single_speaker,False,0.0,116,82,70.6896551724138,558
single_speaker,False,1.0,116,87,75.0,558
single_speaker,False,2.0,116,102,87.93103448275862,558
single_speaker,False,3.0,116,89,76.72413793103449,558
single_speaker,False,4.0,116,91,78.44827586206897,558
single_speaker,False,5.0,116,83,71.55172413793103,558
colocated,False,-4.0,116,62,53.44827586206896,559
colocated,False,-2.0,116,63,54.310344827586206,559
colocated,False,0.0,116,76,65.51724137931035,559
colocated,False,1.0,116,80,68.96551724137932,559
colocated,False,2.0,116,87,75.0,559
colocated,False,3.0,116,63,54.310344827586206,559
colocated,False,4.0,116,83,71.55172413793103,559
colocated,False,5.0,116,77,66.37931034482759,559
separated,False,-4.0,116,64,55.172413793103445,559
separated,False,-2.0,116,71,61.206896551724135,559
separated,False,0.0,116,84,72.41379310344827,559
separated,False,1.0,116,92,79.3103448275862,559
separated,False,2.0,116,79,68.10344827586206,559
separated,False,3.0,116,68,58.620689655172406,559
separated,False,4.0,116,77,66.37931034482759,559
separated,False,5.0,116,74,63.793103448275865,559
single_speaker,False,-4.0,116,84,72.41379310344827,559
single_speaker,False,-2.0,116,90,77.58620689655173,559
single_speaker,False,0.0,116,84,72.41379310344827,559
single_speaker,False,1.0,116,89,76.72413793103449,559
single_speaker,False,2.0,116,96,82.75862068965517,559
single_speaker,False,3.0,116,92,79.3103448275862,559
single_speaker,False,4.0,116,90,77.58620689655173,559
single_speaker,False,5.0,116,85,73.27586206896551,559
colocated,False,-4.0,116,62,53.44827586206896,560
colocated,False,-2.0,116,60,51.724137931034484,560
colocated,False,0.0,116,70,60.3448275862069,560
colocated,False,1.0,116,74,63.793103448275865,560
colocated,False,2.0,116,83,71.55172413793103,560
colocated,False,3.0,116,62,53.44827586206896,560
colocated,False,4.0,116,74,63.793103448275865,560
colocated,False,5.0,116,79,68.10344827586206,560
separated,False,-4.0,116,62,53.44827586206896,560
separated,False,-2.0,116,65,56.03448275862068,560
separated,False,0.0,116,76,65.51724137931035,560
separated,False,1.0,116,90,77.58620689655173,560
separated,False,2.0,116,82,70.6896551724138,560
separated,False,3.0,116,68,58.620689655172406,560
separated,False,4.0,116,90,77.58620689655173,560
separated,False,5.0,116,86,74.13793103448276,560
single_speaker,False,-4.0,116,82,70.6896551724138,560
single_speaker,False,-2.0,116,81,69.82758620689656,560
single_speaker,False,0.0,116,85,73.27586206896551,560
single_speaker,False,1.0,116,92,79.3103448275862,560
single_speaker,False,2.0,116,104,89.65517241379311,560
single_speaker,False,3.0,116,90,77.58620689655173,560
single_speaker,False,4.0,116,94,81.03448275862068,560
single_speaker,False,5.0,116,83,71.55172413793103,560
colocated,False,-4.0,116,68,58.620689655172406,561
colocated,False,-2.0,116,68,58.620689655172406,561
colocated,False,0.0,116,71,61.206896551724135,561
colocated,False,1.0,116,85,73.27586206896551,561
colocated,False,2.0,116,87,75.0,561
colocated,False,3.0,116,58,50.0,561
colocated,False,4.0,116,70,60.3448275862069,561
colocated,False,5.0,116,84,72.41379310344827,561
separated,False,-4.0,116,62,53.44827586206896,561
separated,False,-2.0,116,69,59.48275862068966,561
separated,False,0.0,116,76,65.51724137931035,561
separated,False,1.0,116,100,86.20689655172413,561
separated,False,2.0,116,67,57.758620689655174,561
separated,False,3.0,116,67,57.758620689655174,561
separated,False,4.0,116,88,75.86206896551724,561
separated,False,5.0,116,83,71.55172413793103,561
single_speaker,False,-4.0,116,92,79.3103448275862,561
single_speaker,False,-2.0,116,74,63.793103448275865,561
single_speaker,False,0.0,116,74,63.793103448275865,561
single_speaker,False,1.0,116,96,82.75862068965517,561
single_speaker,False,2.0,116,99,85.34482758620689,561
single_speaker,False,3.0,116,83,71.55172413793103,561
single_speaker,False,4.0,116,95,81.89655172413794,561
single_speaker,False,5.0,116,79,68.10344827586206,561
colocated,False,-4.0,116,69,59.48275862068966,562
colocated,False,-2.0,116,63,54.310344827586206,562
colocated,False,0.0,116,78,67.24137931034483,562
colocated,False,1.0,116,76,65.51724137931035,562
colocated,False,2.0,116,93,80.17241379310344,562
colocated,False,3.0,116,64,55.172413793103445,562
colocated,False,4.0,116,77,66.37931034482759,562
colocated,False,5.0,116,81,69.82758620689656,562
separated,False,-4.0,116,62,53.44827586206896,562
separated,False,-2.0,116,75,64.65517241379311,562
separated,False,0.0,116,67,57.758620689655174,562
separated,False,1.0,116,100,86.20689655172413,562
separated,False,2.0,116,72,62.06896551724138,562
separated,False,3.0,116,74,63.793103448275865,562
separated,False,4.0,116,82,70.6896551724138,562
separated,False,5.0,116,73,62.93103448275862,562
single_speaker,False,-4.0,116,83,71.55172413793103,562
single_speaker,False,-2.0,116,74,63.793103448275865,562
single_speaker,False,0.0,116,86,74.13793103448276,562
single_speaker,False,1.0,116,93,80.17241379310344,562
single_speaker,False,2.0,116,102,87.93103448275862,562
single_speaker,False,3.0,116,85,73.27586206896551,562
single_speaker,False,4.0,116,93,80.17241379310344,562
single_speaker,False,5.0,116,90,77.58620689655173,562
colocated,False,-4.0,116,69,59.48275862068966,563
colocated,False,-2.0,116,77,66.37931034482759,563
colocated,False,0.0,116,68,58.620689655172406,563
colocated,False,1.0,116,77,66.37931034482759,563
colocated,False,2.0,116,88,75.86206896551724,563
colocated,False,3.0,116,58,50.0,563
colocated,False,4.0,116,83,71.55172413793103,563
colocated,False,5.0,116,81,69.82758620689656,563
separated,False,-4.0,116,56,48.275862068965516,563
separated,False,-2.0,116,72,62.06896551724138,563
separated,False,0.0,116,81,69.82758620689656,563
separated,False,1.0,116,85,73.27586206896551,563
separated,False,2.0,116,75,64.65517241379311,563
separated,False,3.0,116,75,64.65517241379311,563
separated,False,4.0,116,86,74.13793103448276,563
separated,False,5.0,116,78,67.24137931034483,563
single_speaker,False,-4.0,116,84,72.41379310344827,563
single_speaker,False,-2.0,116,81,69.82758620689656,563
single_speaker,False,0.0,116,83,71.55172413793103,563
single_speaker,False,1.0,116,90,77.58620689655173,563
single_speaker,False,2.0,116,104,89.65517241379311,563
single_speaker,False,3.0,116,82,70.6896551724138,563
single_speaker,False,4.0,116,94,81.03448275862068,563
single_speaker,False,5.0,116,81,69.82758620689656,563
colocated,False,-4.0,116,73,62.93103448275862,564
colocated,False,-2.0,116,67,57.758620689655174,564
colocated,False,0.0,116,69,59.48275862068966,564
colocated,False,1.0,116,79,68.10344827586206,564
colocated,False,2.0,116,83,71.55172413793103,564
colocated,False,3.0,116,64,55.172413793103445,564
colocated,False,4.0,116,69,59.48275862068966,564
colocated,False,5.0,116,74,63.793103448275865,564
separated,False,-4.0,116,66,56.896551724137936,564
separated,False,-2.0,116,74,63.793103448275865,564
separated,False,0.0,116,72,62.06896551724138,564
separated,False,1.0,116,92,79.3103448275862,564
separated,False,2.0,116,82,70.6896551724138,564
separated,False,3.0,116,66,56.896551724137936,564
separated,False,4.0,116,84,72.41379310344827,564
separated,False,5.0,116,79,68.10344827586206,564
single_speaker,False,-4.0,116,92,79.3103448275862,564
single_speaker,False,-2.0,116,72,62.06896551724138,564
single_speaker,False,0.0,116,81,69.82758620689656,564
single_speaker,False,1.0,116,95,81.89655172413794,564
single_speaker,False,2.0,116,104,89.65517241379311,564
single_speaker,False,3.0,116,84,72.41379310344827,564
single_speaker,False,4.0,116,97,83.62068965517241,564
single_speaker,False,5.0,116,89,76.72413793103449,564
colocated,False,-4.0,116,68,58.620689655172406,565
colocated,False,-2.0,116,69,59.48275862068966,565
colocated,False,0.0,116,74,63.793103448275865,565
colocated,False,1.0,116,74,63.793103448275865,565
colocated,False,2.0,116,86,74.13793103448276,565
colocated,False,3.0,116,70,60.3448275862069,565
colocated,False,4.0,116,75,64.65517241379311,565
colocated,False,5.0,116,77,66.37931034482759,565
separated,False,-4.0,116,70,60.3448275862069,565
separated,False,-2.0,116,70,60.3448275862069,565
separated,False,0.0,116,75,64.65517241379311,565
separated,False,1.0,116,92,79.3103448275862,565
separated,False,2.0,116,71,61.206896551724135,565
separated,False,3.0,116,71,61.206896551724135,565
separated,False,4.0,116,74,63.793103448275865,565
separated,False,5.0,116,69,59.48275862068966,565
single_speaker,False,-4.0,116,89,76.72413793103449,565
single_speaker,False,-2.0,116,77,66.37931034482759,565
single_speaker,False,0.0,116,83,71.55172413793103,565
single_speaker,False,1.0,116,92,79.3103448275862,565
single_speaker,False,2.0,116,100,86.20689655172413,565
single_speaker,False,3.0,116,88,75.86206896551724,565
single_speaker,False,4.0,116,87,75.0,565
single_speaker,False,5.0,116,81,69.82758620689656,565
colocated,False,-4.0,116,64,55.172413793103445,566
colocated,False,-2.0,116,72,62.06896551724138,566
colocated,False,0.0,116,67,57.758620689655174,566
colocated,False,1.0,116,77,66.37931034482759,566
colocated,False,2.0,116,92,79.3103448275862,566
colocated,False,3.0,116,66,56.896551724137936,566
colocated,False,4.0,116,72,62.06896551724138,566
colocated,False,5.0,116,84,72.41379310344827,566
separated,False,-4.0,116,60,51.724137931034484,566
separated,False,-2.0,116,72,62.06896551724138,566
separated,False,0.0,116,76,65.51724137931035,566
separated,False,1.0,116,93,80.17241379310344,566
separated,False,2.0,116,87,75.0,566
separated,False,3.0,116,67,57.758620689655174,566
separated,False,4.0,116,83,71.55172413793103,566
separated,False,5.0,116,80,68.96551724137932,566
single_speaker,False,-4.0,116,90,77.58620689655173,566
single_speaker,False,-2.0,116,81,69.82758620689656,566
single_speaker,False,0.0,116,82,70.6896551724138,566
single_speaker,False,1.0,116,93,80.17241379310344,566
single_speaker,False,2.0,116,104,89.65517241379311,566
single_speaker,False,3.0,116,79,68.10344827586206,566
single_speaker,False,4.0,116,99,85.34482758620689,566
single_speaker,False,5.0,116,86,74.13793103448276,566
colocated,False,-4.0,116,73,62.93103448275862,567
colocated,False,-2.0,116,66,56.896551724137936,567
colocated,False,0.0,116,71,61.206896551724135,567
colocated,False,1.0,116,76,65.51724137931035,567
colocated,False,2.0,116,85,73.27586206896551,567
colocated,False,3.0,116,68,58.620689655172406,567
colocated,False,4.0,116,73,62.93103448275862,567
colocated,False,5.0,116,81,69.82758620689656,567
separated,False,-4.0,116,67,57.758620689655174,567
separated,False,-2.0,116,80,68.96551724137932,567
separated,False,0.0,116,65,56.03448275862068,567
separated,False,1.0,116,94,81.03448275862068,567
separated,False,2.0,116,74,63.793103448275865,567
separated,False,3.0,116,72,62.06896551724138,567
separated,False,4.0,116,86,74.13793103448276,567
separated,False,5.0,116,75,64.65517241379311,567
single_speaker,False,-4.0,116,78,67.24137931034483,567
single_speaker,False,-2.0,116,80,68.96551724137932,567
single_speaker,False,0.0,116,85,73.27586206896551,567
single_speaker,False,1.0,116,95,81.89655172413794,567
single_speaker,False,2.0,116,103,88.79310344827587,567
single_speaker,False,3.0,116,85,73.27586206896551,567
single_speaker,False,4.0,116,87,75.0,567
single_speaker,False,5.0,116,81,69.82758620689656,567
colocated,False,-4.0,116,64,55.172413793103445,568
colocated,False,-2.0,116,67,57.758620689655174,568
colocated,False,0.0,116,78,67.24137931034483,568
colocated,False,1.0,116,80,68.96551724137932,568
colocated,False,2.0,116,89,76.72413793103449,568
colocated,False,3.0,116,61,52.58620689655172,568
colocated,False,4.0,116,68,58.620689655172406,568
colocated,False,5.0,116,83,71.55172413793103,568
separated,False,-4.0,116,56,48.275862068965516,568
separated,False,-2.0,116,74,63.793103448275865,568
separated,False,0.0,116,76,65.51724137931035,568
separated,False,1.0,116,93,80.17241379310344,568
separated,False,2.0,116,82,70.6896551724138,568
separated,False,3.0,116,62,53.44827586206896,568
separated,False,4.0,116,85,73.27586206896551,568
separated,False,5.0,116,85,73.27586206896551,568
single_speaker,False,-4.0,116,87,75.0,568
single_speaker,False,-2.0,116,77,66.37931034482759,568
single_speaker,False,0.0,116,82,70.6896551724138,568
single_speaker,False,1.0,116,96,82.75862068965517,568
single_speaker,False,2.0,116,102,87.93103448275862,568
single_speaker,False,3.0,116,78,67.24137931034483,568
single_speaker,False,4.0,116,94,81.03448275862068,568
single_speaker,False,5.0,116,86,74.13793103448276,568
colocated,False,-4.0,116,66,56.896551724137936,569
colocated,False,-2.0,116,76,65.51724137931035,569
colocated,False,0.0,116,64,55.172413793103445,569
colocated,False,1.0,116,84,72.41379310344827,569
colocated,False,2.0,116,87,75.0,569
colocated,False,3.0,116,69,59.48275862068966,569
colocated,False,4.0,116,74,63.793103448275865,569
colocated,False,5.0,116,78,67.24137931034483,569
separated,False,-4.0,116,65,56.03448275862068,569
separated,False,-2.0,116,79,68.10344827586206,569
separated,False,0.0,116,68,58.620689655172406,569
separated,False,1.0,116,94,81.03448275862068,569
separated,False,2.0,116,76,65.51724137931035,569
separated,False,3.0,116,74,63.793103448275865,569
separated,False,4.0,116,79,68.10344827586206,569
separated,False,5.0,116,83,71.55172413793103,569
single_speaker,False,-4.0,116,81,69.82758620689656,569
single_speaker,False,-2.0,116,77,66.37931034482759,569
single_speaker,False,0.0,116,89,76.72413793103449,569
single_speaker,False,1.0,116,93,80.17241379310344,569
single_speaker,False,2.0,116,95,81.89655172413794,569
single_speaker,False,3.0,116,77,66.37931034482759,569
single_speaker,False,4.0,116,96,82.75862068965517,569
single_speaker,False,5.0,116,77,66.37931034482759,569
colocated,False,-4.0,116,68,58.620689655172406,570
colocated,False,-2.0,116,65,56.03448275862068,570
colocated,False,0.0,116,70,60.3448275862069,570
colocated,False,1.0,116,74,63.793103448275865,570
colocated,False,2.0,116,90,77.58620689655173,570
colocated,False,3.0,116,63,54.310344827586206,570
colocated,False,4.0,116,78,67.24137931034483,570
colocated,False,5.0,116,82,70.6896551724138,570
separated,False,-4.0,116,69,59.48275862068966,570
separated,False,-2.0,116,67,57.758620689655174,570
separated,False,0.0,116,76,65.51724137931035,570
separated,False,1.0,116,92,79.3103448275862,570
separated,False,2.0,116,79,68.10344827586206,570
separated,False,3.0,116,69,59.48275862068966,570
separated,False,4.0,116,88,75.86206896551724,570
separated,False,5.0,116,84,72.41379310344827,570
single_speaker,False,-4.0,116,85,73.27586206896551,570
single_speaker,False,-2.0,116,85,73.27586206896551,570
single_speaker,False,0.0,116,91,78.44827586206897,570
single_speaker,False,1.0,116,99,85.34482758620689,570
single_speaker,False,2.0,116,100,86.20689655172413,570
single_speaker,False,3.0,116,90,77.58620689655173,570
single_speaker,False,4.0,116,86,74.13793103448276,570
single_speaker,False,5.0,116,84,72.41379310344827,570
colocated,False,-4.0,116,70,60.3448275862069,571
colocated,False,-2.0,116,67,57.758620689655174,571
colocated,False,0.0,116,69,59.48275862068966,571
colocated,False,1.0,116,79,68.10344827586206,571
colocated,False,2.0,116,93,80.17241379310344,571
colocated,False,3.0,116,64,55.172413793103445,571
colocated,False,4.0,116,84,72.41379310344827,571
colocated,False,5.0,116,86,74.13793103448276,571
separated,False,-4.0,116,69,59.48275862068966,571
separated,False,-2.0,116,73,62.93103448275862,571
separated,False,0.0,116,72,62.06896551724138,571
separated,False,1.0,116,91,78.44827586206897,571
separated,False,2.0,116,82,70.6896551724138,571
separated,False,3.0,116,83,71.55172413793103,571
separated,False,4.0,116,86,74.13793103448276,571
separated,False,5.0,116,67,57.758620689655174,571
single_speaker,False,-4.0,116,83,71.55172413793103,571
single_speaker,False,-2.0,116,73,62.93103448275862,571
single_speaker,False,0.0,116,85,73.27586206896551,571
single_speaker,False,1.0,116,89,76.72413793103449,571
single_speaker,False,2.0,116,104,89.65517241379311,571
single_speaker,False,3.0,116,77,66.37931034482759,571
single_speaker,False,4.0,116,94,81.03448275862068,571
single_speaker,False,5.0,116,79,68.10344827586206,571
colocated,False,-4.0,116,70,60.3448275862069,572
colocated,False,-2.0,116,64,55.172413793103445,572
colocated,False,0.0,116,63,54.310344827586206,572
colocated,False,1.0,116,83,71.55172413793103,572
colocated,False,2.0,116,89,76.72413793103449,572
colocated,False,3.0,116,67,57.758620689655174,572
colocated,False,4.0,116,81,69.82758620689656,572
colocated,False,5.0,116,77,66.37931034482759,572
separated,False,-4.0,116,72,62.06896551724138,572
separated,False,-2.0,116,74,63.793103448275865,572
separated,False,0.0,116,83,71.55172413793103,572
separated,False,1.0,116,93,80.17241379310344,572
separated,False,2.0,116,73,62.93103448275862,572
separated,False,3.0,116,67,57.758620689655174,572
separated,False,4.0,116,91,78.44827586206897,572
separated,False,5.0,116,81,69.82758620689656,572
single_speaker,False,-4.0,116,73,62.93103448275862,572
single_speaker,False,-2.0,116,71,61.206896551724135,572
single_speaker,False,0.0,116,75,64.65517241379311,572
single_speaker,False,1.0,116,86,74.13793103448276,572
single_speaker,False,2.0,116,92,79.3103448275862,572
single_speaker,False,3.0,116,83,71.55172413793103,572
single_speaker,False,4.0,116,93,80.17241379310344,572
single_speaker,False,5.0,116,85,73.27586206896551,572
colocated,False,-4.0,116,67,57.758620689655174,573
colocated,False,-2.0,116,67,57.758620689655174,573
colocated,False,0.0,116,74,63.793103448275865,573
colocated,False,1.0,116,79,68.10344827586206,573
colocated,False,2.0,116,88,75.86206896551724,573
colocated,False,3.0,116,66,56.896551724137936,573
colocated,False,4.0,116,72,62.06896551724138,573
colocated,False,5.0,116,76,65.51724137931035,573
separated,False,-4.0,116,62,53.44827586206896,573
separated,False,-2.0,116,74,63.793103448275865,573
separated,False,0.0,116,86,74.13793103448276,573
separated,False,1.0,116,90,77.58620689655173,573
separated,False,2.0,116,75,64.65517241379311,573
separated,False,3.0,116,74,63.793103448275865,573
separated,False,4.0,116,87,75.0,573
separated,False,5.0,116,81,69.82758620689656,573
single_speaker,False,-4.0,116,89,76.72413793103449,573
single_speaker,False,-2.0,116,79,68.10344827586206,573
single_speaker,False,0.0,116,91,78.44827586206897,573
single_speaker,False,1.0,116,90,77.58620689655173,573
single_speaker,False,2.0,116,105,90.51724137931035,573
single_speaker,False,3.0,116,87,75.0,573
single_speaker,False,4.0,116,96,82.75862068965517,573
single_speaker,False,5.0,116,89,76.72413793103449,573
colocated,False,-4.0,116,67,57.758620689655174,574
colocated,False,-2.0,116,71,61.206896551724135,574
colocated,False,0.0,116,68,58.620689655172406,574
colocated,False,1.0,116,79,68.10344827586206,574
colocated,False,2.0,116,81,69.82758620689656,574
colocated,False,3.0,116,66,56.896551724137936,574
colocated,False,4.0,116,78,67.24137931034483,574
colocated,False,5.0,116,77,66.37931034482759,574
separated,False,-4.0,116,62,53.44827586206896,574
separated,False,-2.0,116,79,68.10344827586206,574
separated,False,0.0,116,76,65.51724137931035,574
separated,False,1.0,116,94,81.03448275862068,574
separated,False,2.0,116,82,70.6896551724138,574
separated,False,3.0,116,65,56.03448275862068,574
separated,False,4.0,116,78,67.24137931034483,574
separated,False,5.0,116,75,64.65517241379311,574
single_speaker,False,-4.0,116,95,81.89655172413794,574
single_speaker,False,-2.0,116,90,77.58620689655173,574
single_speaker,False,0.0,116,94,81.03448275862068,574
single_speaker,False,1.0,116,93,80.17241379310344,574
single_speaker,False,2.0,116,100,86.20689655172413,574
single_speaker,False,3.0,116,78,67.24137931034483,574
single_speaker,False,4.0,116,88,75.86206896551724,574
single_speaker,False,5.0,116,77,66.37931034482759,574
colocated,False,-4.0,116,64,55.172413793103445,575
colocated,False,-2.0,116,64,55.172413793103445,575
colocated,False,0.0,116,80,68.96551724137932,575
colocated,False,1.0,116,83,71.55172413793103,575
colocated,False,2.0,116,82,70.6896551724138,575
colocated,False,3.0,116,62,53.44827586206896,575
colocated,False,4.0,116,79,68.10344827586206,575
colocated,False,5.0,116,81,69.82758620689656,575
separated,False,-4.0,116,64,55.172413793103445,575
separated,False,-2.0,116,70,60.3448275862069,575
separated,False,0.0,116,73,62.93103448275862,575
separated,False,1.0,116,95,81.89655172413794,575
separated,False,2.0,116,71,61.206896551724135,575
separated,False,3.0,116,66,56.896551724137936,575
separated,False,4.0,116,79,68.10344827586206,575
separated,False,5.0,116,77,66.37931034482759,575
single_speaker,False,-4.0,116,92,79.3103448275862,575
single_speaker,False,-2.0,116,76,65.51724137931035,575
single_speaker,False,0.0,116,84,72.41379310344827,575
single_speaker,False,1.0,116,88,75.86206896551724,575
single_speaker,False,2.0,116,98,84.48275862068965,575
single_speaker,False,3.0,116,92,79.3103448275862,575
single_speaker,False,4.0,116,88,75.86206896551724,575
single_speaker,False,5.0,116,85,73.27586206896551,575
colocated,False,-4.0,116,60,51.724137931034484,576
colocated,False,-2.0,116,73,62.93103448275862,576
colocated,False,0.0,116,66,56.896551724137936,576
colocated,False,1.0,116,78,67.24137931034483,576
colocated,False,2.0,116,88,75.86206896551724,576
colocated,False,3.0,116,67,57.758620689655174,576
colocated,False,4.0,116,76,65.51724137931035,576
colocated,False,5.0,116,85,73.27586206896551,576
separated,False,-4.0,116,62,53.44827586206896,576
separated,False,-2.0,116,82,70.6896551724138,576
separated,False,0.0,116,73,62.93103448275862,576
separated,False,1.0,116,97,83.62068965517241,576
separated,False,2.0,116,89,76.72413793103449,576
separated,False,3.0,116,72,62.06896551724138,576
separated,False,4.0,116,82,70.6896551724138,576
separated,False,5.0,116,86,74.13793103448276,576
single_speaker,False,-4.0,116,85,73.27586206896551,576
single_speaker,False,-2.0,116,83,71.55172413793103,576
single_speaker,False,0.0,116,82,70.6896551724138,576
single_speaker,False,1.0,116,93,80.17241379310344,576
single_speaker,False,2.0,116,91,78.44827586206897,576
single_speaker,False,3.0,116,83,71.55172413793103,576
single_speaker,False,4.0,116,93,80.17241379310344,576
single_speaker,False,5.0,116,91,78.44827586206897,576
colocated,False,-4.0,116,69,59.48275862068966,577
colocated,False,-2.0,116,70,60.3448275862069,577
colocated,False,0.0,116,80,68.96551724137932,577
colocated,False,1.0,116,75,64.65517241379311,577
colocated,False,2.0,116,85,73.27586206896551,577
colocated,False,3.0,116,63,54.310344827586206,577
colocated,False,4.0,116,83,71.55172413793103,577
colocated,False,5.0,116,72,62.06896551724138,577
separated,False,-4.0,116,56,48.275862068965516,577
separated,False,-2.0,116,68,58.620689655172406,577
separated,False,0.0,116,76,65.51724137931035,577
separated,False,1.0,116,95,81.89655172413794,577
separated,False,2.0,116,69,59.48275862068966,577
separated,False,3.0,116,72,62.06896551724138,577
separated,False,4.0,116,82,70.6896551724138,577
separated,False,5.0,116,83,71.55172413793103,577
single_speaker,False,-4.0,116,86,74.13793103448276,577
single_speaker,False,-2.0,116,77,66.37931034482759,577
single_speaker,False,0.0,116,86,74.13793103448276,577
single_speaker,False,1.0,116,90,77.58620689655173,577
single_speaker,False,2.0,116,99,85.34482758620689,577
single_speaker,False,3.0,116,86,74.13793103448276,577
single_speaker,False,4.0,116,99,85.34482758620689,577
single_speaker,False,5.0,116,86,74.13793103448276,577
colocated,False,-4.0,116,66,56.896551724137936,578
colocated,False,-2.0,116,61,52.58620689655172,578
colocated,False,0.0,116,77,66.37931034482759,578
colocated,False,1.0,116,74,63.793103448275865,578
colocated,False,2.0,116,78,67.24137931034483,578
colocated,False,3.0,116,61,52.58620689655172,578
colocated,False,4.0,116,82,70.6896551724138,578
colocated,False,5.0,116,73,62.93103448275862,578
separated,False,-4.0,116,56,48.275862068965516,578
separated,False,-2.0,116,69,59.48275862068966,578
separated,False,0.0,116,82,70.6896551724138,578
separated,False,1.0,116,96,82.75862068965517,578
separated,False,2.0,116,71,61.206896551724135,578
separated,False,3.0,116,62,53.44827586206896,578
separated,False,4.0,116,76,65.51724137931035,578
separated,False,5.0,116,78,67.24137931034483,578
single_speaker,False,-4.0,116,88,75.86206896551724,578
single_speaker,False,-2.0,116,75,64.65517241379311,578
single_speaker,False,0.0,116,83,71.55172413793103,578
single_speaker,False,1.0,116,95,81.89655172413794,578
single_speaker,False,2.0,116,100,86.20689655172413,578
single_speaker,False,3.0,116,86,74.13793103448276,578
single_speaker,False,4.0,116,100,86.20689655172413,578
single_speaker,False,5.0,116,77,66.37931034482759,578
colocated,False,-4.0,116,70,60.3448275862069,579
colocated,False,-2.0,116,64,55.172413793103445,579
colocated,False,0.0,116,75,64.65517241379311,579
colocated,False,1.0,116,75,64.65517241379311,579
colocated,False,2.0,116,85,73.27586206896551,579
colocated,False,3.0,116,65,56.03448275862068,579
colocated,False,4.0,116,79,68.10344827586206,579
colocated,False,5.0,116,84,72.41379310344827,579
separated,False,-4.0,116,63,54.310344827586206,579
separated,False,-2.0,116,83,71.55172413793103,579
separated,False,0.0,116,80,68.96551724137932,579
separated,False,1.0,116,96,82.75862068965517,579
separated,False,2.0,116,71,61.206896551724135,579
separated,False,3.0,116,72,62.06896551724138,579
separated,False,4.0,116,79,68.10344827586206,579
separated,False,5.0,116,82,70.6896551724138,579
single_speaker,False,-4.0,116,85,73.27586206896551,579
single_speaker,False,-2.0,116,73,62.93103448275862,579
single_speaker,False,0.0,116,82,70.6896551724138,579
single_speaker,False,1.0,116,95,81.89655172413794,579
single_speaker,False,2.0,116,96,82.75862068965517,579
single_speaker,False,3.0,116,89,76.72413793103449,579
single_speaker,False,4.0,116,92,79.3103448275862,579
single_speaker,False,5.0,116,73,62.93103448275862,579
colocated,False,-4.0,116,65,56.03448275862068,580
colocated,False,-2.0,116,65,56.03448275862068,580
colocated,False,0.0,116,80,68.96551724137932,580
colocated,False,1.0,116,74,63.793103448275865,580
colocated,False,2.0,116,85,73.27586206896551,580
colocated,False,3.0,116,62,53.44827586206896,580
colocated,False,4.0,116,76,65.51724137931035,580
colocated,False,5.0,116,78,67.24137931034483,580
separated,False,-4.0,116,63,54.310344827586206,580
separated,False,-2.0,116,75,64.65517241379311,580
separated,False,0.0,116,75,64.65517241379311,580
separated,False,1.0,116,97,83.62068965517241,580
separated,False,2.0,116,70,60.3448275862069,580
separated,False,3.0,116,74,63.793103448275865,580
separated,False,4.0,116,84,72.41379310344827,580
separated,False,5.0,116,71,61.206896551724135,580
single_speaker,False,-4.0,116,88,75.86206896551724,580
single_speaker,False,-2.0,116,80,68.96551724137932,580
single_speaker,False,0.0,116,83,71.55172413793103,580
single_speaker,False,1.0,116,96,82.75862068965517,580
single_speaker,False,2.0,116,104,89.65517241379311,580
single_speaker,False,3.0,116,84,72.41379310344827,580
single_speaker,False,4.0,116,97,83.62068965517241,580
single_speaker,False,5.0,116,91,78.44827586206897,580
colocated,False,-4.0,116,69,59.48275862068966,581
colocated,False,-2.0,116,66,56.896551724137936,581
colocated,False,0.0,116,71,61.206896551724135,581
colocated,False,1.0,116,79,68.10344827586206,581
colocated,False,2.0,116,86,74.13793103448276,581
colocated,False,3.0,116,66,56.896551724137936,581
colocated,False,4.0,116,75,64.65517241379311,581
colocated,False,5.0,116,76,65.51724137931035,581
separated,False,-4.0,116,57,49.137931034482754,581
separated,False,-2.0,116,74,63.793103448275865,581
separated,False,0.0,116,77,66.37931034482759,581
separated,False,1.0,116,90,77.58620689655173,581
separated,False,2.0,116,78,67.24137931034483,581
separated,False,3.0,116,79,68.10344827586206,581
separated,False,4.0,116,92,79.3103448275862,581
separated,False,5.0,116,66,56.896551724137936,581
single_speaker,False,-4.0,116,87,75.0,581
single_speaker,False,-2.0,116,77,66.37931034482759,581
single_speaker,False,0.0,116,84,72.41379310344827,581
single_speaker,False,1.0,116,88,75.86206896551724,581
single_speaker,False,2.0,116,97,83.62068965517241,581
single_speaker,False,3.0,116,76,65.51724137931035,581
single_speaker,False,4.0,116,93,80.17241379310344,581
single_speaker,False,5.0,116,90,77.58620689655173,581
colocated,False,-4.0,116,64,55.172413793103445,582
colocated,False,-2.0,116,64,55.172413793103445,582
colocated,False,0.0,116,78,67.24137931034483,582
colocated,False,1.0,116,79,68.10344827586206,582
colocated,False,2.0,116,91,78.44827586206897,582
colocated,False,3.0,116,63,54.310344827586206,582
colocated,False,4.0,116,84,72.41379310344827,582
colocated,False,5.0,116,84,72.41379310344827,582
separated,False,-4.0,116,55,47.41379310344828,582
separated,False,-2.0,116,70,60.3448275862069,582
separated,False,0.0,116,77,66.37931034482759,582
separated,False,1.0,116,81,69.82758620689656,582
separated,False,2.0,116,74,63.793103448275865,582
separated,False,3.0,116,73,62.93103448275862,582
separated,False,4.0,116,81,69.82758620689656,582
separated,False,5.0,116,75,64.65517241379311,582
single_speaker,False,-4.0,116,91,78.44827586206897,582
single_speaker,False,-2.0,116,86,74.13793103448276,582
single_speaker,False,0.0,116,86,74.13793103448276,582
single_speaker,False,1.0,116,93,80.17241379310344,582
single_speaker,False,2.0,116,96,82.75862068965517,582
single_speaker,False,3.0,116,72,62.06896551724138,582
single_speaker,False,4.0,116,95,81.89655172413794,582
single_speaker,False,5.0,116,84,72.41379310344827,582
colocated,False,-4.0,116,58,50.0,583
colocated,False,-2.0,116,65,56.03448275862068,583
colocated,False,0.0,116,76,65.51724137931035,583
colocated,False,1.0,116,80,68.96551724137932,583
colocated,False,2.0,116,86,74.13793103448276,583
colocated,False,3.0,116,65,56.03448275862068,583
colocated,False,4.0,116,84,72.41379310344827,583
colocated,False,5.0,116,81,69.82758620689656,583
separated,False,-4.0,116,63,54.310344827586206,583
separated,False,-2.0,116,76,65.51724137931035,583
separated,False,0.0,116,83,71.55172413793103,583
separated,False,1.0,116,93,80.17241379310344,583
separated,False,2.0,116,75,64.65517241379311,583
separated,False,3.0,116,74,63.793103448275865,583
separated,False,4.0,116,79,68.10344827586206,583
separated,False,5.0,116,76,65.51724137931035,583
single_speaker,False,-4.0,116,79,68.10344827586206,583
single_speaker,False,-2.0,116,86,74.13793103448276,583
single_speaker,False,0.0,116,74,63.793103448275865,583
single_speaker,False,1.0,116,96,82.75862068965517,583
single_speaker,False,2.0,116,100,86.20689655172413,583
single_speaker,False,3.0,116,87,75.0,583
single_speaker,False,4.0,116,91,78.44827586206897,583
single_speaker,False,5.0,116,84,72.41379310344827,583
colocated,False,-4.0,116,77,66.37931034482759,584
colocated,False,-2.0,116,63,54.310344827586206,584
colocated,False,0.0,116,68,58.620689655172406,584
colocated,False,1.0,116,82,70.6896551724138,584
colocated,False,2.0,116,93,80.17241379310344,584
colocated,False,3.0,116,61,52.58620689655172,584
colocated,False,4.0,116,85,73.27586206896551,584
colocated,False,5.0,116,81,69.82758620689656,584
separated,False,-4.0,116,55,47.41379310344828,584
separated,False,-2.0,116,83,71.55172413793103,584
separated,False,0.0,116,80,68.96551724137932,584
separated,False,1.0,116,90,77.58620689655173,584
separated,False,2.0,116,80,68.96551724137932,584
separated,False,3.0,116,65,56.03448275862068,584
separated,False,4.0,116,76,65.51724137931035,584
separated,False,5.0,116,73,62.93103448275862,584
single_speaker,False,-4.0,116,92,79.3103448275862,584
single_speaker,False,-2.0,116,88,75.86206896551724,584
single_speaker,False,0.0,116,86,74.13793103448276,584
single_speaker,False,1.0,116,97,83.62068965517241,584
single_speaker,False,2.0,116,98,84.48275862068965,584
single_speaker,False,3.0,116,82,70.6896551724138,584
single_speaker,False,4.0,116,89,76.72413793103449,584
single_speaker,False,5.0,116,83,71.55172413793103,584
colocated,False,-4.0,116,70,60.3448275862069,585
colocated,False,-2.0,116,59,50.86206896551724,585
colocated,False,0.0,116,75,64.65517241379311,585
colocated,False,1.0,116,72,62.06896551724138,585
colocated,False,2.0,116,95,81.89655172413794,585
colocated,False,3.0,116,65,56.03448275862068,585
colocated,False,4.0,116,76,65.51724137931035,585
colocated,False,5.0,116,84,72.41379310344827,585
separated,False,-4.0,116,57,49.137931034482754,585
separated,False,-2.0,116,72,62.06896551724138,585
separated,False,0.0,116,71,61.206896551724135,585
separated,False,1.0,116,89,76.72413793103449,585
separated,False,2.0,116,75,64.65517241379311,585
separated,False,3.0,116,65,56.03448275862068,585
separated,False,4.0,116,86,74.13793103448276,585
separated,False,5.0,116,63,54.310344827586206,585
single_speaker,False,-4.0,116,86,74.13793103448276,585
single_speaker,False,-2.0,116,76,65.51724137931035,585
single_speaker,False,0.0,116,83,71.55172413793103,585
single_speaker,False,1.0,116,100,86.20689655172413,585
single_speaker,False,2.0,116,98,84.48275862068965,585
single_speaker,False,3.0,116,84,72.41379310344827,585
single_speaker,False,4.0,116,90,77.58620689655173,585
single_speaker,False,5.0,116,79,68.10344827586206,585
colocated,False,-4.0,116,67,57.758620689655174,586
colocated,False,-2.0,116,64,55.172413793103445,586
colocated,False,0.0,116,73,62.93103448275862,586
colocated,False,1.0,116,84,72.41379310344827,586
colocated,False,2.0,116,89,76.72413793103449,586
colocated,False,3.0,116,69,59.48275862068966,586
colocated,False,4.0,116,71,61.206896551724135,586
colocated,False,5.0,116,78,67.24137931034483,586
separated,False,-4.0,116,60,51.724137931034484,586
separated,False,-2.0,116,73,62.93103448275862,586
separated,False,0.0,116,78,67.24137931034483,586
separated,False,1.0,116,92,79.3103448275862,586
separated,False,2.0,116,75,64.65517241379311,586
separated,False,3.0,116,74,63.793103448275865,586
separated,False,4.0,116,84,72.41379310344827,586
separated,False,5.0,116,74,63.793103448275865,586
single_speaker,False,-4.0,116,93,80.17241379310344,586
single_speaker,False,-2.0,116,83,71.55172413793103,586
single_speaker,False,0.0,116,79,68.10344827586206,586
single_speaker,False,1.0,116,91,78.44827586206897,586
single_speaker,False,2.0,116,103,88.79310344827587,586
single_speaker,False,3.0,116,78,67.24137931034483,586
single_speaker,False,4.0,116,91,78.44827586206897,586
single_speaker,False,5.0,116,86,74.13793103448276,586
colocated,False,-4.0,116,73,62.93103448275862,587
colocated,False,-2.0,116,75,64.65517241379311,587
colocated,False,0.0,116,69,59.48275862068966,587
colocated,False,1.0,116,80,68.96551724137932,587
colocated,False,2.0,116,87,75.0,587
colocated,False,3.0,116,73,62.93103448275862,587
colocated,False,4.0,116,72,62.06896551724138,587
colocated,False,5.0,116,78,67.24137931034483,587
separated,False,-4.0,116,62,53.44827586206896,587
separated,False,-2.0,116,79,68.10344827586206,587
separated,False,0.0,116,72,62.06896551724138,587
separated,False,1.0,116,91,78.44827586206897,587
separated,False,2.0,116,81,69.82758620689656,587
separated,False,3.0,116,73,62.93103448275862,587
separated,False,4.0,116,84,72.41379310344827,587
separated,False,5.0,116,80,68.96551724137932,587
single_speaker,False,-4.0,116,85,73.27586206896551,587
single_speaker,False,-2.0,116,79,68.10344827586206,587
single_speaker,False,0.0,116,77,66.37931034482759,587
single_speaker,False,1.0,116,89,76.72413793103449,587
single_speaker,False,2.0,116,103,88.79310344827587,587
single_speaker,False,3.0,116,78,67.24137931034483,587
single_speaker,False,4.0,116,92,79.3103448275862,587
single_speaker,False,5.0,116,75,64.65517241379311,587
colocated,False,-4.0,116,64,55.172413793103445,588
colocated,False,-2.0,116,74,63.793103448275865,588
colocated,False,0.0,116,71,61.206896551724135,588
colocated,False,1.0,116,85,73.27586206896551,588
colocated,False,2.0,116,93,80.17241379310344,588
colocated,False,3.0,116,66,56.896551724137936,588
colocated,False,4.0,116,81,69.82758620689656,588
colocated,False,5.0,116,76,65.51724137931035,588
separated,False,-4.0,116,64,55.172413793103445,588
separated,False,-2.0,116,71,61.206896551724135,588
separated,False,0.0,116,79,68.10344827586206,588
separated,False,1.0,116,98,84.48275862068965,588
separated,False,2.0,116,79,68.10344827586206,588
separated,False,3.0,116,64,55.172413793103445,588
separated,False,4.0,116,82,70.6896551724138,588
separated,False,5.0,116,71,61.206896551724135,588
single_speaker,False,-4.0,116,93,80.17241379310344,588
single_speaker,False,-2.0,116,77,66.37931034482759,588
single_speaker,False,0.0,116,85,73.27586206896551,588
single_speaker,False,1.0,116,96,82.75862068965517,588
single_speaker,False,2.0,116,99,85.34482758620689,588
single_speaker,False,3.0,116,79,68.10344827586206,588
single_speaker,False,4.0,116,91,78.44827586206897,588
single_speaker,False,5.0,116,87,75.0,588
colocated,False,-4.0,116,62,53.44827586206896,589
colocated,False,-2.0,116,61,52.58620689655172,589
colocated,False,0.0,116,74,63.793103448275865,589
colocated,False,1.0,116,76,65.51724137931035,589
colocated,False,2.0,116,80,68.96551724137932,589
colocated,False,3.0,116,59,50.86206896551724,589
colocated,False,4.0,116,79,68.10344827586206,589
colocated,False,5.0,116,88,75.86206896551724,589
separated,False,-4.0,116,58,50.0,589
separated,False,-2.0,116,71,61.206896551724135,589
separated,False,0.0,116,78,67.24137931034483,589
separated,False,1.0,116,91,78.44827586206897,589
separated,False,2.0,116,74,63.793103448275865,589
separated,False,3.0,116,70,60.3448275862069,589
separated,False,4.0,116,88,75.86206896551724,589
separated,False,5.0,116,72,62.06896551724138,589
single_speaker,False,-4.0,116,85,73.27586206896551,589
single_speaker,False,-2.0,116,76,65.51724137931035,589
single_speaker,False,0.0,116,91,78.44827586206897,589
single_speaker,False,1.0,116,88,75.86206896551724,589
single_speaker,False,2.0,116,91,78.44827586206897,589
single_speaker,False,3.0,116,85,73.27586206896551,589
single_speaker,False,4.0,116,97,83.62068965517241,589
single_speaker,False,5.0,116,83,71.55172413793103,589
colocated,False,-4.0,116,71,61.206896551724135,590
colocated,False,-2.0,116,63,54.310344827586206,590
colocated,False,0.0,116,73,62.93103448275862,590
colocated,False,1.0,116,82,70.6896551724138,590
colocated,False,2.0,116,86,74.13793103448276,590
colocated,False,3.0,116,72,62.06896551724138,590
colocated,False,4.0,116,77,66.37931034482759,590
colocated,False,5.0,116,74,63.793103448275865,590
separated,False,-4.0,116,70,60.3448275862069,590
separated,False,-2.0,116,76,65.51724137931035,590
separated,False,0.0,116,76,65.51724137931035,590
separated,False,1.0,116,101,87.06896551724138,590
separated,False,2.0,116,83,71.55172413793103,590
separated,False,3.0,116,76,65.51724137931035,590
separated,False,4.0,116,80,68.96551724137932,590
separated,False,5.0,116,73,62.93103448275862,590
single_speaker,False,-4.0,116,93,80.17241379310344,590
single_speaker,False,-2.0,116,73,62.93103448275862,590
single_speaker,False,0.0,116,89,76.72413793103449,590
single_speaker,False,1.0,116,89,76.72413793103449,590
single_speaker,False,2.0,116,101,87.06896551724138,590
single_speaker,False,3.0,116,78,67.24137931034483,590
single_speaker,False,4.0,116,95,81.89655172413794,590
single_speaker,False,5.0,116,75,64.65517241379311,590
colocated,False,-4.0,116,69,59.48275862068966,591
colocated,False,-2.0,116,72,62.06896551724138,591
colocated,False,0.0,116,74,63.793103448275865,591
colocated,False,1.0,116,74,63.793103448275865,591
colocated,False,2.0,116,85,73.27586206896551,591
colocated,False,3.0,116,70,60.3448275862069,591
colocated,False,4.0,116,82,70.6896551724138,591
colocated,False,5.0,116,70,60.3448275862069,591
separated,False,-4.0,116,61,52.58620689655172,591
separated,False,-2.0,116,67,57.758620689655174,591
separated,False,0.0,116,71,61.206896551724135,591
separated,False,1.0,116,96,82.75862068965517,591
separated,False,2.0,116,76,65.51724137931035,591
separated,False,3.0,116,66,56.896551724137936,591
separated,False,4.0,116,81,69.82758620689656,591
separated,False,5.0,116,78,67.24137931034483,591
single_speaker,False,-4.0,116,88,75.86206896551724,591
single_speaker,False,-2.0,116,85,73.27586206896551,591
single_speaker,False,0.0,116,93,80.17241379310344,591
single_speaker,False,1.0,116,83,71.55172413793103,591
single_speaker,False,2.0,116,100,86.20689655172413,591
single_speaker,False,3.0,116,74,63.793103448275865,591
single_speaker,False,4.0,116,99,85.34482758620689,591
single_speaker,False,5.0,116,83,71.55172413793103,591
colocated,False,-4.0,116,57,49.137931034482754,592
colocated,False,-2.0,116,64,55.172413793103445,592
colocated,False,0.0,116,74,63.793103448275865,592
colocated,False,1.0,116,80,68.96551724137932,592
colocated,False,2.0,116,84,72.41379310344827,592
colocated,False,3.0,116,54,46.55172413793103,592
colocated,False,4.0,116,83,71.55172413793103,592
colocated,False,5.0,116,84,72.41379310344827,592
separated,False,-4.0,116,60,51.724137931034484,592
separated,False,-2.0,116,78,67.24137931034483,592
separated,False,0.0,116,78,67.24137931034483,592
separated,False,1.0,116,87,75.0,592
separated,False,2.0,116,80,68.96551724137932,592
separated,False,3.0,116,75,64.65517241379311,592
separated,False,4.0,116,84,72.41379310344827,592
separated,False,5.0,116,77,66.37931034482759,592
single_speaker,False,-4.0,116,86,74.13793103448276,592
single_speaker,False,-2.0,116,78,67.24137931034483,592
single_speaker,False,0.0,116,84,72.41379310344827,592
single_speaker,False,1.0,116,94,81.03448275862068,592
single_speaker,False,2.0,116,93,80.17241379310344,592
single_speaker,False,3.0,116,83,71.55172413793103,592
single_speaker,False,4.0,116,86,74.13793103448276,592
single_speaker,False,5.0,116,84,72.41379310344827,592
colocated,False,-4.0,116,73,62.93103448275862,593
colocated,False,-2.0,116,64,55.172413793103445,593
colocated,False,0.0,116,83,71.55172413793103,593
colocated,False,1.0,116,84,72.41379310344827,593
colocated,False,2.0,116,89,76.72413793103449,593
colocated,False,3.0,116,63,54.310344827586206,593
colocated,False,4.0,116,81,69.82758620689656,593
colocated,False,5.0,116,80,68.96551724137932,593
separated,False,-4.0,116,59,50.86206896551724,593
separated,False,-2.0,116,84,72.41379310344827,593
separated,False,0.0,116,66,56.896551724137936,593
separated,False,1.0,116,96,82.75862068965517,593
separated,False,2.0,116,76,65.51724137931035,593
separated,False,3.0,116,70,60.3448275862069,593
separated,False,4.0,116,84,72.41379310344827,593
separated,False,5.0,116,74,63.793103448275865,593
single_speaker,False,-4.0,116,95,81.89655172413794,593
single_speaker,False,-2.0,116,84,72.41379310344827,593
single_speaker,False,0.0,116,84,72.41379310344827,593
single_speaker,False,1.0,116,95,81.89655172413794,593
single_speaker,False,2.0,116,101,87.06896551724138,593
single_speaker,False,3.0,116,82,70.6896551724138,593
single_speaker,False,4.0,116,90,77.58620689655173,593
single_speaker,False,5.0,116,85,73.27586206896551,593
colocated,False,-4.0,116,59,50.86206896551724,594
colocated,False,-2.0,116,60,51.724137931034484,594
colocated,False,0.0,116,77,66.37931034482759,594
colocated,False,1.0,116,77,66.37931034482759,594
colocated,False,2.0,116,80,68.96551724137932,594
colocated,False,3.0,116,70,60.3448275862069,594
colocated,False,4.0,116,71,61.206896551724135,594
colocated,False,5.0,116,80,68.96551724137932,594
separated,False,-4.0,116,57,49.137931034482754,594
separated,False,-2.0,116,73,62.93103448275862,594
separated,False,0.0,116,75,64.65517241379311,594
separated,False,1.0,116,96,82.75862068965517,594
separated,False,2.0,116,71,61.206896551724135,594
separated,False,3.0,116,75,64.65517241379311,594
separated,False,4.0,116,86,74.13793103448276,594
separated,False,5.0,116,89,76.72413793103449,594
single_speaker,False,-4.0,116,94,81.03448275862068,594
single_speaker,False,-2.0,116,80,68.96551724137932,594
single_speaker,False,0.0,116,84,72.41379310344827,594
single_speaker,False,1.0,116,88,75.86206896551724,594
single_speaker,False,2.0,116,103,88.79310344827587,594
single_speaker,False,3.0,116,91,78.44827586206897,594
single_speaker,False,4.0,116,88,75.86206896551724,594
single_speaker,False,5.0,116,79,68.10344827586206,594
colocated,False,-4.0,116,67,57.758620689655174,595
colocated,False,-2.0,116,63,54.310344827586206,595
colocated,False,0.0,116,74,63.793103448275865,595
colocated,False,1.0,116,78,67.24137931034483,595
colocated,False,2.0,116,87,75.0,595
colocated,False,3.0,116,74,63.793103448275865,595
colocated,False,4.0,116,72,62.06896551724138,595
colocated,False,5.0,116,79,68.10344827586206,595
separated,False,-4.0,116,74,63.793103448275865,595
separated,False,-2.0,116,73,62.93103448275862,595
separated,False,0.0,116,77,66.37931034482759,595
separated,False,1.0,116,91,78.44827586206897,595
separated,False,2.0,116,77,66.37931034482759,595
separated,False,3.0,116,74,63.793103448275865,595
separated,False,4.0,116,86,74.13793103448276,595
separated,False,5.0,116,83,71.55172413793103,595
single_speaker,False,-4.0,116,90,77.58620689655173,595
single_speaker,False,-2.0,116,77,66.37931034482759,595
single_speaker,False,0.0,116,81,69.82758620689656,595
single_speaker,False,1.0,116,95,81.89655172413794,595
single_speaker,False,2.0,116,102,87.93103448275862,595
single_speaker,False,3.0,116,80,68.96551724137932,595
single_speaker,False,4.0,116,92,79.3103448275862,595
single_speaker,False,5.0,116,85,73.27586206896551,595
colocated,False,-4.0,116,64,55.172413793103445,596
colocated,False,-2.0,116,64,55.172413793103445,596
colocated,False,0.0,116,71,61.206896551724135,596
colocated,False,1.0,116,71,61.206896551724135,596
colocated,False,2.0,116,87,75.0,596
colocated,False,3.0,116,69,59.48275862068966,596
colocated,False,4.0,116,77,66.37931034482759,596
colocated,False,5.0,116,75,64.65517241379311,596
separated,False,-4.0,116,59,50.86206896551724,596
separated,False,-2.0,116,76,65.51724137931035,596
separated,False,0.0,116,83,71.55172413793103,596
separated,False,1.0,116,93,80.17241379310344,596
separated,False,2.0,116,87,75.0,596
separated,False,3.0,116,72,62.06896551724138,596
separated,False,4.0,116,85,73.27586206896551,596
separated,False,5.0,116,84,72.41379310344827,596
single_speaker,False,-4.0,116,88,75.86206896551724,596
single_speaker,False,-2.0,116,76,65.51724137931035,596
single_speaker,False,0.0,116,87,75.0,596
single_speaker,False,1.0,116,99,85.34482758620689,596
single_speaker,False,2.0,116,94,81.03448275862068,596
single_speaker,False,3.0,116,92,79.3103448275862,596
single_speaker,False,4.0,116,87,75.0,596
single_speaker,False,5.0,116,85,73.27586206896551,596
colocated,False,-4.0,116,68,58.620689655172406,597
colocated,False,-2.0,116,73,62.93103448275862,597
colocated,False,0.0,116,71,61.206896551724135,597
colocated,False,1.0,116,80,68.96551724137932,597
colocated,False,2.0,116,89,76.72413793103449,597
colocated,False,3.0,116,55,47.41379310344828,597
colocated,False,4.0,116,79,68.10344827586206,597
colocated,False,5.0,116,80,68.96551724137932,597
separated,False,-4.0,116,63,54.310344827586206,597
separated,False,-2.0,116,77,66.37931034482759,597
separated,False,0.0,116,76,65.51724137931035,597
separated,False,1.0,116,98,84.48275862068965,597
separated,False,2.0,116,78,67.24137931034483,597
separated,False,3.0,116,76,65.51724137931035,597
separated,False,4.0,116,83,71.55172413793103,597
separated,False,5.0,116,73,62.93103448275862,597
single_speaker,False,-4.0,116,87,75.0,597
single_speaker,False,-2.0,116,76,65.51724137931035,597
single_speaker,False,0.0,116,81,69.82758620689656,597
single_speaker,False,1.0,116,97,83.62068965517241,597
single_speaker,False,2.0,116,104,89.65517241379311,597
single_speaker,False,3.0,116,86,74.13793103448276,597
single_speaker,False,4.0,116,88,75.86206896551724,597
single_speaker,False,5.0,116,80,68.96551724137932,597
colocated,False,-4.0,116,68,58.620689655172406,598
colocated,False,-2.0,116,63,54.310344827586206,598
colocated,False,0.0,116,72,62.06896551724138,598
colocated,False,1.0,116,74,63.793103448275865,598
colocated,False,2.0,116,88,75.86206896551724,598
colocated,False,3.0,116,68,58.620689655172406,598
colocated,False,4.0,116,87,75.0,598
colocated,False,5.0,116,82,70.6896551724138,598
separated,False,-4.0,116,58,50.0,598
separated,False,-2.0,116,73,62.93103448275862,598
separated,False,0.0,116,79,68.10344827586206,598
separated,False,1.0,116,95,81.89655172413794,598
separated,False,2.0,116,76,65.51724137931035,598
separated,False,3.0,116,72,62.06896551724138,598
separated,False,4.0,116,90,77.58620689655173,598
separated,False,5.0,116,73,62.93103448275862,598
single_speaker,False,-4.0,116,90,77.58620689655173,598
single_speaker,False,-2.0,116,74,63.793103448275865,598
single_speaker,False,0.0,116,84,72.41379310344827,598
single_speaker,False,1.0,116,95,81.89655172413794,598
single_speaker,False,2.0,116,98,84.48275862068965,598
single_speaker,False,3.0,116,88,75.86206896551724,598
single_speaker,False,4.0,116,99,85.34482758620689,598
single_speaker,False,5.0,116,82,70.6896551724138,598
colocated,False,-4.0,116,58,50.0,599
colocated,False,-2.0,116,55,47.41379310344828,599
colocated,False,0.0,116,74,63.793103448275865,599
colocated,False,1.0,116,74,63.793103448275865,599
colocated,False,2.0,116,88,75.86206896551724,599
colocated,False,3.0,116,74,63.793103448275865,599
colocated,False,4.0,116,85,73.27586206896551,599
colocated,False,5.0,116,75,64.65517241379311,599
separated,False,-4.0,116,61,52.58620689655172,599
separated,False,-2.0,116,70,60.3448275862069,599
separated,False,0.0,116,73,62.93103448275862,599
separated,False,1.0,116,98,84.48275862068965,599
separated,False,2.0,116,62,53.44827586206896,599
separated,False,3.0,116,65,56.03448275862068,599
separated,False,4.0,116,83,71.55172413793103,599
separated,False,5.0,116,77,66.37931034482759,599
single_speaker,False,-4.0,116,81,69.82758620689656,599
single_speaker,False,-2.0,116,81,69.82758620689656,599
single_speaker,False,0.0,116,92,79.3103448275862,599
single_speaker,False,1.0,116,93,80.17241379310344,599
single_speaker,False,2.0,116,104,89.65517241379311,599
single_speaker,False,3.0,116,89,76.72413793103449,599
single_speaker,False,4.0,116,91,78.44827586206897,599
single_speaker,False,5.0,116,86,74.13793103448276,599
colocated,False,-4.0,116,70,60.3448275862069,600
colocated,False,-2.0,116,61,52.58620689655172,600
colocated,False,0.0,116,74,63.793103448275865,600
colocated,False,1.0,116,80,68.96551724137932,600
colocated,False,2.0,116,90,77.58620689655173,600
colocated,False,3.0,116,69,59.48275862068966,600
colocated,False,4.0,116,77,66.37931034482759,600
colocated,False,5.0,116,84,72.41379310344827,600
separated,False,-4.0,116,61,52.58620689655172,600
separated,False,-2.0,116,83,71.55172413793103,600
separated,False,0.0,116,63,54.310344827586206,600
separated,False,1.0,116,92,79.3103448275862,600
separated,False,2.0,116,72,62.06896551724138,600
separated,False,3.0,116,68,58.620689655172406,600
separated,False,4.0,116,85,73.27586206896551,600
separated,False,5.0,116,83,71.55172413793103,600
single_speaker,False,-4.0,116,89,76.72413793103449,600
single_speaker,False,-2.0,116,73,62.93103448275862,600
single_speaker,False,0.0,116,86,74.13793103448276,600
single_speaker,False,1.0,116,98,84.48275862068965,600
single_speaker,False,2.0,116,95,81.89655172413794,600
single_speaker,False,3.0,116,79,68.10344827586206,600
single_speaker,False,4.0,116,95,81.89655172413794,600
single_speaker,False,5.0,116,78,67.24137931034483,600
colocated,False,-4.0,116,68,58.620689655172406,601
colocated,False,-2.0,116,66,56.896551724137936,601
colocated,False,0.0,116,76,65.51724137931035,601
colocated,False,1.0,116,76,65.51724137931035,601
colocated,False,2.0,116,85,73.27586206896551,601
colocated,False,3.0,116,58,50.0,601
colocated,False,4.0,116,76,65.51724137931035,601
colocated,False,5.0,116,83,71.55172413793103,601
separated,False,-4.0,116,61,52.58620689655172,601
separated,False,-2.0,116,82,70.6896551724138,601
separated,False,0.0,116,76,65.51724137931035,601
separated,False,1.0,116,93,80.17241379310344,601
separated,False,2.0,116,81,69.82758620689656,601
separated,False,3.0,116,75,64.65517241379311,601
separated,False,4.0,116,80,68.96551724137932,601
separated,False,5.0,116,68,58.620689655172406,601
single_speaker,False,-4.0,116,87,75.0,601
single_speaker,False,-2.0,116,80,68.96551724137932,601
single_speaker,False,0.0,116,82,70.6896551724138,601
single_speaker,False,1.0,116,89,76.72413793103449,601
single_speaker,False,2.0,116,91,78.44827586206897,601
single_speaker,False,3.0,116,87,75.0,601
single_speaker,False,4.0,116,90,77.58620689655173,601
single_speaker,False,5.0,116,79,68.10344827586206,601
colocated,False,-4.0,116,67,57.758620689655174,602
colocated,False,-2.0,116,70,60.3448275862069,602
colocated,False,0.0,116,76,65.51724137931035,602
colocated,False,1.0,116,80,68.96551724137932,602
colocated,False,2.0,116,84,72.41379310344827,602
colocated,False,3.0,116,67,57.758620689655174,602
colocated,False,4.0,116,79,68.10344827586206,602
colocated,False,5.0,116,85,73.27586206896551,602
separated,False,-4.0,116,71,61.206896551724135,602
separated,False,-2.0,116,74,63.793103448275865,602
separated,False,0.0,116,70,60.3448275862069,602
separated,False,1.0,116,87,75.0,602
separated,False,2.0,116,74,63.793103448275865,602
separated,False,3.0,116,76,65.51724137931035,602
separated,False,4.0,116,86,74.13793103448276,602
separated,False,5.0,116,81,69.82758620689656,602
single_speaker,False,-4.0,116,85,73.27586206896551,602
single_speaker,False,-2.0,116,81,69.82758620689656,602
single_speaker,False,0.0,116,88,75.86206896551724,602
single_speaker,False,1.0,116,91,78.44827586206897,602
single_speaker,False,2.0,116,97,83.62068965517241,602
single_speaker,False,3.0,116,92,79.3103448275862,602
single_speaker,False,4.0,116,96,82.75862068965517,602
single_speaker,False,5.0,116,80,68.96551724137932,602
colocated,False,-4.0,116,74,63.793103448275865,603
colocated,False,-2.0,116,61,52.58620689655172,603
colocated,False,0.0,116,68,58.620689655172406,603
colocated,False,1.0,116,73,62.93103448275862,603
colocated,False,2.0,116,92,79.3103448275862,603
colocated,False,3.0,116,64,55.172413793103445,603
colocated,False,4.0,116,81,69.82758620689656,603
colocated,False,5.0,116,86,74.13793103448276,603
separated,False,-4.0,116,62,53.44827586206896,603
separated,False,-2.0,116,76,65.51724137931035,603
separated,False,0.0,116,79,68.10344827586206,603
separated,False,1.0,116,97,83.62068965517241,603
separated,False,2.0,116,78,67.24137931034483,603
separated,False,3.0,116,66,56.896551724137936,603
separated,False,4.0,116,86,74.13793103448276,603
separated,False,5.0,116,78,67.24137931034483,603
single_speaker,False,-4.0,116,84,72.41379310344827,603
single_speaker,False,-2.0,116,88,75.86206896551724,603
single_speaker,False,0.0,116,82,70.6896551724138,603
single_speaker,False,1.0,116,89,76.72413793103449,603
single_speaker,False,2.0,116,97,83.62068965517241,603
single_speaker,False,3.0,116,88,75.86206896551724,603
single_speaker,False,4.0,116,96,82.75862068965517,603
single_speaker,False,5.0,116,80,68.96551724137932,603
colocated,False,-4.0,116,70,60.3448275862069,604
colocated,False,-2.0,116,67,57.758620689655174,604
colocated,False,0.0,116,69,59.48275862068966,604
colocated,False,1.0,116,76,65.51724137931035,604
colocated,False,2.0,116,91,78.44827586206897,604
colocated,False,3.0,116,60,51.724137931034484,604
colocated,False,4.0,116,83,71.55172413793103,604
colocated,False,5.0,116,79,68.10344827586206,604
separated,False,-4.0,116,65,56.03448275862068,604
separated,False,-2.0,116,71,61.206896551724135,604
separated,False,0.0,116,77,66.37931034482759,604
separated,False,1.0,116,93,80.17241379310344,604
separated,False,2.0,116,74,63.793103448275865,604
separated,False,3.0,116,73,62.93103448275862,604
separated,False,4.0,116,87,75.0,604
separated,False,5.0,116,76,65.51724137931035,604
single_speaker,False,-4.0,116,91,78.44827586206897,604
single_speaker,False,-2.0,116,87,75.0,604
single_speaker,False,0.0,116,81,69.82758620689656,604
single_speaker,False,1.0,116,83,71.55172413793103,604
single_speaker,False,2.0,116,104,89.65517241379311,604
single_speaker,False,3.0,116,85,73.27586206896551,604
single_speaker,False,4.0,116,93,80.17241379310344,604
single_speaker,False,5.0,116,84,72.41379310344827,604
colocated,False,-4.0,116,67,57.758620689655174,605
colocated,False,-2.0,116,54,46.55172413793103,605
colocated,False,0.0,116,71,61.206896551724135,605
colocated,False,1.0,116,74,63.793103448275865,605
colocated,False,2.0,116,86,74.13793103448276,605
colocated,False,3.0,116,68,58.620689655172406,605
colocated,False,4.0,116,73,62.93103448275862,605
colocated,False,5.0,116,84,72.41379310344827,605
separated,False,-4.0,116,65,56.03448275862068,605
separated,False,-2.0,116,66,56.896551724137936,605
separated,False,0.0,116,72,62.06896551724138,605
separated,False,1.0,116,89,76.72413793103449,605
separated,False,2.0,116,81,69.82758620689656,605
separated,False,3.0,116,74,63.793103448275865,605
separated,False,4.0,116,80,68.96551724137932,605
separated,False,5.0,116,83,71.55172413793103,605
single_speaker,False,-4.0,116,92,79.3103448275862,605
single_speaker,False,-2.0,116,87,75.0,605
single_speaker,False,0.0,116,90,77.58620689655173,605
single_speaker,False,1.0,116,98,84.48275862068965,605
single_speaker,False,2.0,116,101,87.06896551724138,605
single_speaker,False,3.0,116,83,71.55172413793103,605
single_speaker,False,4.0,116,89,76.72413793103449,605
single_speaker,False,5.0,116,82,70.6896551724138,605
colocated,False,-4.0,116,60,51.724137931034484,606
colocated,False,-2.0,116,72,62.06896551724138,606
colocated,False,0.0,116,70,60.3448275862069,606
colocated,False,1.0,116,79,68.10344827586206,606
colocated,False,2.0,116,88,75.86206896551724,606
colocated,False,3.0,116,64,55.172413793103445,606
colocated,False,4.0,116,76,65.51724137931035,606
colocated,False,5.0,116,87,75.0,606
separated,False,-4.0,116,64,55.172413793103445,606
separated,False,-2.0,116,75,64.65517241379311,606
separated,False,0.0,116,86,74.13793103448276,606
separated,False,1.0,116,87,75.0,606
separated,False,2.0,116,74,63.793103448275865,606
separated,False,3.0,116,72,62.06896551724138,606
separated,False,4.0,116,82,70.6896551724138,606
separated,False,5.0,116,74,63.793103448275865,606
single_speaker,False,-4.0,116,83,71.55172413793103,606
single_speaker,False,-2.0,116,78,67.24137931034483,606
single_speaker,False,0.0,116,91,78.44827586206897,606
single_speaker,False,1.0,116,91,78.44827586206897,606
single_speaker,False,2.0,116,103,88.79310344827587,606
single_speaker,False,3.0,116,86,74.13793103448276,606
single_speaker,False,4.0,116,91,78.44827586206897,606
single_speaker,False,5.0,116,81,69.82758620689656,606
colocated,False,-4.0,116,64,55.172413793103445,607
colocated,False,-2.0,116,60,51.724137931034484,607
colocated,False,0.0,116,72,62.06896551724138,607
colocated,False,1.0,116,77,66.37931034482759,607
colocated,False,2.0,116,95,81.89655172413794,607
colocated,False,3.0,116,65,56.03448275862068,607
colocated,False,4.0,116,74,63.793103448275865,607
colocated,False,5.0,116,90,77.58620689655173,607
separated,False,-4.0,116,60,51.724137931034484,607
separated,False,-2.0,116,75,64.65517241379311,607
separated,False,0.0,116,89,76.72413793103449,607
separated,False,1.0,116,95,81.89655172413794,607
separated,False,2.0,116,80,68.96551724137932,607
separated,False,3.0,116,74,63.793103448275865,607
separated,False,4.0,116,84,72.41379310344827,607
separated,False,5.0,116,86,74.13793103448276,607
single_speaker,False,-4.0,116,92,79.3103448275862,607
single_speaker,False,-2.0,116,81,69.82758620689656,607
single_speaker,False,0.0,116,89,76.72413793103449,607
single_speaker,False,1.0,116,91,78.44827586206897,607
single_speaker,False,2.0,116,101,87.06896551724138,607
single_speaker,False,3.0,116,81,69.82758620689656,607
single_speaker,False,4.0,116,92,79.3103448275862,607
single_speaker,False,5.0,116,91,78.44827586206897,607
colocated,False,-4.0,116,68,58.620689655172406,608
colocated,False,-2.0,116,74,63.793103448275865,608
colocated,False,0.0,116,76,65.51724137931035,608
colocated,False,1.0,116,76,65.51724137931035,608
colocated,False,2.0,116,78,67.24137931034483,608
colocated,False,3.0,116,65,56.03448275862068,608
colocated,False,4.0,116,75,64.65517241379311,608
colocated,False,5.0,116,72,62.06896551724138,608
separated,False,-4.0,116,64,55.172413793103445,608
separated,False,-2.0,116,64,55.172413793103445,608
separated,False,0.0,116,82,70.6896551724138,608
separated,False,1.0,116,93,80.17241379310344,608
separated,False,2.0,116,78,67.24137931034483,608
separated,False,3.0,116,75,64.65517241379311,608
separated,False,4.0,116,92,79.3103448275862,608
separated,False,5.0,116,79,68.10344827586206,608
single_speaker,False,-4.0,116,82,70.6896551724138,608
single_speaker,False,-2.0,116,72,62.06896551724138,608
single_speaker,False,0.0,116,85,73.27586206896551,608
single_speaker,False,1.0,116,97,83.62068965517241,608
single_speaker,False,2.0,116,98,84.48275862068965,608
single_speaker,False,3.0,116,84,72.41379310344827,608
single_speaker,False,4.0,116,89,76.72413793103449,608
single_speaker,False,5.0,116,91,78.44827586206897,608
colocated,False,-4.0,116,61,52.58620689655172,609
colocated,False,-2.0,116,67,57.758620689655174,609
colocated,False,0.0,116,69,59.48275862068966,609
colocated,False,1.0,116,82,70.6896551724138,609
colocated,False,2.0,116,87,75.0,609
colocated,False,3.0,116,67,57.758620689655174,609
colocated,False,4.0,116,81,69.82758620689656,609
colocated,False,5.0,116,79,68.10344827586206,609
separated,False,-4.0,116,59,50.86206896551724,609
separated,False,-2.0,116,77,66.37931034482759,609
separated,False,0.0,116,69,59.48275862068966,609
separated,False,1.0,116,95,81.89655172413794,609
separated,False,2.0,116,81,69.82758620689656,609
separated,False,3.0,116,75,64.65517241379311,609
separated,False,4.0,116,83,71.55172413793103,609
separated,False,5.0,116,81,69.82758620689656,609
single_speaker,False,-4.0,116,88,75.86206896551724,609
single_speaker,False,-2.0,116,90,77.58620689655173,609
single_speaker,False,0.0,116,82,70.6896551724138,609
single_speaker,False,1.0,116,92,79.3103448275862,609
single_speaker,False,2.0,116,97,83.62068965517241,609
single_speaker,False,3.0,116,91,78.44827586206897,609
single_speaker,False,4.0,116,93,80.17241379310344,609
single_speaker,False,5.0,116,88,75.86206896551724,609
colocated,False,-4.0,116,62,53.44827586206896,610
colocated,False,-2.0,116,63,54.310344827586206,610
colocated,False,0.0,116,74,63.793103448275865,610
colocated,False,1.0,116,78,67.24137931034483,610
colocated,False,2.0,116,92,79.3103448275862,610
colocated,False,3.0,116,64,55.172413793103445,610
colocated,False,4.0,116,76,65.51724137931035,610
colocated,False,5.0,116,79,68.10344827586206,610
separated,False,-4.0,116,59,50.86206896551724,610
separated,False,-2.0,116,78,67.24137931034483,610
separated,False,0.0,116,75,64.65517241379311,610
separated,False,1.0,116,92,79.3103448275862,610
separated,False,2.0,116,62,53.44827586206896,610
separated,False,3.0,116,65,56.03448275862068,610
separated,False,4.0,116,87,75.0,610
separated,False,5.0,116,84,72.41379310344827,610
single_speaker,False,-4.0,116,86,74.13793103448276,610
single_speaker,False,-2.0,116,76,65.51724137931035,610
single_speaker,False,0.0,116,90,77.58620689655173,610
single_speaker,False,1.0,116,92,79.3103448275862,610
single_speaker,False,2.0,116,103,88.79310344827587,610
single_speaker,False,3.0,116,86,74.13793103448276,610
single_speaker,False,4.0,116,95,81.89655172413794,610
single_speaker,False,5.0,116,92,79.3103448275862,610
colocated,False,-4.0,116,60,51.724137931034484,611
colocated,False,-2.0,116,69,59.48275862068966,611
colocated,False,0.0,116,77,66.37931034482759,611
colocated,False,1.0,116,80,68.96551724137932,611
colocated,False,2.0,116,89,76.72413793103449,611
colocated,False,3.0,116,64,55.172413793103445,611
colocated,False,4.0,116,81,69.82758620689656,611
colocated,False,5.0,116,75,64.65517241379311,611
separated,False,-4.0,116,69,59.48275862068966,611
separated,False,-2.0,116,83,71.55172413793103,611
separated,False,0.0,116,80,68.96551724137932,611
separated,False,1.0,116,94,81.03448275862068,611
separated,False,2.0,116,76,65.51724137931035,611
separated,False,3.0,116,71,61.206896551724135,611
separated,False,4.0,116,78,67.24137931034483,611
separated,False,5.0,116,71,61.206896551724135,611
single_speaker,False,-4.0,116,88,75.86206896551724,611
single_speaker,False,-2.0,116,79,68.10344827586206,611
single_speaker,False,0.0,116,83,71.55172413793103,611
single_speaker,False,1.0,116,94,81.03448275862068,611
single_speaker,False,2.0,116,98,84.48275862068965,611
single_speaker,False,3.0,116,90,77.58620689655173,611
single_speaker,False,4.0,116,96,82.75862068965517,611
single_speaker,False,5.0,116,78,67.24137931034483,611
colocated,False,-4.0,116,68,58.620689655172406,612
colocated,False,-2.0,116,65,56.03448275862068,612
colocated,False,0.0,116,73,62.93103448275862,612
colocated,False,1.0,116,80,68.96551724137932,612
colocated,False,2.0,116,91,78.44827586206897,612
colocated,False,3.0,116,60,51.724137931034484,612
colocated,False,4.0,116,71,61.206896551724135,612
colocated,False,5.0,116,77,66.37931034482759,612
separated,False,-4.0,116,53,45.689655172413794,612
separated,False,-2.0,116,76,65.51724137931035,612
separated,False,0.0,116,82,70.6896551724138,612
separated,False,1.0,116,99,85.34482758620689,612
separated,False,2.0,116,74,63.793103448275865,612
separated,False,3.0,116,77,66.37931034482759,612
separated,False,4.0,116,77,66.37931034482759,612
separated,False,5.0,116,78,67.24137931034483,612
single_speaker,False,-4.0,116,86,74.13793103448276,612
single_speaker,False,-2.0,116,77,66.37931034482759,612
single_speaker,False,0.0,116,87,75.0,612
single_speaker,False,1.0,116,93,80.17241379310344,612
single_speaker,False,2.0,116,97,83.62068965517241,612
single_speaker,False,3.0,116,79,68.10344827586206,612
single_speaker,False,4.0,116,91,78.44827586206897,612
single_speaker,False,5.0,116,87,75.0,612
colocated,False,-4.0,116,73,62.93103448275862,613
colocated,False,-2.0,116,70,60.3448275862069,613
colocated,False,0.0,116,72,62.06896551724138,613
colocated,False,1.0,116,73,62.93103448275862,613
colocated,False,2.0,116,89,76.72413793103449,613
colocated,False,3.0,116,76,65.51724137931035,613
colocated,False,4.0,116,81,69.82758620689656,613
colocated,False,5.0,116,83,71.55172413793103,613
separated,False,-4.0,116,62,53.44827586206896,613
separated,False,-2.0,116,74,63.793103448275865,613
separated,False,0.0,116,70,60.3448275862069,613
separated,False,1.0,116,90,77.58620689655173,613
separated,False,2.0,116,85,73.27586206896551,613
separated,False,3.0,116,74,63.793103448275865,613
separated,False,4.0,116,77,66.37931034482759,613
separated,False,5.0,116,75,64.65517241379311,613
single_speaker,False,-4.0,116,91,78.44827586206897,613
single_speaker,False,-2.0,116,75,64.65517241379311,613
single_speaker,False,0.0,116,79,68.10344827586206,613
single_speaker,False,1.0,116,91,78.44827586206897,613
single_speaker,False,2.0,116,103,88.79310344827587,613
single_speaker,False,3.0,116,83,71.55172413793103,613
single_speaker,False,4.0,116,89,76.72413793103449,613
single_speaker,False,5.0,116,88,75.86206896551724,613
colocated,False,-4.0,116,66,56.896551724137936,614
colocated,False,-2.0,116,57,49.137931034482754,614
colocated,False,0.0,116,65,56.03448275862068,614
colocated,False,1.0,116,84,72.41379310344827,614
colocated,False,2.0,116,85,73.27586206896551,614
colocated,False,3.0,116,58,50.0,614
colocated,False,4.0,116,83,71.55172413793103,614
colocated,False,5.0,116,81,69.82758620689656,614
separated,False,-4.0,116,68,58.620689655172406,614
separated,False,-2.0,116,73,62.93103448275862,614
separated,False,0.0,116,88,75.86206896551724,614
separated,False,1.0,116,89,76.72413793103449,614
separated,False,2.0,116,86,74.13793103448276,614
separated,False,3.0,116,62,53.44827586206896,614
separated,False,4.0,116,88,75.86206896551724,614
separated,False,5.0,116,74,63.793103448275865,614
single_speaker,False,-4.0,116,79,68.10344827586206,614
single_speaker,False,-2.0,116,72,62.06896551724138,614
single_speaker,False,0.0,116,83,71.55172413793103,614
single_speaker,False,1.0,116,99,85.34482758620689,614
single_speaker,False,2.0,116,98,84.48275862068965,614
single_speaker,False,3.0,116,78,67.24137931034483,614
single_speaker,False,4.0,116,98,84.48275862068965,614
single_speaker,False,5.0,116,83,71.55172413793103,614
colocated,False,-4.0,116,64,55.172413793103445,615
colocated,False,-2.0,116,67,57.758620689655174,615
colocated,False,0.0,116,75,64.65517241379311,615
colocated,False,1.0,116,84,72.41379310344827,615
colocated,False,2.0,116,88,75.86206896551724,615
colocated,False,3.0,116,62,53.44827586206896,615
colocated,False,4.0,116,74,63.793103448275865,615
colocated,False,5.0,116,89,76.72413793103449,615
separated,False,-4.0,116,60,51.724137931034484,615
separated,False,-2.0,116,71,61.206896551724135,615
separated,False,0.0,116,74,63.793103448275865,615
separated,False,1.0,116,98,84.48275862068965,615
separated,False,2.0,116,73,62.93103448275862,615
separated,False,3.0,116,78,67.24137931034483,615
separated,False,4.0,116,91,78.44827586206897,615
separated,False,5.0,116,70,60.3448275862069,615
single_speaker,False,-4.0,116,83,71.55172413793103,615
single_speaker,False,-2.0,116,79,68.10344827586206,615
single_speaker,False,0.0,116,86,74.13793103448276,615
single_speaker,False,1.0,116,96,82.75862068965517,615
single_speaker,False,2.0,116,101,87.06896551724138,615
single_speaker,False,3.0,116,90,77.58620689655173,615
single_speaker,False,4.0,116,95,81.89655172413794,615
single_speaker,False,5.0,116,86,74.13793103448276,615
colocated,False,-4.0,116,68,58.620689655172406,616
colocated,False,-2.0,116,65,56.03448275862068,616
colocated,False,0.0,116,65,56.03448275862068,616
colocated,False,1.0,116,88,75.86206896551724,616
colocated,False,2.0,116,83,71.55172413793103,616
colocated,False,3.0,116,68,58.620689655172406,616
colocated,False,4.0,116,75,64.65517241379311,616
colocated,False,5.0,116,77,66.37931034482759,616
separated,False,-4.0,116,69,59.48275862068966,616
separated,False,-2.0,116,77,66.37931034482759,616
separated,False,0.0,116,80,68.96551724137932,616
separated,False,1.0,116,99,85.34482758620689,616
separated,False,2.0,116,76,65.51724137931035,616
separated,False,3.0,116,68,58.620689655172406,616
separated,False,4.0,116,75,64.65517241379311,616
separated,False,5.0,116,71,61.206896551724135,616
single_speaker,False,-4.0,116,83,71.55172413793103,616
single_speaker,False,-2.0,116,77,66.37931034482759,616
single_speaker,False,0.0,116,92,79.3103448275862,616
single_speaker,False,1.0,116,85,73.27586206896551,616
single_speaker,False,2.0,116,100,86.20689655172413,616
single_speaker,False,3.0,116,86,74.13793103448276,616
single_speaker,False,4.0,116,104,89.65517241379311,616
single_speaker,False,5.0,116,86,74.13793103448276,616
colocated,False,-4.0,116,72,62.06896551724138,617
colocated,False,-2.0,116,58,50.0,617
colocated,False,0.0,116,73,62.93103448275862,617
colocated,False,1.0,116,70,60.3448275862069,617
colocated,False,2.0,116,85,73.27586206896551,617
colocated,False,3.0,116,63,54.310344827586206,617
colocated,False,4.0,116,67,57.758620689655174,617
colocated,False,5.0,116,74,63.793103448275865,617
separated,False,-4.0,116,59,50.86206896551724,617
separated,False,-2.0,116,70,60.3448275862069,617
separated,False,0.0,116,75,64.65517241379311,617
separated,False,1.0,116,99,85.34482758620689,617
separated,False,2.0,116,75,64.65517241379311,617
separated,False,3.0,116,69,59.48275862068966,617
separated,False,4.0,116,78,67.24137931034483,617
separated,False,5.0,116,78,67.24137931034483,617
single_speaker,False,-4.0,116,86,74.13793103448276,617
single_speaker,False,-2.0,116,83,71.55172413793103,617
single_speaker,False,0.0,116,90,77.58620689655173,617
single_speaker,False,1.0,116,94,81.03448275862068,617
single_speaker,False,2.0,116,98,84.48275862068965,617
single_speaker,False,3.0,116,78,67.24137931034483,617
single_speaker,False,4.0,116,88,75.86206896551724,617
single_speaker,False,5.0,116,90,77.58620689655173,617
colocated,False,-4.0,116,75,64.65517241379311,618
colocated,False,-2.0,116,62,53.44827586206896,618
colocated,False,0.0,116,73,62.93103448275862,618
colocated,False,1.0,116,73,62.93103448275862,618
colocated,False,2.0,116,79,68.10344827586206,618
colocated,False,3.0,116,63,54.310344827586206,618
colocated,False,4.0,116,75,64.65517241379311,618
colocated,False,5.0,116,87,75.0,618
separated,False,-4.0,116,69,59.48275862068966,618
separated,False,-2.0,116,68,58.620689655172406,618
separated,False,0.0,116,74,63.793103448275865,618
separated,False,1.0,116,89,76.72413793103449,618
separated,False,2.0,116,81,69.82758620689656,618
separated,False,3.0,116,68,58.620689655172406,618
separated,False,4.0,116,90,77.58620689655173,618
separated,False,5.0,116,79,68.10344827586206,618
single_speaker,False,-4.0,116,88,75.86206896551724,618
single_speaker,False,-2.0,116,74,63.793103448275865,618
single_speaker,False,0.0,116,85,73.27586206896551,618
single_speaker,False,1.0,116,95,81.89655172413794,618
single_speaker,False,2.0,116,99,85.34482758620689,618
single_speaker,False,3.0,116,79,68.10344827586206,618
single_speaker,False,4.0,116,99,85.34482758620689,618
single_speaker,False,5.0,116,87,75.0,618
colocated,False,-4.0,116,63,54.310344827586206,619
colocated,False,-2.0,116,63,54.310344827586206,619
colocated,False,0.0,116,81,69.82758620689656,619
colocated,False,1.0,116,78,67.24137931034483,619
colocated,False,2.0,116,87,75.0,619
colocated,False,3.0,116,66,56.896551724137936,619
colocated,False,4.0,116,81,69.82758620689656,619
colocated,False,5.0,116,90,77.58620689655173,619
separated,False,-4.0,116,63,54.310344827586206,619
separated,False,-2.0,116,77,66.37931034482759,619
separated,False,0.0,116,78,67.24137931034483,619
separated,False,1.0,116,101,87.06896551724138,619
separated,False,2.0,116,77,66.37931034482759,619
separated,False,3.0,116,71,61.206896551724135,619
separated,False,4.0,116,84,72.41379310344827,619
separated,False,5.0,116,75,64.65517241379311,619
single_speaker,False,-4.0,116,86,74.13793103448276,619
single_speaker,False,-2.0,116,87,75.0,619
single_speaker,False,0.0,116,72,62.06896551724138,619
single_speaker,False,1.0,116,98,84.48275862068965,619
single_speaker,False,2.0,116,99,85.34482758620689,619
single_speaker,False,3.0,116,84,72.41379310344827,619
single_speaker,False,4.0,116,91,78.44827586206897,619
single_speaker,False,5.0,116,88,75.86206896551724,619
colocated,False,-4.0,116,67,57.758620689655174,620
colocated,False,-2.0,116,63,54.310344827586206,620
colocated,False,0.0,116,79,68.10344827586206,620
colocated,False,1.0,116,79,68.10344827586206,620
colocated,False,2.0,116,88,75.86206896551724,620
colocated,False,3.0,116,77,66.37931034482759,620
colocated,False,4.0,116,78,67.24137931034483,620
colocated,False,5.0,116,91,78.44827586206897,620
separated,False,-4.0,116,55,47.41379310344828,620
separated,False,-2.0,116,76,65.51724137931035,620
separated,False,0.0,116,74,63.793103448275865,620
separated,False,1.0,116,96,82.75862068965517,620
separated,False,2.0,116,81,69.82758620689656,620
separated,False,3.0,116,69,59.48275862068966,620
separated,False,4.0,116,89,76.72413793103449,620
separated,False,5.0,116,85,73.27586206896551,620
single_speaker,False,-4.0,116,89,76.72413793103449,620
single_speaker,False,-2.0,116,79,68.10344827586206,620
single_speaker,False,0.0,116,88,75.86206896551724,620
single_speaker,False,1.0,116,95,81.89655172413794,620
single_speaker,False,2.0,116,98,84.48275862068965,620
single_speaker,False,3.0,116,88,75.86206896551724,620
single_speaker,False,4.0,116,94,81.03448275862068,620
single_speaker,False,5.0,116,80,68.96551724137932,620
colocated,False,-4.0,116,70,60.3448275862069,621
colocated,False,-2.0,116,57,49.137931034482754,621
colocated,False,0.0,116,80,68.96551724137932,621
colocated,False,1.0,116,78,67.24137931034483,621
colocated,False,2.0,116,87,75.0,621
colocated,False,3.0,116,69,59.48275862068966,621
colocated,False,4.0,116,72,62.06896551724138,621
colocated,False,5.0,116,79,68.10344827586206,621
separated,False,-4.0,116,56,48.275862068965516,621
separated,False,-2.0,116,74,63.793103448275865,621
separated,False,0.0,116,81,69.82758620689656,621
separated,False,1.0,116,95,81.89655172413794,621
separated,False,2.0,116,88,75.86206896551724,621
separated,False,3.0,116,68,58.620689655172406,621
separated,False,4.0,116,77,66.37931034482759,621
separated,False,5.0,116,73,62.93103448275862,621
single_speaker,False,-4.0,116,87,75.0,621
single_speaker,False,-2.0,116,71,61.206896551724135,621
single_speaker,False,0.0,116,92,79.3103448275862,621
single_speaker,False,1.0,116,99,85.34482758620689,621
single_speaker,False,2.0,116,102,87.93103448275862,621
single_speaker,False,3.0,116,88,75.86206896551724,621
single_speaker,False,4.0,116,102,87.93103448275862,621
single_speaker,False,5.0,116,76,65.51724137931035,621
colocated,False,-4.0,116,62,53.44827586206896,622
colocated,False,-2.0,116,56,48.275862068965516,622
colocated,False,0.0,116,68,58.620689655172406,622
colocated,False,1.0,116,72,62.06896551724138,622
colocated,False,2.0,116,83,71.55172413793103,622
colocated,False,3.0,116,52,44.827586206896555,622
colocated,False,4.0,116,78,67.24137931034483,622
colocated,False,5.0,116,77,66.37931034482759,622
separated,False,-4.0,116,65,56.03448275862068,622
separated,False,-2.0,116,81,69.82758620689656,622
separated,False,0.0,116,73,62.93103448275862,622
separated,False,1.0,116,95,81.89655172413794,622
separated,False,2.0,116,82,70.6896551724138,622
separated,False,3.0,116,69,59.48275862068966,622
separated,False,4.0,116,82,70.6896551724138,622
separated,False,5.0,116,78,67.24137931034483,622
single_speaker,False,-4.0,116,85,73.27586206896551,622
single_speaker,False,-2.0,116,77,66.37931034482759,622
single_speaker,False,0.0,116,87,75.0,622
single_speaker,False,1.0,116,94,81.03448275862068,622
single_speaker,False,2.0,116,100,86.20689655172413,622
single_speaker,False,3.0,116,79,68.10344827586206,622
single_speaker,False,4.0,116,99,85.34482758620689,622
single_speaker,False,5.0,116,77,66.37931034482759,622
colocated,False,-4.0,116,69,59.48275862068966,623
colocated,False,-2.0,116,67,57.758620689655174,623
colocated,False,0.0,116,71,61.206896551724135,623
colocated,False,1.0,116,77,66.37931034482759,623
colocated,False,2.0,116,88,75.86206896551724,623
colocated,False,3.0,116,67,57.758620689655174,623
colocated,False,4.0,116,88,75.86206896551724,623
colocated,False,5.0,116,70,60.3448275862069,623
separated,False,-4.0,116,59,50.86206896551724,623
separated,False,-2.0,116,81,69.82758620689656,623
separated,False,0.0,116,83,71.55172413793103,623
separated,False,1.0,116,92,79.3103448275862,623
separated,False,2.0,116,73,62.93103448275862,623
separated,False,3.0,116,71,61.206896551724135,623
separated,False,4.0,116,85,73.27586206896551,623
separated,False,5.0,116,78,67.24137931034483,623
single_speaker,False,-4.0,116,83,71.55172413793103,623
single_speaker,False,-2.0,116,83,71.55172413793103,623
single_speaker,False,0.0,116,84,72.41379310344827,623
single_speaker,False,1.0,116,94,81.03448275862068,623
single_speaker,False,2.0,116,94,81.03448275862068,623
single_speaker,False,3.0,116,78,67.24137931034483,623
single_speaker,False,4.0,116,96,82.75862068965517,623
single_speaker,False,5.0,116,80,68.96551724137932,623
colocated,False,-4.0,116,70,60.3448275862069,624
colocated,False,-2.0,116,62,53.44827586206896,624
colocated,False,0.0,116,67,57.758620689655174,624
colocated,False,1.0,116,83,71.55172413793103,624
colocated,False,2.0,116,82,70.6896551724138,624
colocated,False,3.0,116,65,56.03448275862068,624
colocated,False,4.0,116,71,61.206896551724135,624
colocated,False,5.0,116,73,62.93103448275862,624
separated,False,-4.0,116,58,50.0,624
separated,False,-2.0,116,72,62.06896551724138,624
separated,False,0.0,116,81,69.82758620689656,624
separated,False,1.0,116,92,79.3103448275862,624
separated,False,2.0,116,77,66.37931034482759,624
separated,False,3.0,116,72,62.06896551724138,624
separated,False,4.0,116,76,65.51724137931035,624
separated,False,5.0,116,79,68.10344827586206,624
single_speaker,False,-4.0,116,87,75.0,624
single_speaker,False,-2.0,116,82,70.6896551724138,624
single_speaker,False,0.0,116,84,72.41379310344827,624
single_speaker,False,1.0,116,87,75.0,624
single_speaker,False,2.0,116,98,84.48275862068965,624
single_speaker,False,3.0,116,82,70.6896551724138,624
single_speaker,False,4.0,116,106,91.37931034482759,624
single_speaker,False,5.0,116,87,75.0,624
colocated,False,-4.0,116,56,48.275862068965516,625
colocated,False,-2.0,116,66,56.896551724137936,625
colocated,False,0.0,116,76,65.51724137931035,625
colocated,False,1.0,116,89,76.72413793103449,625
colocated,False,2.0,116,93,80.17241379310344,625
colocated,False,3.0,116,71,61.206896551724135,625
colocated,False,4.0,116,83,71.55172413793103,625
colocated,False,5.0,116,87,75.0,625
separated,False,-4.0,116,62,53.44827586206896,625
separated,False,-2.0,116,77,66.37931034482759,625
separated,False,0.0,116,77,66.37931034482759,625
separated,False,1.0,116,91,78.44827586206897,625
separated,False,2.0,116,83,71.55172413793103,625
separated,False,3.0,116,73,62.93103448275862,625
separated,False,4.0,116,79,68.10344827586206,625
separated,False,5.0,116,83,71.55172413793103,625
single_speaker,False,-4.0,116,89,76.72413793103449,625
single_speaker,False,-2.0,116,72,62.06896551724138,625
single_speaker,False,0.0,116,81,69.82758620689656,625
single_speaker,False,1.0,116,92,79.3103448275862,625
single_speaker,False,2.0,116,107,92.24137931034483,625
single_speaker,False,3.0,116,84,72.41379310344827,625
single_speaker,False,4.0,116,91,78.44827586206897,625
single_speaker,False,5.0,116,82,70.6896551724138,625
colocated,False,-4.0,116,70,60.3448275862069,626
colocated,False,-2.0,116,58,50.0,626
colocated,False,0.0,116,77,66.37931034482759,626
colocated,False,1.0,116,69,59.48275862068966,626
colocated,False,2.0,116,82,70.6896551724138,626
colocated,False,3.0,116,71,61.206896551724135,626
colocated,False,4.0,116,80,68.96551724137932,626
colocated,False,5.0,116,85,73.27586206896551,626
separated,False,-4.0,116,65,56.03448275862068,626
separated,False,-2.0,116,80,68.96551724137932,626
separated,False,0.0,116,71,61.206896551724135,626
separated,False,1.0,116,102,87.93103448275862,626
separated,False,2.0,116,80,68.96551724137932,626
separated,False,3.0,116,76,65.51724137931035,626
separated,False,4.0,116,76,65.51724137931035,626
separated,False,5.0,116,79,68.10344827586206,626
single_speaker,False,-4.0,116,85,73.27586206896551,626
single_speaker,False,-2.0,116,83,71.55172413793103,626
single_speaker,False,0.0,116,82,70.6896551724138,626
single_speaker,False,1.0,116,90,77.58620689655173,626
single_speaker,False,2.0,116,99,85.34482758620689,626
single_speaker,False,3.0,116,81,69.82758620689656,626
single_speaker,False,4.0,116,96,82.75862068965517,626
single_speaker,False,5.0,116,84,72.41379310344827,626
colocated,False,-4.0,116,60,51.724137931034484,627
colocated,False,-2.0,116,75,64.65517241379311,627
colocated,False,0.0,116,77,66.37931034482759,627
colocated,False,1.0,116,79,68.10344827586206,627
colocated,False,2.0,116,93,80.17241379310344,627
colocated,False,3.0,116,57,49.137931034482754,627
colocated,False,4.0,116,80,68.96551724137932,627
colocated,False,5.0,116,81,69.82758620689656,627
separated,False,-4.0,116,58,50.0,627
separated,False,-2.0,116,58,50.0,627
separated,False,0.0,116,78,67.24137931034483,627
separated,False,1.0,116,95,81.89655172413794,627
separated,False,2.0,116,76,65.51724137931035,627
separated,False,3.0,116,63,54.310344827586206,627
separated,False,4.0,116,77,66.37931034482759,627
separated,False,5.0,116,76,65.51724137931035,627
single_speaker,False,-4.0,116,89,76.72413793103449,627
single_speaker,False,-2.0,116,80,68.96551724137932,627
single_speaker,False,0.0,116,85,73.27586206896551,627
single_speaker,False,1.0,116,92,79.3103448275862,627
single_speaker,False,2.0,116,103,88.79310344827587,627
single_speaker,False,3.0,116,91,78.44827586206897,627
single_speaker,False,4.0,116,88,75.86206896551724,627
single_speaker,False,5.0,116,83,71.55172413793103,627
colocated,False,-4.0,116,70,60.3448275862069,628
colocated,False,-2.0,116,54,46.55172413793103,628
colocated,False,0.0,116,83,71.55172413793103,628
colocated,False,1.0,116,88,75.86206896551724,628
colocated,False,2.0,116,88,75.86206896551724,628
colocated,False,3.0,116,69,59.48275862068966,628
colocated,False,4.0,116,73,62.93103448275862,628
colocated,False,5.0,116,85,73.27586206896551,628
separated,False,-4.0,116,61,52.58620689655172,628
separated,False,-2.0,116,72,62.06896551724138,628
separated,False,0.0,116,76,65.51724137931035,628
separated,False,1.0,116,98,84.48275862068965,628
separated,False,2.0,116,76,65.51724137931035,628
separated,False,3.0,116,64,55.172413793103445,628
separated,False,4.0,116,80,68.96551724137932,628
separated,False,5.0,116,78,67.24137931034483,628
single_speaker,False,-4.0,116,87,75.0,628
single_speaker,False,-2.0,116,83,71.55172413793103,628
single_speaker,False,0.0,116,93,80.17241379310344,628
single_speaker,False,1.0,116,94,81.03448275862068,628
single_speaker,False,2.0,116,98,84.48275862068965,628
single_speaker,False,3.0,116,76,65.51724137931035,628
single_speaker,False,4.0,116,92,79.3103448275862,628
single_speaker,False,5.0,116,85,73.27586206896551,628
colocated,False,-4.0,116,69,59.48275862068966,629
colocated,False,-2.0,116,65,56.03448275862068,629
colocated,False,0.0,116,76,65.51724137931035,629
colocated,False,1.0,116,80,68.96551724137932,629
colocated,False,2.0,116,95,81.89655172413794,629
colocated,False,3.0,116,64,55.172413793103445,629
colocated,False,4.0,116,72,62.06896551724138,629
colocated,False,5.0,116,83,71.55172413793103,629
separated,False,-4.0,116,69,59.48275862068966,629
separated,False,-2.0,116,74,63.793103448275865,629
separated,False,0.0,116,74,63.793103448275865,629
separated,False,1.0,116,89,76.72413793103449,629
separated,False,2.0,116,77,66.37931034482759,629
separated,False,3.0,116,72,62.06896551724138,629
separated,False,4.0,116,84,72.41379310344827,629
separated,False,5.0,116,79,68.10344827586206,629
single_speaker,False,-4.0,116,83,71.55172413793103,629
single_speaker,False,-2.0,116,77,66.37931034482759,629
single_speaker,False,0.0,116,79,68.10344827586206,629
single_speaker,False,1.0,116,90,77.58620689655173,629
single_speaker,False,2.0,116,96,82.75862068965517,629
single_speaker,False,3.0,116,87,75.0,629
single_speaker,False,4.0,116,93,80.17241379310344,629
single_speaker,False,5.0,116,86,74.13793103448276,629
colocated,False,-4.0,116,68,58.620689655172406,630
colocated,False,-2.0,116,73,62.93103448275862,630
colocated,False,0.0,116,69,59.48275862068966,630
colocated,False,1.0,116,77,66.37931034482759,630
colocated,False,2.0,116,89,76.72413793103449,630
colocated,False,3.0,116,73,62.93103448275862,630
colocated,False,4.0,116,83,71.55172413793103,630
colocated,False,5.0,116,77,66.37931034482759,630
separated,False,-4.0,116,71,61.206896551724135,630
separated,False,-2.0,116,67,57.758620689655174,630
separated,False,0.0,116,68,58.620689655172406,630
separated,False,1.0,116,95,81.89655172413794,630
separated,False,2.0,116,76,65.51724137931035,630
separated,False,3.0,116,64,55.172413793103445,630
separated,False,4.0,116,71,61.206896551724135,630
separated,False,5.0,116,73,62.93103448275862,630
single_speaker,False,-4.0,116,84,72.41379310344827,630
single_speaker,False,-2.0,116,80,68.96551724137932,630
single_speaker,False,0.0,116,87,75.0,630
single_speaker,False,1.0,116,93,80.17241379310344,630
single_speaker,False,2.0,116,98,84.48275862068965,630
single_speaker,False,3.0,116,78,67.24137931034483,630
single_speaker,False,4.0,116,90,77.58620689655173,630
single_speaker,False,5.0,116,84,72.41379310344827,630
colocated,False,-4.0,116,60,51.724137931034484,631
colocated,False,-2.0,116,56,48.275862068965516,631
colocated,False,0.0,116,66,56.896551724137936,631
colocated,False,1.0,116,79,68.10344827586206,631
colocated,False,2.0,116,82,70.6896551724138,631
colocated,False,3.0,116,63,54.310344827586206,631
colocated,False,4.0,116,80,68.96551724137932,631
colocated,False,5.0,116,73,62.93103448275862,631
separated,False,-4.0,116,64,55.172413793103445,631
separated,False,-2.0,116,78,67.24137931034483,631
separated,False,0.0,116,78,67.24137931034483,631
separated,False,1.0,116,95,81.89655172413794,631
separated,False,2.0,116,80,68.96551724137932,631
separated,False,3.0,116,80,68.96551724137932,631
separated,False,4.0,116,89,76.72413793103449,631
separated,False,5.0,116,73,62.93103448275862,631
single_speaker,False,-4.0,116,89,76.72413793103449,631
single_speaker,False,-2.0,116,92,79.3103448275862,631
single_speaker,False,0.0,116,91,78.44827586206897,631
single_speaker,False,1.0,116,90,77.58620689655173,631
single_speaker,False,2.0,116,99,85.34482758620689,631
single_speaker,False,3.0,116,84,72.41379310344827,631
single_speaker,False,4.0,116,96,82.75862068965517,631
single_speaker,False,5.0,116,92,79.3103448275862,631
colocated,False,-4.0,116,51,43.96551724137931,632
colocated,False,-2.0,116,66,56.896551724137936,632
colocated,False,0.0,116,65,56.03448275862068,632
colocated,False,1.0,116,69,59.48275862068966,632
colocated,False,2.0,116,81,69.82758620689656,632
colocated,False,3.0,116,68,58.620689655172406,632
colocated,False,4.0,116,80,68.96551724137932,632
colocated,False,5.0,116,80,68.96551724137932,632
separated,False,-4.0,116,66,56.896551724137936,632
separated,False,-2.0,116,68,58.620689655172406,632
separated,False,0.0,116,75,64.65517241379311,632
separated,False,1.0,116,98,84.48275862068965,632
separated,False,2.0,116,69,59.48275862068966,632
separated,False,3.0,116,65,56.03448275862068,632
separated,False,4.0,116,82,70.6896551724138,632
separated,False,5.0,116,78,67.24137931034483,632
single_speaker,False,-4.0,116,85,73.27586206896551,632
single_speaker,False,-2.0,116,86,74.13793103448276,632
single_speaker,False,0.0,116,86,74.13793103448276,632
single_speaker,False,1.0,116,95,81.89655172413794,632
single_speaker,False,2.0,116,106,91.37931034482759,632
single_speaker,False,3.0,116,77,66.37931034482759,632
single_speaker,False,4.0,116,95,81.89655172413794,632
single_speaker,False,5.0,116,81,69.82758620689656,632
colocated,False,-4.0,116,66,56.896551724137936,633
colocated,False,-2.0,116,68,58.620689655172406,633
colocated,False,0.0,116,71,61.206896551724135,633
colocated,False,1.0,116,81,69.82758620689656,633
colocated,False,2.0,116,87,75.0,633
colocated,False,3.0,116,66,56.896551724137936,633
colocated,False,4.0,116,68,58.620689655172406,633
colocated,False,5.0,116,77,66.37931034482759,633
separated,False,-4.0,116,67,57.758620689655174,633
separated,False,-2.0,116,79,68.10344827586206,633
separated,False,0.0,116,66,56.896551724137936,633
separated,False,1.0,116,87,75.0,633
separated,False,2.0,116,80,68.96551724137932,633
separated,False,3.0,116,71,61.206896551724135,633
separated,False,4.0,116,81,69.82758620689656,633
separated,False,5.0,116,71,61.206896551724135,633
single_speaker,False,-4.0,116,88,75.86206896551724,633
single_speaker,False,-2.0,116,88,75.86206896551724,633
single_speaker,False,0.0,116,88,75.86206896551724,633
single_speaker,False,1.0,116,95,81.89655172413794,633
single_speaker,False,2.0,116,95,81.89655172413794,633
single_speaker,False,3.0,116,89,76.72413793103449,633
single_speaker,False,4.0,116,99,85.34482758620689,633
single_speaker,False,5.0,116,84,72.41379310344827,633
colocated,False,-4.0,116,59,50.86206896551724,634
colocated,False,-2.0,116,55,47.41379310344828,634
colocated,False,0.0,116,74,63.793103448275865,634
colocated,False,1.0,116,80,68.96551724137932,634
colocated,False,2.0,116,87,75.0,634
colocated,False,3.0,116,63,54.310344827586206,634
colocated,False,4.0,116,81,69.82758620689656,634
colocated,False,5.0,116,86,74.13793103448276,634
separated,False,-4.0,116,61,52.58620689655172,634
separated,False,-2.0,116,80,68.96551724137932,634
separated,False,0.0,116,72,62.06896551724138,634
separated,False,1.0,116,87,75.0,634
separated,False,2.0,116,80,68.96551724137932,634
separated,False,3.0,116,68,58.620689655172406,634
separated,False,4.0,116,88,75.86206896551724,634
separated,False,5.0,116,85,73.27586206896551,634
single_speaker,False,-4.0,116,88,75.86206896551724,634
single_speaker,False,-2.0,116,79,68.10344827586206,634
single_speaker,False,0.0,116,86,74.13793103448276,634
single_speaker,False,1.0,116,97,83.62068965517241,634
single_speaker,False,2.0,116,105,90.51724137931035,634
single_speaker,False,3.0,116,83,71.55172413793103,634
single_speaker,False,4.0,116,90,77.58620689655173,634
single_speaker,False,5.0,116,83,71.55172413793103,634
colocated,False,-4.0,116,72,62.06896551724138,635
colocated,False,-2.0,116,69,59.48275862068966,635
colocated,False,0.0,116,69,59.48275862068966,635
colocated,False,1.0,116,71,61.206896551724135,635
colocated,False,2.0,116,85,73.27586206896551,635
colocated,False,3.0,116,77,66.37931034482759,635
colocated,False,4.0,116,82,70.6896551724138,635
colocated,False,5.0,116,81,69.82758620689656,635
separated,False,-4.0,116,69,59.48275862068966,635
separated,False,-2.0,116,76,65.51724137931035,635
separated,False,0.0,116,80,68.96551724137932,635
separated,False,1.0,116,91,78.44827586206897,635
separated,False,2.0,116,73,62.93103448275862,635
separated,False,3.0,116,67,57.758620689655174,635
separated,False,4.0,116,83,71.55172413793103,635
separated,False,5.0,116,79,68.10344827586206,635
single_speaker,False,-4.0,116,82,70.6896551724138,635
single_speaker,False,-2.0,116,85,73.27586206896551,635
single_speaker,False,0.0,116,87,75.0,635
single_speaker,False,1.0,116,96,82.75862068965517,635
single_speaker,False,2.0,116,101,87.06896551724138,635
single_speaker,False,3.0,116,85,73.27586206896551,635
single_speaker,False,4.0,116,88,75.86206896551724,635
single_speaker,False,5.0,116,90,77.58620689655173,635
colocated,False,-4.0,116,63,54.310344827586206,636
colocated,False,-2.0,116,60,51.724137931034484,636
colocated,False,0.0,116,71,61.206896551724135,636
colocated,False,1.0,116,77,66.37931034482759,636
colocated,False,2.0,116,87,75.0,636
colocated,False,3.0,116,83,71.55172413793103,636
colocated,False,4.0,116,86,74.13793103448276,636
colocated,False,5.0,116,81,69.82758620689656,636
separated,False,-4.0,116,61,52.58620689655172,636
separated,False,-2.0,116,75,64.65517241379311,636
separated,False,0.0,116,79,68.10344827586206,636
separated,False,1.0,116,91,78.44827586206897,636
separated,False,2.0,116,80,68.96551724137932,636
separated,False,3.0,116,66,56.896551724137936,636
separated,False,4.0,116,81,69.82758620689656,636
separated,False,5.0,116,76,65.51724137931035,636
single_speaker,False,-4.0,116,85,73.27586206896551,636
single_speaker,False,-2.0,116,80,68.96551724137932,636
single_speaker,False,0.0,116,80,68.96551724137932,636
single_speaker,False,1.0,116,95,81.89655172413794,636
single_speaker,False,2.0,116,101,87.06896551724138,636
single_speaker,False,3.0,116,84,72.41379310344827,636
single_speaker,False,4.0,116,95,81.89655172413794,636
single_speaker,False,5.0,116,85,73.27586206896551,636
colocated,False,-4.0,116,62,53.44827586206896,637
colocated,False,-2.0,116,71,61.206896551724135,637
colocated,False,0.0,116,67,57.758620689655174,637
colocated,False,1.0,116,79,68.10344827586206,637
colocated,False,2.0,116,90,77.58620689655173,637
colocated,False,3.0,116,66,56.896551724137936,637
colocated,False,4.0,116,65,56.03448275862068,637
colocated,False,5.0,116,88,75.86206896551724,637
separated,False,-4.0,116,64,55.172413793103445,637
separated,False,-2.0,116,73,62.93103448275862,637
separated,False,0.0,116,75,64.65517241379311,637
separated,False,1.0,116,98,84.48275862068965,637
separated,False,2.0,116,80,68.96551724137932,637
separated,False,3.0,116,72,62.06896551724138,637
separated,False,4.0,116,81,69.82758620689656,637
separated,False,5.0,116,79,68.10344827586206,637
single_speaker,False,-4.0,116,83,71.55172413793103,637
single_speaker,False,-2.0,116,85,73.27586206896551,637
single_speaker,False,0.0,116,91,78.44827586206897,637
single_speaker,False,1.0,116,91,78.44827586206897,637
single_speaker,False,2.0,116,95,81.89655172413794,637
single_speaker,False,3.0,116,83,71.55172413793103,637
single_speaker,False,4.0,116,87,75.0,637
single_speaker,False,5.0,116,89,76.72413793103449,637
colocated,False,-4.0,116,74,63.793103448275865,638
colocated,False,-2.0,116,55,47.41379310344828,638
colocated,False,0.0,116,74,63.793103448275865,638
colocated,False,1.0,116,75,64.65517241379311,638
colocated,False,2.0,116,86,74.13793103448276,638
colocated,False,3.0,116,64,55.172413793103445,638
colocated,False,4.0,116,77,66.37931034482759,638
colocated,False,5.0,116,86,74.13793103448276,638
separated,False,-4.0,116,67,57.758620689655174,638
separated,False,-2.0,116,65,56.03448275862068,638
separated,False,0.0,116,72,62.06896551724138,638
separated,False,1.0,116,95,81.89655172413794,638
separated,False,2.0,116,83,71.55172413793103,638
separated,False,3.0,116,73,62.93103448275862,638
separated,False,4.0,116,79,68.10344827586206,638
separated,False,5.0,116,77,66.37931034482759,638
single_speaker,False,-4.0,116,84,72.41379310344827,638
single_speaker,False,-2.0,116,83,71.55172413793103,638
single_speaker,False,0.0,116,79,68.10344827586206,638
single_speaker,False,1.0,116,93,80.17241379310344,638
single_speaker,False,2.0,116,99,85.34482758620689,638
single_speaker,False,3.0,116,78,67.24137931034483,638
single_speaker,False,4.0,116,91,78.44827586206897,638
single_speaker,False,5.0,116,82,70.6896551724138,638
colocated,False,-4.0,116,62,53.44827586206896,639
colocated,False,-2.0,116,66,56.896551724137936,639
colocated,False,0.0,116,79,68.10344827586206,639
colocated,False,1.0,116,81,69.82758620689656,639
colocated,False,2.0,116,94,81.03448275862068,639
colocated,False,3.0,116,64,55.172413793103445,639
colocated,False,4.0,116,78,67.24137931034483,639
colocated,False,5.0,116,81,69.82758620689656,639
separated,False,-4.0,116,52,44.827586206896555,639
separated,False,-2.0,116,74,63.793103448275865,639
separated,False,0.0,116,76,65.51724137931035,639
separated,False,1.0,116,95,81.89655172413794,639
separated,False,2.0,116,72,62.06896551724138,639
separated,False,3.0,116,68,58.620689655172406,639
separated,False,4.0,116,78,67.24137931034483,639
separated,False,5.0,116,76,65.51724137931035,639
single_speaker,False,-4.0,116,91,78.44827586206897,639
single_speaker,False,-2.0,116,86,74.13793103448276,639
single_speaker,False,0.0,116,93,80.17241379310344,639
single_speaker,False,1.0,116,94,81.03448275862068,639
single_speaker,False,2.0,116,101,87.06896551724138,639
single_speaker,False,3.0,116,88,75.86206896551724,639
single_speaker,False,4.0,116,91,78.44827586206897,639
single_speaker,False,5.0,116,91,78.44827586206897,639
colocated,False,-4.0,116,71,61.206896551724135,640
colocated,False,-2.0,116,76,65.51724137931035,640
colocated,False,0.0,116,71,61.206896551724135,640
colocated,False,1.0,116,75,64.65517241379311,640
colocated,False,2.0,116,91,78.44827586206897,640
colocated,False,3.0,116,66,56.896551724137936,640
colocated,False,4.0,116,81,69.82758620689656,640
colocated,False,5.0,116,82,70.6896551724138,640
separated,False,-4.0,116,62,53.44827586206896,640
separated,False,-2.0,116,71,61.206896551724135,640
separated,False,0.0,116,80,68.96551724137932,640
separated,False,1.0,116,95,81.89655172413794,640
separated,False,2.0,116,72,62.06896551724138,640
separated,False,3.0,116,71,61.206896551724135,640
separated,False,4.0,116,73,62.93103448275862,640
separated,False,5.0,116,84,72.41379310344827,640
single_speaker,False,-4.0,116,90,77.58620689655173,640
single_speaker,False,-2.0,116,64,55.172413793103445,640
single_speaker,False,0.0,116,77,66.37931034482759,640
single_speaker,False,1.0,116,91,78.44827586206897,640
single_speaker,False,2.0,116,105,90.51724137931035,640
single_speaker,False,3.0,116,72,62.06896551724138,640
single_speaker,False,4.0,116,88,75.86206896551724,640
single_speaker,False,5.0,116,90,77.58620689655173,640
colocated,False,-4.0,116,60,51.724137931034484,641
colocated,False,-2.0,116,61,52.58620689655172,641
colocated,False,0.0,116,68,58.620689655172406,641
colocated,False,1.0,116,78,67.24137931034483,641
colocated,False,2.0,116,83,71.55172413793103,641
colocated,False,3.0,116,68,58.620689655172406,641
colocated,False,4.0,116,75,64.65517241379311,641
colocated,False,5.0,116,75,64.65517241379311,641
separated,False,-4.0,116,59,50.86206896551724,641
separated,False,-2.0,116,73,62.93103448275862,641
separated,False,0.0,116,76,65.51724137931035,641
separated,False,1.0,116,98,84.48275862068965,641
separated,False,2.0,116,73,62.93103448275862,641
separated,False,3.0,116,63,54.310344827586206,641
separated,False,4.0,116,82,70.6896551724138,641
separated,False,5.0,116,75,64.65517241379311,641
single_speaker,False,-4.0,116,82,70.6896551724138,641
single_speaker,False,-2.0,116,84,72.41379310344827,641
single_speaker,False,0.0,116,80,68.96551724137932,641
single_speaker,False,1.0,116,88,75.86206896551724,641
single_speaker,False,2.0,116,102,87.93103448275862,641
single_speaker,False,3.0,116,87,75.0,641
single_speaker,False,4.0,116,101,87.06896551724138,641
single_speaker,False,5.0,116,74,63.793103448275865,641
colocated,False,-4.0,116,69,59.48275862068966,642
colocated,False,-2.0,116,62,53.44827586206896,642
colocated,False,0.0,116,62,53.44827586206896,642
colocated,False,1.0,116,80,68.96551724137932,642
colocated,False,2.0,116,82,70.6896551724138,642
colocated,False,3.0,116,62,53.44827586206896,642
colocated,False,4.0,116,71,61.206896551724135,642
colocated,False,5.0,116,86,74.13793103448276,642
separated,False,-4.0,116,68,58.620689655172406,642
separated,False,-2.0,116,73,62.93103448275862,642
separated,False,0.0,116,82,70.6896551724138,642
separated,False,1.0,116,89,76.72413793103449,642
separated,False,2.0,116,75,64.65517241379311,642
separated,False,3.0,116,69,59.48275862068966,642
separated,False,4.0,116,84,72.41379310344827,642
separated,False,5.0,116,75,64.65517241379311,642
single_speaker,False,-4.0,116,88,75.86206896551724,642
single_speaker,False,-2.0,116,76,65.51724137931035,642
single_speaker,False,0.0,116,89,76.72413793103449,642
single_speaker,False,1.0,116,85,73.27586206896551,642
single_speaker,False,2.0,116,97,83.62068965517241,642
single_speaker,False,3.0,116,76,65.51724137931035,642
single_speaker,False,4.0,116,97,83.62068965517241,642
single_speaker,False,5.0,116,80,68.96551724137932,642
colocated,False,-4.0,116,65,56.03448275862068,643
colocated,False,-2.0,116,67,57.758620689655174,643
colocated,False,0.0,116,73,62.93103448275862,643
colocated,False,1.0,116,72,62.06896551724138,643
colocated,False,2.0,116,81,69.82758620689656,643
colocated,False,3.0,116,63,54.310344827586206,643
colocated,False,4.0,116,86,74.13793103448276,643
colocated,False,5.0,116,83,71.55172413793103,643
separated,False,-4.0,116,65,56.03448275862068,643
separated,False,-2.0,116,68,58.620689655172406,643
separated,False,0.0,116,70,60.3448275862069,643
separated,False,1.0,116,93,80.17241379310344,643
separated,False,2.0,116,83,71.55172413793103,643
separated,False,3.0,116,67,57.758620689655174,643
separated,False,4.0,116,83,71.55172413793103,643
separated,False,5.0,116,78,67.24137931034483,643
single_speaker,False,-4.0,116,77,66.37931034482759,643
single_speaker,False,-2.0,116,82,70.6896551724138,643
single_speaker,False,0.0,116,87,75.0,643
single_speaker,False,1.0,116,90,77.58620689655173,643
single_speaker,False,2.0,116,99,85.34482758620689,643
single_speaker,False,3.0,116,78,67.24137931034483,643
single_speaker,False,4.0,116,95,81.89655172413794,643
single_speaker,False,5.0,116,79,68.10344827586206,643
colocated,False,-4.0,116,78,67.24137931034483,644
colocated,False,-2.0,116,67,57.758620689655174,644
colocated,False,0.0,116,70,60.3448275862069,644
colocated,False,1.0,116,76,65.51724137931035,644
colocated,False,2.0,116,87,75.0,644
colocated,False,3.0,116,61,52.58620689655172,644
colocated,False,4.0,116,77,66.37931034482759,644
colocated,False,5.0,116,74,63.793103448275865,644
separated,False,-4.0,116,60,51.724137931034484,644
separated,False,-2.0,116,70,60.3448275862069,644
separated,False,0.0,116,73,62.93103448275862,644
separated,False,1.0,116,96,82.75862068965517,644
separated,False,2.0,116,70,60.3448275862069,644
separated,False,3.0,116,65,56.03448275862068,644
separated,False,4.0,116,83,71.55172413793103,644
separated,False,5.0,116,75,64.65517241379311,644
single_speaker,False,-4.0,116,81,69.82758620689656,644
single_speaker,False,-2.0,116,72,62.06896551724138,644
single_speaker,False,0.0,116,81,69.82758620689656,644
single_speaker,False,1.0,116,100,86.20689655172413,644
single_speaker,False,2.0,116,100,86.20689655172413,644
single_speaker,False,3.0,116,77,66.37931034482759,644
single_speaker,False,4.0,116,98,84.48275862068965,644
single_speaker,False,5.0,116,82,70.6896551724138,644
colocated,False,-4.0,116,60,51.724137931034484,645
colocated,False,-2.0,116,71,61.206896551724135,645
colocated,False,0.0,116,65,56.03448275862068,645
colocated,False,1.0,116,79,68.10344827586206,645
colocated,False,2.0,116,86,74.13793103448276,645
colocated,False,3.0,116,53,45.689655172413794,645
colocated,False,4.0,116,81,69.82758620689656,645
colocated,False,5.0,116,80,68.96551724137932,645
separated,False,-4.0,116,63,54.310344827586206,645
separated,False,-2.0,116,74,63.793103448275865,645
separated,False,0.0,116,80,68.96551724137932,645
separated,False,1.0,116,86,74.13793103448276,645
separated,False,2.0,116,78,67.24137931034483,645
separated,False,3.0,116,72,62.06896551724138,645
separated,False,4.0,116,79,68.10344827586206,645
separated,False,5.0,116,69,59.48275862068966,645
single_speaker,False,-4.0,116,85,73.27586206896551,645
single_speaker,False,-2.0,116,81,69.82758620689656,645
single_speaker,False,0.0,116,83,71.55172413793103,645
single_speaker,False,1.0,116,93,80.17241379310344,645
single_speaker,False,2.0,116,97,83.62068965517241,645
single_speaker,False,3.0,116,78,67.24137931034483,645
single_speaker,False,4.0,116,96,82.75862068965517,645
single_speaker,False,5.0,116,82,70.6896551724138,645
colocated,False,-4.0,116,61,52.58620689655172,646
colocated,False,-2.0,116,69,59.48275862068966,646
colocated,False,0.0,116,71,61.206896551724135,646
colocated,False,1.0,116,76,65.51724137931035,646
colocated,False,2.0,116,84,72.41379310344827,646
colocated,False,3.0,116,75,64.65517241379311,646
colocated,False,4.0,116,75,64.65517241379311,646
colocated,False,5.0,116,85,73.27586206896551,646
separated,False,-4.0,116,63,54.310344827586206,646
separated,False,-2.0,116,69,59.48275862068966,646
separated,False,0.0,116,80,68.96551724137932,646
separated,False,1.0,116,91,78.44827586206897,646
separated,False,2.0,116,73,62.93103448275862,646
separated,False,3.0,116,65,56.03448275862068,646
separated,False,4.0,116,73,62.93103448275862,646
separated,False,5.0,116,73,62.93103448275862,646
single_speaker,False,-4.0,116,86,74.13793103448276,646
single_speaker,False,-2.0,116,72,62.06896551724138,646
single_speaker,False,0.0,116,88,75.86206896551724,646
single_speaker,False,1.0,116,87,75.0,646
single_speaker,False,2.0,116,97,83.62068965517241,646
single_speaker,False,3.0,116,79,68.10344827586206,646
single_speaker,False,4.0,116,94,81.03448275862068,646
single_speaker,False,5.0,116,85,73.27586206896551,646
colocated,False,-4.0,116,66,56.896551724137936,647
colocated,False,-2.0,116,68,58.620689655172406,647
colocated,False,0.0,116,70,60.3448275862069,647
colocated,False,1.0,116,75,64.65517241379311,647
colocated,False,2.0,116,88,75.86206896551724,647
colocated,False,3.0,116,68,58.620689655172406,647
colocated,False,4.0,116,78,67.24137931034483,647
colocated,False,5.0,116,80,68.96551724137932,647
separated,False,-4.0,116,50,43.103448275862064,647
separated,False,-2.0,116,73,62.93103448275862,647
separated,False,0.0,116,78,67.24137931034483,647
separated,False,1.0,116,99,85.34482758620689,647
separated,False,2.0,116,72,62.06896551724138,647
separated,False,3.0,116,74,63.793103448275865,647
separated,False,4.0,116,87,75.0,647
separated,False,5.0,116,74,63.793103448275865,647
single_speaker,False,-4.0,116,81,69.82758620689656,647
single_speaker,False,-2.0,116,83,71.55172413793103,647
single_speaker,False,0.0,116,86,74.13793103448276,647
single_speaker,False,1.0,116,91,78.44827586206897,647
single_speaker,False,2.0,116,99,85.34482758620689,647
single_speaker,False,3.0,116,89,76.72413793103449,647
single_speaker,False,4.0,116,97,83.62068965517241,647
single_speaker,False,5.0,116,75,64.65517241379311,647
colocated,False,-4.0,116,72,62.06896551724138,648
colocated,False,-2.0,116,68,58.620689655172406,648
colocated,False,0.0,116,73,62.93103448275862,648
colocated,False,1.0,116,82,70.6896551724138,648
colocated,False,2.0,116,81,69.82758620689656,648
colocated,False,3.0,116,68,58.620689655172406,648
colocated,False,4.0,116,88,75.86206896551724,648
colocated,False,5.0,116,78,67.24137931034483,648
separated,False,-4.0,116,67,57.758620689655174,648
separated,False,-2.0,116,71,61.206896551724135,648
separated,False,0.0,116,70,60.3448275862069,648
separated,False,1.0,116,90,77.58620689655173,648
separated,False,2.0,116,71,61.206896551724135,648
separated,False,3.0,116,66,56.896551724137936,648
separated,False,4.0,116,88,75.86206896551724,648
separated,False,5.0,116,71,61.206896551724135,648
single_speaker,False,-4.0,116,85,73.27586206896551,648
single_speaker,False,-2.0,116,64,55.172413793103445,648
single_speaker,False,0.0,116,82,70.6896551724138,648
single_speaker,False,1.0,116,90,77.58620689655173,648
single_speaker,False,2.0,116,98,84.48275862068965,648
single_speaker,False,3.0,116,87,75.0,648
single_speaker,False,4.0,116,95,81.89655172413794,648
single_speaker,False,5.0,116,94,81.03448275862068,648
colocated,False,-4.0,116,71,61.206896551724135,649
colocated,False,-2.0,116,79,68.10344827586206,649
colocated,False,0.0,116,72,62.06896551724138,649
colocated,False,1.0,116,73,62.93103448275862,649
colocated,False,2.0,116,86,74.13793103448276,649
colocated,False,3.0,116,66,56.896551724137936,649
colocated,False,4.0,116,82,70.6896551724138,649
colocated,False,5.0,116,80,68.96551724137932,649
separated,False,-4.0,116,67,57.758620689655174,649
separated,False,-2.0,116,67,57.758620689655174,649
separated,False,0.0,116,74,63.793103448275865,649
separated,False,1.0,116,98,84.48275862068965,649
separated,False,2.0,116,71,61.206896551724135,649
separated,False,3.0,116,73,62.93103448275862,649
separated,False,4.0,116,84,72.41379310344827,649
separated,False,5.0,116,69,59.48275862068966,649
single_speaker,False,-4.0,116,83,71.55172413793103,649
single_speaker,False,-2.0,116,75,64.65517241379311,649
single_speaker,False,0.0,116,79,68.10344827586206,649
single_speaker,False,1.0,116,95,81.89655172413794,649
single_speaker,False,2.0,116,103,88.79310344827587,649
single_speaker,False,3.0,116,79,68.10344827586206,649
single_speaker,False,4.0,116,95,81.89655172413794,649
single_speaker,False,5.0,116,89,76.72413793103449,649
colocated,False,-4.0,116,67,57.758620689655174,650
colocated,False,-2.0,116,75,64.65517241379311,650
colocated,False,0.0,116,67,57.758620689655174,650
colocated,False,1.0,116,77,66.37931034482759,650
colocated,False,2.0,116,88,75.86206896551724,650
colocated,False,3.0,116,65,56.03448275862068,650
colocated,False,4.0,116,81,69.82758620689656,650
colocated,False,5.0,116,86,74.13793103448276,650
separated,False,-4.0,116,63,54.310344827586206,650
separated,False,-2.0,116,68,58.620689655172406,650
separated,False,0.0,116,78,67.24137931034483,650
separated,False,1.0,116,90,77.58620689655173,650
separated,False,2.0,116,72,62.06896551724138,650
separated,False,3.0,116,77,66.37931034482759,650
separated,False,4.0,116,75,64.65517241379311,650
separated,False,5.0,116,84,72.41379310344827,650
single_speaker,False,-4.0,116,75,64.65517241379311,650
single_speaker,False,-2.0,116,81,69.82758620689656,650
single_speaker,False,0.0,116,78,67.24137931034483,650
single_speaker,False,1.0,116,99,85.34482758620689,650
single_speaker,False,2.0,116,99,85.34482758620689,650
single_speaker,False,3.0,116,82,70.6896551724138,650
single_speaker,False,4.0,116,97,83.62068965517241,650
single_speaker,False,5.0,116,80,68.96551724137932,650
colocated,False,-4.0,116,51,43.96551724137931,651
colocated,False,-2.0,116,76,65.51724137931035,651
colocated,False,0.0,116,79,68.10344827586206,651
colocated,False,1.0,116,70,60.3448275862069,651
colocated,False,2.0,116,84,72.41379310344827,651
colocated,False,3.0,116,67,57.758620689655174,651
colocated,False,4.0,116,83,71.55172413793103,651
colocated,False,5.0,116,84,72.41379310344827,651
separated,False,-4.0,116,57,49.137931034482754,651
separated,False,-2.0,116,70,60.3448275862069,651
separated,False,0.0,116,74,63.793103448275865,651
separated,False,1.0,116,97,83.62068965517241,651
separated,False,2.0,116,79,68.10344827586206,651
separated,False,3.0,116,75,64.65517241379311,651
separated,False,4.0,116,78,67.24137931034483,651
separated,False,5.0,116,79,68.10344827586206,651
single_speaker,False,-4.0,116,91,78.44827586206897,651
single_speaker,False,-2.0,116,81,69.82758620689656,651
single_speaker,False,0.0,116,88,75.86206896551724,651
single_speaker,False,1.0,116,97,83.62068965517241,651
single_speaker,False,2.0,116,98,84.48275862068965,651
single_speaker,False,3.0,116,77,66.37931034482759,651
single_speaker,False,4.0,116,98,84.48275862068965,651
single_speaker,False,5.0,116,82,70.6896551724138,651
colocated,False,-4.0,116,65,56.03448275862068,652
colocated,False,-2.0,116,67,57.758620689655174,652
colocated,False,0.0,116,67,57.758620689655174,652
colocated,False,1.0,116,81,69.82758620689656,652
colocated,False,2.0,116,82,70.6896551724138,652
colocated,False,3.0,116,66,56.896551724137936,652
colocated,False,4.0,116,71,61.206896551724135,652
colocated,False,5.0,116,76,65.51724137931035,652
separated,False,-4.0,116,61,52.58620689655172,652
separated,False,-2.0,116,77,66.37931034482759,652
separated,False,0.0,116,77,66.37931034482759,652
separated,False,1.0,116,93,80.17241379310344,652
separated,False,2.0,116,80,68.96551724137932,652
separated,False,3.0,116,61,52.58620689655172,652
separated,False,4.0,116,83,71.55172413793103,652
separated,False,5.0,116,77,66.37931034482759,652
single_speaker,False,-4.0,116,88,75.86206896551724,652
single_speaker,False,-2.0,116,79,68.10344827586206,652
single_speaker,False,0.0,116,86,74.13793103448276,652
single_speaker,False,1.0,116,95,81.89655172413794,652
single_speaker,False,2.0,116,103,88.79310344827587,652
single_speaker,False,3.0,116,83,71.55172413793103,652
single_speaker,False,4.0,116,96,82.75862068965517,652
single_speaker,False,5.0,116,79,68.10344827586206,652
colocated,False,-4.0,116,72,62.06896551724138,653
colocated,False,-2.0,116,72,62.06896551724138,653
colocated,False,0.0,116,77,66.37931034482759,653
colocated,False,1.0,116,78,67.24137931034483,653
colocated,False,2.0,116,91,78.44827586206897,653
colocated,False,3.0,116,68,58.620689655172406,653
colocated,False,4.0,116,78,67.24137931034483,653
colocated,False,5.0,116,78,67.24137931034483,653
separated,False,-4.0,116,63,54.310344827586206,653
separated,False,-2.0,116,67,57.758620689655174,653
separated,False,0.0,116,75,64.65517241379311,653
separated,False,1.0,116,97,83.62068965517241,653
separated,False,2.0,116,88,75.86206896551724,653
separated,False,3.0,116,62,53.44827586206896,653
separated,False,4.0,116,69,59.48275862068966,653
separated,False,5.0,116,77,66.37931034482759,653
single_speaker,False,-4.0,116,86,74.13793103448276,653
single_speaker,False,-2.0,116,76,65.51724137931035,653
single_speaker,False,0.0,116,83,71.55172413793103,653
single_speaker,False,1.0,116,88,75.86206896551724,653
single_speaker,False,2.0,116,101,87.06896551724138,653
single_speaker,False,3.0,116,91,78.44827586206897,653
single_speaker,False,4.0,116,97,83.62068965517241,653
single_speaker,False,5.0,116,93,80.17241379310344,653
colocated,False,-4.0,116,71,61.206896551724135,654
colocated,False,-2.0,116,66,56.896551724137936,654
colocated,False,0.0,116,67,57.758620689655174,654
colocated,False,1.0,116,84,72.41379310344827,654
colocated,False,2.0,116,83,71.55172413793103,654
colocated,False,3.0,116,71,61.206896551724135,654
colocated,False,4.0,116,75,64.65517241379311,654
colocated,False,5.0,116,84,72.41379310344827,654
separated,False,-4.0,116,62,53.44827586206896,654
separated,False,-2.0,116,74,63.793103448275865,654
separated,False,0.0,116,78,67.24137931034483,654
separated,False,1.0,116,93,80.17241379310344,654
separated,False,2.0,116,74,63.793103448275865,654
separated,False,3.0,116,67,57.758620689655174,654
separated,False,4.0,116,74,63.793103448275865,654
separated,False,5.0,116,86,74.13793103448276,654
single_speaker,False,-4.0,116,80,68.96551724137932,654
single_speaker,False,-2.0,116,75,64.65517241379311,654
single_speaker,False,0.0,116,92,79.3103448275862,654
single_speaker,False,1.0,116,92,79.3103448275862,654
single_speaker,False,2.0,116,98,84.48275862068965,654
single_speaker,False,3.0,116,86,74.13793103448276,654
single_speaker,False,4.0,116,95,81.89655172413794,654
single_speaker,False,5.0,116,88,75.86206896551724,654
colocated,False,-4.0,116,70,60.3448275862069,655
colocated,False,-2.0,116,69,59.48275862068966,655
colocated,False,0.0,116,80,68.96551724137932,655
colocated,False,1.0,116,85,73.27586206896551,655
colocated,False,2.0,116,90,77.58620689655173,655
colocated,False,3.0,116,65,56.03448275862068,655
colocated,False,4.0,116,79,68.10344827586206,655
colocated,False,5.0,116,79,68.10344827586206,655
separated,False,-4.0,116,57,49.137931034482754,655
separated,False,-2.0,116,68,58.620689655172406,655
separated,False,0.0,116,70,60.3448275862069,655
separated,False,1.0,116,93,80.17241379310344,655
separated,False,2.0,116,84,72.41379310344827,655
separated,False,3.0,116,78,67.24137931034483,655
separated,False,4.0,116,80,68.96551724137932,655
separated,False,5.0,116,74,63.793103448275865,655
single_speaker,False,-4.0,116,90,77.58620689655173,655
single_speaker,False,-2.0,116,79,68.10344827586206,655
single_speaker,False,0.0,116,79,68.10344827586206,655
single_speaker,False,1.0,116,93,80.17241379310344,655
single_speaker,False,2.0,116,97,83.62068965517241,655
single_speaker,False,3.0,116,89,76.72413793103449,655
single_speaker,False,4.0,116,89,76.72413793103449,655
single_speaker,False,5.0,116,89,76.72413793103449,655
colocated,False,-4.0,116,67,57.758620689655174,656
colocated,False,-2.0,116,59,50.86206896551724,656
colocated,False,0.0,116,80,68.96551724137932,656
colocated,False,1.0,116,84,72.41379310344827,656
colocated,False,2.0,116,91,78.44827586206897,656
colocated,False,3.0,116,63,54.310344827586206,656
colocated,False,4.0,116,74,63.793103448275865,656
colocated,False,5.0,116,94,81.03448275862068,656
separated,False,-4.0,116,64,55.172413793103445,656
separated,False,-2.0,116,69,59.48275862068966,656
separated,False,0.0,116,77,66.37931034482759,656
separated,False,1.0,116,86,74.13793103448276,656
separated,False,2.0,116,74,63.793103448275865,656
separated,False,3.0,116,72,62.06896551724138,656
separated,False,4.0,116,79,68.10344827586206,656
separated,False,5.0,116,71,61.206896551724135,656
single_speaker,False,-4.0,116,87,75.0,656
single_speaker,False,-2.0,116,84,72.41379310344827,656
single_speaker,False,0.0,116,83,71.55172413793103,656
single_speaker,False,1.0,116,102,87.93103448275862,656
single_speaker,False,2.0,116,97,83.62068965517241,656
single_speaker,False,3.0,116,86,74.13793103448276,656
single_speaker,False,4.0,116,91,78.44827586206897,656
single_speaker,False,5.0,116,87,75.0,656
colocated,False,-4.0,116,63,54.310344827586206,657
colocated,False,-2.0,116,65,56.03448275862068,657
colocated,False,0.0,116,76,65.51724137931035,657
colocated,False,1.0,116,73,62.93103448275862,657
colocated,False,2.0,116,82,70.6896551724138,657
colocated,False,3.0,116,70,60.3448275862069,657
colocated,False,4.0,116,75,64.65517241379311,657
colocated,False,5.0,116,83,71.55172413793103,657
separated,False,-4.0,116,68,58.620689655172406,657
separated,False,-2.0,116,73,62.93103448275862,657
separated,False,0.0,116,82,70.6896551724138,657
separated,False,1.0,116,98,84.48275862068965,657
separated,False,2.0,116,86,74.13793103448276,657
separated,False,3.0,116,56,48.275862068965516,657
separated,False,4.0,116,83,71.55172413793103,657
separated,False,5.0,116,85,73.27586206896551,657
single_speaker,False,-4.0,116,90,77.58620689655173,657
single_speaker,False,-2.0,116,75,64.65517241379311,657
single_speaker,False,0.0,116,86,74.13793103448276,657
single_speaker,False,1.0,116,104,89.65517241379311,657
single_speaker,False,2.0,116,99,85.34482758620689,657
single_speaker,False,3.0,116,88,75.86206896551724,657
single_speaker,False,4.0,116,99,85.34482758620689,657
single_speaker,False,5.0,116,84,72.41379310344827,657
colocated,False,-4.0,116,63,54.310344827586206,658
colocated,False,-2.0,116,65,56.03448275862068,658
colocated,False,0.0,116,73,62.93103448275862,658
colocated,False,1.0,116,72,62.06896551724138,658
colocated,False,2.0,116,87,75.0,658
colocated,False,3.0,116,68,58.620689655172406,658
colocated,False,4.0,116,79,68.10344827586206,658
colocated,False,5.0,116,78,67.24137931034483,658
separated,False,-4.0,116,66,56.896551724137936,658
separated,False,-2.0,116,69,59.48275862068966,658
separated,False,0.0,116,72,62.06896551724138,658
separated,False,1.0,116,96,82.75862068965517,658
separated,False,2.0,116,82,70.6896551724138,658
separated,False,3.0,116,72,62.06896551724138,658
separated,False,4.0,116,80,68.96551724137932,658
separated,False,5.0,116,73,62.93103448275862,658
single_speaker,False,-4.0,116,88,75.86206896551724,658
single_speaker,False,-2.0,116,78,67.24137931034483,658
single_speaker,False,0.0,116,87,75.0,658
single_speaker,False,1.0,116,94,81.03448275862068,658
single_speaker,False,2.0,116,102,87.93103448275862,658
single_speaker,False,3.0,116,80,68.96551724137932,658
single_speaker,False,4.0,116,97,83.62068965517241,658
single_speaker,False,5.0,116,82,70.6896551724138,658
colocated,False,-4.0,116,52,44.827586206896555,659
colocated,False,-2.0,116,64,55.172413793103445,659
colocated,False,0.0,116,77,66.37931034482759,659
colocated,False,1.0,116,79,68.10344827586206,659
colocated,False,2.0,116,80,68.96551724137932,659
colocated,False,3.0,116,68,58.620689655172406,659
colocated,False,4.0,116,85,73.27586206896551,659
colocated,False,5.0,116,75,64.65517241379311,659
separated,False,-4.0,116,58,50.0,659
separated,False,-2.0,116,79,68.10344827586206,659
separated,False,0.0,116,73,62.93103448275862,659
separated,False,1.0,116,91,78.44827586206897,659
separated,False,2.0,116,75,64.65517241379311,659
separated,False,3.0,116,69,59.48275862068966,659
separated,False,4.0,116,93,80.17241379310344,659
separated,False,5.0,116,73,62.93103448275862,659
single_speaker,False,-4.0,116,87,75.0,659
single_speaker,False,-2.0,116,83,71.55172413793103,659
single_speaker,False,0.0,116,88,75.86206896551724,659
single_speaker,False,1.0,116,90,77.58620689655173,659
single_speaker,False,2.0,116,101,87.06896551724138,659
single_speaker,False,3.0,116,88,75.86206896551724,659
single_speaker,False,4.0,116,93,80.17241379310344,659
single_speaker,False,5.0,116,80,68.96551724137932,659
colocated,False,-4.0,116,67,57.758620689655174,660
colocated,False,-2.0,116,76,65.51724137931035,660
colocated,False,0.0,116,73,62.93103448275862,660
colocated,False,1.0,116,81,69.82758620689656,660
colocated,False,2.0,116,91,78.44827586206897,660
colocated,False,3.0,116,65,56.03448275862068,660
colocated,False,4.0,116,89,76.72413793103449,660
colocated,False,5.0,116,83,71.55172413793103,660
separated,False,-4.0,116,60,51.724137931034484,660
separated,False,-2.0,116,76,65.51724137931035,660
separated,False,0.0,116,78,67.24137931034483,660
separated,False,1.0,116,98,84.48275862068965,660
separated,False,2.0,116,79,68.10344827586206,660
separated,False,3.0,116,66,56.896551724137936,660
separated,False,4.0,116,80,68.96551724137932,660
separated,False,5.0,116,80,68.96551724137932,660
single_speaker,False,-4.0,116,84,72.41379310344827,660
single_speaker,False,-2.0,116,80,68.96551724137932,660
single_speaker,False,0.0,116,85,73.27586206896551,660
single_speaker,False,1.0,116,96,82.75862068965517,660
single_speaker,False,2.0,116,100,86.20689655172413,660
single_speaker,False,3.0,116,84,72.41379310344827,660
single_speaker,False,4.0,116,95,81.89655172413794,660
single_speaker,False,5.0,116,78,67.24137931034483,660
colocated,False,-4.0,116,66,56.896551724137936,661
colocated,False,-2.0,116,58,50.0,661
colocated,False,0.0,116,76,65.51724137931035,661
colocated,False,1.0,116,76,65.51724137931035,661
colocated,False,2.0,116,96,82.75862068965517,661
colocated,False,3.0,116,69,59.48275862068966,661
colocated,False,4.0,116,75,64.65517241379311,661
colocated,False,5.0,116,74,63.793103448275865,661
separated,False,-4.0,116,55,47.41379310344828,661
separated,False,-2.0,116,70,60.3448275862069,661
separated,False,0.0,116,75,64.65517241379311,661
separated,False,1.0,116,90,77.58620689655173,661
separated,False,2.0,116,71,61.206896551724135,661
separated,False,3.0,116,65,56.03448275862068,661
separated,False,4.0,116,85,73.27586206896551,661
separated,False,5.0,116,78,67.24137931034483,661
single_speaker,False,-4.0,116,88,75.86206896551724,661
single_speaker,False,-2.0,116,83,71.55172413793103,661
single_speaker,False,0.0,116,89,76.72413793103449,661
single_speaker,False,1.0,116,95,81.89655172413794,661
single_speaker,False,2.0,116,100,86.20689655172413,661
single_speaker,False,3.0,116,78,67.24137931034483,661
single_speaker,False,4.0,116,100,86.20689655172413,661
single_speaker,False,5.0,116,80,68.96551724137932,661
colocated,False,-4.0,116,68,58.620689655172406,662
colocated,False,-2.0,116,71,61.206896551724135,662
colocated,False,0.0,116,66,56.896551724137936,662
colocated,False,1.0,116,81,69.82758620689656,662
colocated,False,2.0,116,92,79.3103448275862,662
colocated,False,3.0,116,70,60.3448275862069,662
colocated,False,4.0,116,83,71.55172413793103,662
colocated,False,5.0,116,76,65.51724137931035,662
separated,False,-4.0,116,54,46.55172413793103,662
separated,False,-2.0,116,74,63.793103448275865,662
separated,False,0.0,116,79,68.10344827586206,662
separated,False,1.0,116,90,77.58620689655173,662
separated,False,2.0,116,73,62.93103448275862,662
separated,False,3.0,116,67,57.758620689655174,662
separated,False,4.0,116,91,78.44827586206897,662
separated,False,5.0,116,84,72.41379310344827,662
single_speaker,False,-4.0,116,87,75.0,662
single_speaker,False,-2.0,116,83,71.55172413793103,662
single_speaker,False,0.0,116,91,78.44827586206897,662
single_speaker,False,1.0,116,87,75.0,662
single_speaker,False,2.0,116,103,88.79310344827587,662
single_speaker,False,3.0,116,88,75.86206896551724,662
single_speaker,False,4.0,116,86,74.13793103448276,662
single_speaker,False,5.0,116,86,74.13793103448276,662
colocated,False,-4.0,116,64,55.172413793103445,663
colocated,False,-2.0,116,62,53.44827586206896,663
colocated,False,0.0,116,70,60.3448275862069,663
colocated,False,1.0,116,80,68.96551724137932,663
colocated,False,2.0,116,77,66.37931034482759,663
colocated,False,3.0,116,63,54.310344827586206,663
colocated,False,4.0,116,78,67.24137931034483,663
colocated,False,5.0,116,81,69.82758620689656,663
separated,False,-4.0,116,62,53.44827586206896,663
separated,False,-2.0,116,63,54.310344827586206,663
separated,False,0.0,116,79,68.10344827586206,663
separated,False,1.0,116,96,82.75862068965517,663
separated,False,2.0,116,83,71.55172413793103,663
separated,False,3.0,116,73,62.93103448275862,663
separated,False,4.0,116,82,70.6896551724138,663
separated,False,5.0,116,80,68.96551724137932,663
single_speaker,False,-4.0,116,85,73.27586206896551,663
single_speaker,False,-2.0,116,78,67.24137931034483,663
single_speaker,False,0.0,116,80,68.96551724137932,663
single_speaker,False,1.0,116,99,85.34482758620689,663
single_speaker,False,2.0,116,101,87.06896551724138,663
single_speaker,False,3.0,116,94,81.03448275862068,663
single_speaker,False,4.0,116,90,77.58620689655173,663
single_speaker,False,5.0,116,80,68.96551724137932,663
colocated,False,-4.0,116,67,57.758620689655174,664
colocated,False,-2.0,116,74,63.793103448275865,664
colocated,False,0.0,116,73,62.93103448275862,664
colocated,False,1.0,116,72,62.06896551724138,664
colocated,False,2.0,116,87,75.0,664
colocated,False,3.0,116,66,56.896551724137936,664
colocated,False,4.0,116,84,72.41379310344827,664
colocated,False,5.0,116,72,62.06896551724138,664
separated,False,-4.0,116,67,57.758620689655174,664
separated,False,-2.0,116,69,59.48275862068966,664
separated,False,0.0,116,73,62.93103448275862,664
separated,False,1.0,116,88,75.86206896551724,664
separated,False,2.0,116,71,61.206896551724135,664
separated,False,3.0,116,61,52.58620689655172,664
separated,False,4.0,116,83,71.55172413793103,664
separated,False,5.0,116,81,69.82758620689656,664
single_speaker,False,-4.0,116,90,77.58620689655173,664
single_speaker,False,-2.0,116,86,74.13793103448276,664
single_speaker,False,0.0,116,83,71.55172413793103,664
single_speaker,False,1.0,116,96,82.75862068965517,664
single_speaker,False,2.0,116,104,89.65517241379311,664
single_speaker,False,3.0,116,80,68.96551724137932,664
single_speaker,False,4.0,116,94,81.03448275862068,664
single_speaker,False,5.0,116,81,69.82758620689656,664
colocated,False,-4.0,116,53,45.689655172413794,665
colocated,False,-2.0,116,57,49.137931034482754,665
colocated,False,0.0,116,66,56.896551724137936,665
colocated,False,1.0,116,80,68.96551724137932,665
colocated,False,2.0,116,87,75.0,665
colocated,False,3.0,116,65,56.03448275862068,665
colocated,False,4.0,116,83,71.55172413793103,665
colocated,False,5.0,116,76,65.51724137931035,665
separated,False,-4.0,116,65,56.03448275862068,665
separated,False,-2.0,116,67,57.758620689655174,665
separated,False,0.0,116,81,69.82758620689656,665
separated,False,1.0,116,87,75.0,665
separated,False,2.0,116,77,66.37931034482759,665
separated,False,3.0,116,72,62.06896551724138,665
separated,False,4.0,116,82,70.6896551724138,665
separated,False,5.0,116,74,63.793103448275865,665
single_speaker,False,-4.0,116,91,78.44827586206897,665
single_speaker,False,-2.0,116,81,69.82758620689656,665
single_speaker,False,0.0,116,85,73.27586206896551,665
single_speaker,False,1.0,116,92,79.3103448275862,665
single_speaker,False,2.0,116,103,88.79310344827587,665
single_speaker,False,3.0,116,88,75.86206896551724,665
single_speaker,False,4.0,116,91,78.44827586206897,665
single_speaker,False,5.0,116,80,68.96551724137932,665
colocated,False,-4.0,116,60,51.724137931034484,666
colocated,False,-2.0,116,61,52.58620689655172,666
colocated,False,0.0,116,79,68.10344827586206,666
colocated,False,1.0,116,75,64.65517241379311,666
colocated,False,2.0,116,84,72.41379310344827,666
colocated,False,3.0,116,68,58.620689655172406,666
colocated,False,4.0,116,74,63.793103448275865,666
colocated,False,5.0,116,84,72.41379310344827,666
separated,False,-4.0,116,56,48.275862068965516,666
separated,False,-2.0,116,66,56.896551724137936,666
separated,False,0.0,116,73,62.93103448275862,666
separated,False,1.0,116,92,79.3103448275862,666
separated,False,2.0,116,71,61.206896551724135,666
separated,False,3.0,116,71,61.206896551724135,666
separated,False,4.0,116,83,71.55172413793103,666
separated,False,5.0,116,78,67.24137931034483,666
single_speaker,False,-4.0,116,87,75.0,666
single_speaker,False,-2.0,116,79,68.10344827586206,666
single_speaker,False,0.0,116,90,77.58620689655173,666
single_speaker,False,1.0,116,87,75.0,666
single_speaker,False,2.0,116,101,87.06896551724138,666
single_speaker,False,3.0,116,89,76.72413793103449,666
single_speaker,False,4.0,116,91,78.44827586206897,666
single_speaker,False,5.0,116,94,81.03448275862068,666
colocated,False,-4.0,116,73,62.93103448275862,667
colocated,False,-2.0,116,70,60.3448275862069,667
colocated,False,0.0,116,75,64.65517241379311,667
colocated,False,1.0,116,80,68.96551724137932,667
colocated,False,2.0,116,89,76.72413793103449,667
colocated,False,3.0,116,57,49.137931034482754,667
colocated,False,4.0,116,73,62.93103448275862,667
colocated,False,5.0,116,82,70.6896551724138,667
separated,False,-4.0,116,62,53.44827586206896,667
separated,False,-2.0,116,67,57.758620689655174,667
separated,False,0.0,116,84,72.41379310344827,667
separated,False,1.0,116,96,82.75862068965517,667
separated,False,2.0,116,83,71.55172413793103,667
separated,False,3.0,116,69,59.48275862068966,667
separated,False,4.0,116,83,71.55172413793103,667
separated,False,5.0,116,78,67.24137931034483,667
single_speaker,False,-4.0,116,86,74.13793103448276,667
single_speaker,False,-2.0,116,75,64.65517241379311,667
single_speaker,False,0.0,116,82,70.6896551724138,667
single_speaker,False,1.0,116,93,80.17241379310344,667
single_speaker,False,2.0,116,96,82.75862068965517,667
single_speaker,False,3.0,116,82,70.6896551724138,667
single_speaker,False,4.0,116,94,81.03448275862068,667
single_speaker,False,5.0,116,83,71.55172413793103,667
colocated,False,-4.0,116,71,61.206896551724135,668
colocated,False,-2.0,116,74,63.793103448275865,668
colocated,False,0.0,116,75,64.65517241379311,668
colocated,False,1.0,116,78,67.24137931034483,668
colocated,False,2.0,116,83,71.55172413793103,668
colocated,False,3.0,116,69,59.48275862068966,668
colocated,False,4.0,116,75,64.65517241379311,668
colocated,False,5.0,116,80,68.96551724137932,668
separated,False,-4.0,116,68,58.620689655172406,668
separated,False,-2.0,116,75,64.65517241379311,668
separated,False,0.0,116,70,60.3448275862069,668
separated,False,1.0,116,96,82.75862068965517,668
separated,False,2.0,116,76,65.51724137931035,668
separated,False,3.0,116,73,62.93103448275862,668
separated,False,4.0,116,87,75.0,668
separated,False,5.0,116,77,66.37931034482759,668
single_speaker,False,-4.0,116,80,68.96551724137932,668
single_speaker,False,-2.0,116,82,70.6896551724138,668
single_speaker,False,0.0,116,89,76.72413793103449,668
single_speaker,False,1.0,116,91,78.44827586206897,668
single_speaker,False,2.0,116,102,87.93103448275862,668
single_speaker,False,3.0,116,79,68.10344827586206,668
single_speaker,False,4.0,116,89,76.72413793103449,668
single_speaker,False,5.0,116,87,75.0,668
colocated,False,-4.0,116,70,60.3448275862069,669
colocated,False,-2.0,116,68,58.620689655172406,669
colocated,False,0.0,116,75,64.65517241379311,669
colocated,False,1.0,116,73,62.93103448275862,669
colocated,False,2.0,116,89,76.72413793103449,669
colocated,False,3.0,116,65,56.03448275862068,669
colocated,False,4.0,116,82,70.6896551724138,669
colocated,False,5.0,116,75,64.65517241379311,669
separated,False,-4.0,116,67,57.758620689655174,669
separated,False,-2.0,116,74,63.793103448275865,669
separated,False,0.0,116,86,74.13793103448276,669
separated,False,1.0,116,101,87.06896551724138,669
separated,False,2.0,116,68,58.620689655172406,669
separated,False,3.0,116,66,56.896551724137936,669
separated,False,4.0,116,90,77.58620689655173,669
separated,False,5.0,116,81,69.82758620689656,669
single_speaker,False,-4.0,116,93,80.17241379310344,669
single_speaker,False,-2.0,116,71,61.206896551724135,669
single_speaker,False,0.0,116,86,74.13793103448276,669
single_speaker,False,1.0,116,91,78.44827586206897,669
single_speaker,False,2.0,116,97,83.62068965517241,669
single_speaker,False,3.0,116,77,66.37931034482759,669
single_speaker,False,4.0,116,92,79.3103448275862,669
single_speaker,False,5.0,116,81,69.82758620689656,669
colocated,False,-4.0,116,66,56.896551724137936,670
colocated,False,-2.0,116,60,51.724137931034484,670
colocated,False,0.0,116,70,60.3448275862069,670
colocated,False,1.0,116,75,64.65517241379311,670
colocated,False,2.0,116,87,75.0,670
colocated,False,3.0,116,68,58.620689655172406,670
colocated,False,4.0,116,77,66.37931034482759,670
colocated,False,5.0,116,73,62.93103448275862,670
separated,False,-4.0,116,56,48.275862068965516,670
separated,False,-2.0,116,79,68.10344827586206,670
separated,False,0.0,116,76,65.51724137931035,670
separated,False,1.0,116,91,78.44827586206897,670
separated,False,2.0,116,70,60.3448275862069,670
separated,False,3.0,116,67,57.758620689655174,670
separated,False,4.0,116,90,77.58620689655173,670
separated,False,5.0,116,75,64.65517241379311,670
single_speaker,False,-4.0,116,81,69.82758620689656,670
single_speaker,False,-2.0,116,76,65.51724137931035,670
single_speaker,False,0.0,116,89,76.72413793103449,670
single_speaker,False,1.0,116,88,75.86206896551724,670
single_speaker,False,2.0,116,104,89.65517241379311,670
single_speaker,False,3.0,116,90,77.58620689655173,670
single_speaker,False,4.0,116,89,76.72413793103449,670
single_speaker,False,5.0,116,90,77.58620689655173,670
colocated,False,-4.0,116,66,56.896551724137936,671
colocated,False,-2.0,116,58,50.0,671
colocated,False,0.0,116,77,66.37931034482759,671
colocated,False,1.0,116,84,72.41379310344827,671
colocated,False,2.0,116,81,69.82758620689656,671
colocated,False,3.0,116,68,58.620689655172406,671
colocated,False,4.0,116,74,63.793103448275865,671
colocated,False,5.0,116,79,68.10344827586206,671
separated,False,-4.0,116,67,57.758620689655174,671
separated,False,-2.0,116,76,65.51724137931035,671
separated,False,0.0,116,73,62.93103448275862,671
separated,False,1.0,116,94,81.03448275862068,671
separated,False,2.0,116,67,57.758620689655174,671
separated,False,3.0,116,68,58.620689655172406,671
separated,False,4.0,116,85,73.27586206896551,671
separated,False,5.0,116,73,62.93103448275862,671
single_speaker,False,-4.0,116,88,75.86206896551724,671
single_speaker,False,-2.0,116,80,68.96551724137932,671
single_speaker,False,0.0,116,83,71.55172413793103,671
single_speaker,False,1.0,116,94,81.03448275862068,671
single_speaker,False,2.0,116,96,82.75862068965517,671
single_speaker,False,3.0,116,84,72.41379310344827,671
single_speaker,False,4.0,116,91,78.44827586206897,671
single_speaker,False,5.0,116,72,62.06896551724138,671
colocated,False,-4.0,116,68,58.620689655172406,672
colocated,False,-2.0,116,70,60.3448275862069,672
colocated,False,0.0,116,67,57.758620689655174,672
colocated,False,1.0,116,76,65.51724137931035,672
colocated,False,2.0,116,96,82.75862068965517,672
colocated,False,3.0,116,72,62.06896551724138,672
colocated,False,4.0,116,76,65.51724137931035,672
colocated,False,5.0,116,83,71.55172413793103,672
separated,False,-4.0,116,69,59.48275862068966,672
separated,False,-2.0,116,68,58.620689655172406,672
separated,False,0.0,116,77,66.37931034482759,672
separated,False,1.0,116,87,75.0,672
separated,False,2.0,116,76,65.51724137931035,672
separated,False,3.0,116,69,59.48275862068966,672
separated,False,4.0,116,82,70.6896551724138,672
separated,False,5.0,116,80,68.96551724137932,672
single_speaker,False,-4.0,116,81,69.82758620689656,672
single_speaker,False,-2.0,116,69,59.48275862068966,672
single_speaker,False,0.0,116,78,67.24137931034483,672
single_speaker,False,1.0,116,89,76.72413793103449,672
single_speaker,False,2.0,116,98,84.48275862068965,672
single_speaker,False,3.0,116,93,80.17241379310344,672
single_speaker,False,4.0,116,95,81.89655172413794,672
single_speaker,False,5.0,116,81,69.82758620689656,672
colocated,False,-4.0,116,56,48.275862068965516,673
colocated,False,-2.0,116,63,54.310344827586206,673
colocated,False,0.0,116,74,63.793103448275865,673
colocated,False,1.0,116,79,68.10344827586206,673
colocated,False,2.0,116,93,80.17241379310344,673
colocated,False,3.0,116,65,56.03448275862068,673
colocated,False,4.0,116,73,62.93103448275862,673
colocated,False,5.0,116,80,68.96551724137932,673
separated,False,-4.0,116,65,56.03448275862068,673
separated,False,-2.0,116,67,57.758620689655174,673
separated,False,0.0,116,69,59.48275862068966,673
separated,False,1.0,116,91,78.44827586206897,673
separated,False,2.0,116,71,61.206896551724135,673
separated,False,3.0,116,71,61.206896551724135,673
separated,False,4.0,116,88,75.86206896551724,673
separated,False,5.0,116,77,66.37931034482759,673
single_speaker,False,-4.0,116,86,74.13793103448276,673
single_speaker,False,-2.0,116,80,68.96551724137932,673
single_speaker,False,0.0,116,82,70.6896551724138,673
single_speaker,False,1.0,116,97,83.62068965517241,673
single_speaker,False,2.0,116,101,87.06896551724138,673
single_speaker,False,3.0,116,89,76.72413793103449,673
single_speaker,False,4.0,116,92,79.3103448275862,673
single_speaker,False,5.0,116,91,78.44827586206897,673
colocated,False,-4.0,116,70,60.3448275862069,674
colocated,False,-2.0,116,66,56.896551724137936,674
colocated,False,0.0,116,78,67.24137931034483,674
colocated,False,1.0,116,81,69.82758620689656,674
colocated,False,2.0,116,88,75.86206896551724,674
colocated,False,3.0,116,68,58.620689655172406,674
colocated,False,4.0,116,83,71.55172413793103,674
colocated,False,5.0,116,85,73.27586206896551,674
separated,False,-4.0,116,62,53.44827586206896,674
separated,False,-2.0,116,59,50.86206896551724,674
separated,False,0.0,116,76,65.51724137931035,674
separated,False,1.0,116,92,79.3103448275862,674
separated,False,2.0,116,77,66.37931034482759,674
separated,False,3.0,116,67,57.758620689655174,674
separated,False,4.0,116,75,64.65517241379311,674
separated,False,5.0,116,81,69.82758620689656,674
single_speaker,False,-4.0,116,84,72.41379310344827,674
single_speaker,False,-2.0,116,76,65.51724137931035,674
single_speaker,False,0.0,116,84,72.41379310344827,674
single_speaker,False,1.0,116,97,83.62068965517241,674
single_speaker,False,2.0,116,97,83.62068965517241,674
single_speaker,False,3.0,116,81,69.82758620689656,674
single_speaker,False,4.0,116,97,83.62068965517241,674
single_speaker,False,5.0,116,87,75.0,674
colocated,False,-4.0,116,62,53.44827586206896,675
colocated,False,-2.0,116,63,54.310344827586206,675
colocated,False,0.0,116,60,51.724137931034484,675
colocated,False,1.0,116,78,67.24137931034483,675
colocated,False,2.0,116,90,77.58620689655173,675
colocated,False,3.0,116,63,54.310344827586206,675
colocated,False,4.0,116,74,63.793103448275865,675
colocated,False,5.0,116,80,68.96551724137932,675
separated,False,-4.0,116,53,45.689655172413794,675
separated,False,-2.0,116,84,72.41379310344827,675
separated,False,0.0,116,75,64.65517241379311,675
separated,False,1.0,116,97,83.62068965517241,675
separated,False,2.0,116,76,65.51724137931035,675
separated,False,3.0,116,69,59.48275862068966,675
separated,False,4.0,116,85,73.27586206896551,675
separated,False,5.0,116,82,70.6896551724138,675
single_speaker,False,-4.0,116,85,73.27586206896551,675
single_speaker,False,-2.0,116,83,71.55172413793103,675
single_speaker,False,0.0,116,87,75.0,675
single_speaker,False,1.0,116,96,82.75862068965517,675
single_speaker,False,2.0,116,95,81.89655172413794,675
single_speaker,False,3.0,116,85,73.27586206896551,675
single_speaker,False,4.0,116,97,83.62068965517241,675
single_speaker,False,5.0,116,86,74.13793103448276,675
colocated,False,-4.0,116,59,50.86206896551724,676
colocated,False,-2.0,116,64,55.172413793103445,676
colocated,False,0.0,116,69,59.48275862068966,676
colocated,False,1.0,116,71,61.206896551724135,676
colocated,False,2.0,116,81,69.82758620689656,676
colocated,False,3.0,116,64,55.172413793103445,676
colocated,False,4.0,116,84,72.41379310344827,676
colocated,False,5.0,116,76,65.51724137931035,676
separated,False,-4.0,116,54,46.55172413793103,676
separated,False,-2.0,116,65,56.03448275862068,676
separated,False,0.0,116,85,73.27586206896551,676
separated,False,1.0,116,90,77.58620689655173,676
separated,False,2.0,116,79,68.10344827586206,676
separated,False,3.0,116,79,68.10344827586206,676
separated,False,4.0,116,81,69.82758620689656,676
separated,False,5.0,116,79,68.10344827586206,676
single_speaker,False,-4.0,116,83,71.55172413793103,676
single_speaker,False,-2.0,116,77,66.37931034482759,676
single_speaker,False,0.0,116,82,70.6896551724138,676
single_speaker,False,1.0,116,98,84.48275862068965,676
single_speaker,False,2.0,116,98,84.48275862068965,676
single_speaker,False,3.0,116,88,75.86206896551724,676
single_speaker,False,4.0,116,97,83.62068965517241,676
single_speaker,False,5.0,116,86,74.13793103448276,676
colocated,False,-4.0,116,65,56.03448275862068,677
colocated,False,-2.0,116,61,52.58620689655172,677
colocated,False,0.0,116,81,69.82758620689656,677
colocated,False,1.0,116,82,70.6896551724138,677
colocated,False,2.0,116,84,72.41379310344827,677
colocated,False,3.0,116,68,58.620689655172406,677
colocated,False,4.0,116,81,69.82758620689656,677
colocated,False,5.0,116,78,67.24137931034483,677
separated,False,-4.0,116,67,57.758620689655174,677
separated,False,-2.0,116,76,65.51724137931035,677
separated,False,0.0,116,78,67.24137931034483,677
separated,False,1.0,116,89,76.72413793103449,677
separated,False,2.0,116,79,68.10344827586206,677
separated,False,3.0,116,70,60.3448275862069,677
separated,False,4.0,116,80,68.96551724137932,677
separated,False,5.0,116,90,77.58620689655173,677
single_speaker,False,-4.0,116,84,72.41379310344827,677
single_speaker,False,-2.0,116,72,62.06896551724138,677
single_speaker,False,0.0,116,95,81.89655172413794,677
single_speaker,False,1.0,116,91,78.44827586206897,677
single_speaker,False,2.0,116,104,89.65517241379311,677
single_speaker,False,3.0,116,89,76.72413793103449,677
single_speaker,False,4.0,116,92,79.3103448275862,677
single_speaker,False,5.0,116,79,68.10344827586206,677
colocated,False,-4.0,116,62,53.44827586206896,678
colocated,False,-2.0,116,69,59.48275862068966,678
colocated,False,0.0,116,71,61.206896551724135,678
colocated,False,1.0,116,80,68.96551724137932,678
colocated,False,2.0,116,85,73.27586206896551,678
colocated,False,3.0,116,69,59.48275862068966,678
colocated,False,4.0,116,73,62.93103448275862,678
colocated,False,5.0,116,86,74.13793103448276,678
separated,False,-4.0,116,56,48.275862068965516,678
separated,False,-2.0,116,75,64.65517241379311,678
separated,False,0.0,116,83,71.55172413793103,678
separated,False,1.0,116,93,80.17241379310344,678
separated,False,2.0,116,75,64.65517241379311,678
separated,False,3.0,116,66,56.896551724137936,678
separated,False,4.0,116,84,72.41379310344827,678
separated,False,5.0,116,77,66.37931034482759,678
single_speaker,False,-4.0,116,85,73.27586206896551,678
single_speaker,False,-2.0,116,83,71.55172413793103,678
single_speaker,False,0.0,116,87,75.0,678
single_speaker,False,1.0,116,93,80.17241379310344,678
single_speaker,False,2.0,116,96,82.75862068965517,678
single_speaker,False,3.0,116,80,68.96551724137932,678
single_speaker,False,4.0,116,97,83.62068965517241,678
single_speaker,False,5.0,116,85,73.27586206896551,678
colocated,False,-4.0,116,59,50.86206896551724,679
colocated,False,-2.0,116,72,62.06896551724138,679
colocated,False,0.0,116,79,68.10344827586206,679
colocated,False,1.0,116,79,68.10344827586206,679
colocated,False,2.0,116,85,73.27586206896551,679
colocated,False,3.0,116,61,52.58620689655172,679
colocated,False,4.0,116,80,68.96551724137932,679
colocated,False,5.0,116,77,66.37931034482759,679
separated,False,-4.0,116,66,56.896551724137936,679
separated,False,-2.0,116,72,62.06896551724138,679
separated,False,0.0,116,75,64.65517241379311,679
separated,False,1.0,116,97,83.62068965517241,679
separated,False,2.0,116,69,59.48275862068966,679
separated,False,3.0,116,66,56.896551724137936,679
separated,False,4.0,116,73,62.93103448275862,679
separated,False,5.0,116,86,74.13793103448276,679
single_speaker,False,-4.0,116,84,72.41379310344827,679
single_speaker,False,-2.0,116,82,70.6896551724138,679
single_speaker,False,0.0,116,83,71.55172413793103,679
single_speaker,False,1.0,116,98,84.48275862068965,679
single_speaker,False,2.0,116,100,86.20689655172413,679
single_speaker,False,3.0,116,84,72.41379310344827,679
single_speaker,False,4.0,116,95,81.89655172413794,679
single_speaker,False,5.0,116,76,65.51724137931035,679
colocated,False,-4.0,116,65,56.03448275862068,680
colocated,False,-2.0,116,60,51.724137931034484,680
colocated,False,0.0,116,64,55.172413793103445,680
colocated,False,1.0,116,83,71.55172413793103,680
colocated,False,2.0,116,93,80.17241379310344,680
colocated,False,3.0,116,67,57.758620689655174,680
colocated,False,4.0,116,91,78.44827586206897,680
colocated,False,5.0,116,85,73.27586206896551,680
separated,False,-4.0,116,63,54.310344827586206,680
separated,False,-2.0,116,68,58.620689655172406,680
separated,False,0.0,116,76,65.51724137931035,680
separated,False,1.0,116,93,80.17241379310344,680
separated,False,2.0,116,68,58.620689655172406,680
separated,False,3.0,116,77,66.37931034482759,680
separated,False,4.0,116,76,65.51724137931035,680
separated,False,5.0,116,82,70.6896551724138,680
single_speaker,False,-4.0,116,85,73.27586206896551,680
single_speaker,False,-2.0,116,80,68.96551724137932,680
single_speaker,False,0.0,116,89,76.72413793103449,680
single_speaker,False,1.0,116,99,85.34482758620689,680
single_speaker,False,2.0,116,99,85.34482758620689,680
single_speaker,False,3.0,116,84,72.41379310344827,680
single_speaker,False,4.0,116,96,82.75862068965517,680
single_speaker,False,5.0,116,82,70.6896551724138,680
colocated,False,-4.0,116,74,63.793103448275865,681
colocated,False,-2.0,116,76,65.51724137931035,681
colocated,False,0.0,116,68,58.620689655172406,681
colocated,False,1.0,116,72,62.06896551724138,681
colocated,False,2.0,116,90,77.58620689655173,681
colocated,False,3.0,116,64,55.172413793103445,681
colocated,False,4.0,116,73,62.93103448275862,681
colocated,False,5.0,116,91,78.44827586206897,681
separated,False,-4.0,116,66,56.896551724137936,681
separated,False,-2.0,116,76,65.51724137931035,681
separated,False,0.0,116,73,62.93103448275862,681
separated,False,1.0,116,85,73.27586206896551,681
separated,False,2.0,116,74,63.793103448275865,681
separated,False,3.0,116,70,60.3448275862069,681
separated,False,4.0,116,87,75.0,681
separated,False,5.0,116,81,69.82758620689656,681
single_speaker,False,-4.0,116,89,76.72413793103449,681
single_speaker,False,-2.0,116,82,70.6896551724138,681
single_speaker,False,0.0,116,85,73.27586206896551,681
single_speaker,False,1.0,116,90,77.58620689655173,681
single_speaker,False,2.0,116,104,89.65517241379311,681
single_speaker,False,3.0,116,87,75.0,681
single_speaker,False,4.0,116,100,86.20689655172413,681
single_speaker,False,5.0,116,91,78.44827586206897,681
colocated,False,-4.0,116,70,60.3448275862069,682
colocated,False,-2.0,116,63,54.310344827586206,682
colocated,False,0.0,116,67,57.758620689655174,682
colocated,False,1.0,116,85,73.27586206896551,682
colocated,False,2.0,116,88,75.86206896551724,682
colocated,False,3.0,116,75,64.65517241379311,682
colocated,False,4.0,116,74,63.793103448275865,682
colocated,False,5.0,116,82,70.6896551724138,682
separated,False,-4.0,116,66,56.896551724137936,682
separated,False,-2.0,116,77,66.37931034482759,682
separated,False,0.0,116,75,64.65517241379311,682
separated,False,1.0,116,91,78.44827586206897,682
separated,False,2.0,116,75,64.65517241379311,682
separated,False,3.0,116,75,64.65517241379311,682
separated,False,4.0,116,88,75.86206896551724,682
separated,False,5.0,116,77,66.37931034482759,682
single_speaker,False,-4.0,116,90,77.58620689655173,682
single_speaker,False,-2.0,116,88,75.86206896551724,682
single_speaker,False,0.0,116,82,70.6896551724138,682
single_speaker,False,1.0,116,90,77.58620689655173,682
single_speaker,False,2.0,116,98,84.48275862068965,682
single_speaker,False,3.0,116,86,74.13793103448276,682
single_speaker,False,4.0,116,94,81.03448275862068,682
single_speaker,False,5.0,116,92,79.3103448275862,682
colocated,False,-4.0,116,64,55.172413793103445,683
colocated,False,-2.0,116,69,59.48275862068966,683
colocated,False,0.0,116,76,65.51724137931035,683
colocated,False,1.0,116,84,72.41379310344827,683
colocated,False,2.0,116,90,77.58620689655173,683
colocated,False,3.0,116,63,54.310344827586206,683
colocated,False,4.0,116,84,72.41379310344827,683
colocated,False,5.0,116,74,63.793103448275865,683
separated,False,-4.0,116,54,46.55172413793103,683
separated,False,-2.0,116,79,68.10344827586206,683
separated,False,0.0,116,77,66.37931034482759,683
separated,False,1.0,116,95,81.89655172413794,683
separated,False,2.0,116,79,68.10344827586206,683
separated,False,3.0,116,74,63.793103448275865,683
separated,False,4.0,116,89,76.72413793103449,683
separated,False,5.0,116,70,60.3448275862069,683
single_speaker,False,-4.0,116,84,72.41379310344827,683
single_speaker,False,-2.0,116,88,75.86206896551724,683
single_speaker,False,0.0,116,86,74.13793103448276,683
single_speaker,False,1.0,116,93,80.17241379310344,683
single_speaker,False,2.0,116,97,83.62068965517241,683
single_speaker,False,3.0,116,81,69.82758620689656,683
single_speaker,False,4.0,116,88,75.86206896551724,683
single_speaker,False,5.0,116,90,77.58620689655173,683
colocated,False,-4.0,116,69,59.48275862068966,684
colocated,False,-2.0,116,69,59.48275862068966,684
colocated,False,0.0,116,75,64.65517241379311,684
colocated,False,1.0,116,71,61.206896551724135,684
colocated,False,2.0,116,86,74.13793103448276,684
colocated,False,3.0,116,61,52.58620689655172,684
colocated,False,4.0,116,74,63.793103448275865,684
colocated,False,5.0,116,77,66.37931034482759,684
separated,False,-4.0,116,65,56.03448275862068,684
separated,False,-2.0,116,67,57.758620689655174,684
separated,False,0.0,116,87,75.0,684
separated,False,1.0,116,93,80.17241379310344,684
separated,False,2.0,116,71,61.206896551724135,684
separated,False,3.0,116,66,56.896551724137936,684
separated,False,4.0,116,86,74.13793103448276,684
separated,False,5.0,116,78,67.24137931034483,684
single_speaker,False,-4.0,116,81,69.82758620689656,684
single_speaker,False,-2.0,116,77,66.37931034482759,684
single_speaker,False,0.0,116,79,68.10344827586206,684
single_speaker,False,1.0,116,91,78.44827586206897,684
single_speaker,False,2.0,116,95,81.89655172413794,684
single_speaker,False,3.0,116,81,69.82758620689656,684
single_speaker,False,4.0,116,101,87.06896551724138,684
single_speaker,False,5.0,116,82,70.6896551724138,684
colocated,False,-4.0,116,66,56.896551724137936,685
colocated,False,-2.0,116,61,52.58620689655172,685
colocated,False,0.0,116,68,58.620689655172406,685
colocated,False,1.0,116,82,70.6896551724138,685
colocated,False,2.0,116,80,68.96551724137932,685
colocated,False,3.0,116,74,63.793103448275865,685
colocated,False,4.0,116,80,68.96551724137932,685
colocated,False,5.0,116,72,62.06896551724138,685
separated,False,-4.0,116,46,39.6551724137931,685
separated,False,-2.0,116,79,68.10344827586206,685
separated,False,0.0,116,76,65.51724137931035,685
separated,False,1.0,116,88,75.86206896551724,685
separated,False,2.0,116,79,68.10344827586206,685
separated,False,3.0,116,67,57.758620689655174,685
separated,False,4.0,116,83,71.55172413793103,685
separated,False,5.0,116,79,68.10344827586206,685
single_speaker,False,-4.0,116,78,67.24137931034483,685
single_speaker,False,-2.0,116,83,71.55172413793103,685
single_speaker,False,0.0,116,87,75.0,685
single_speaker,False,1.0,116,90,77.58620689655173,685
single_speaker,False,2.0,116,107,92.24137931034483,685
single_speaker,False,3.0,116,83,71.55172413793103,685
single_speaker,False,4.0,116,96,82.75862068965517,685
single_speaker,False,5.0,116,92,79.3103448275862,685
colocated,False,-4.0,116,71,61.206896551724135,686
colocated,False,-2.0,116,62,53.44827586206896,686
colocated,False,0.0,116,79,68.10344827586206,686
colocated,False,1.0,116,75,64.65517241379311,686
colocated,False,2.0,116,92,79.3103448275862,686
colocated,False,3.0,116,71,61.206896551724135,686
colocated,False,4.0,116,77,66.37931034482759,686
colocated,False,5.0,116,89,76.72413793103449,686
separated,False,-4.0,116,59,50.86206896551724,686
separated,False,-2.0,116,72,62.06896551724138,686
separated,False,0.0,116,74,63.793103448275865,686
separated,False,1.0,116,95,81.89655172413794,686
separated,False,2.0,116,78,67.24137931034483,686
separated,False,3.0,116,74,63.793103448275865,686
separated,False,4.0,116,77,66.37931034482759,686
separated,False,5.0,116,80,68.96551724137932,686
single_speaker,False,-4.0,116,88,75.86206896551724,686
single_speaker,False,-2.0,116,80,68.96551724137932,686
single_speaker,False,0.0,116,90,77.58620689655173,686
single_speaker,False,1.0,116,91,78.44827586206897,686
single_speaker,False,2.0,116,99,85.34482758620689,686
single_speaker,False,3.0,116,82,70.6896551724138,686
single_speaker,False,4.0,116,93,80.17241379310344,686
single_speaker,False,5.0,116,84,72.41379310344827,686
colocated,False,-4.0,116,64,55.172413793103445,687
colocated,False,-2.0,116,62,53.44827586206896,687
colocated,False,0.0,116,80,68.96551724137932,687
colocated,False,1.0,116,81,69.82758620689656,687
colocated,False,2.0,116,84,72.41379310344827,687
colocated,False,3.0,116,60,51.724137931034484,687
colocated,False,4.0,116,82,70.6896551724138,687
colocated,False,5.0,116,81,69.82758620689656,687
separated,False,-4.0,116,66,56.896551724137936,687
separated,False,-2.0,116,76,65.51724137931035,687
separated,False,0.0,116,73,62.93103448275862,687
separated,False,1.0,116,89,76.72413793103449,687
separated,False,2.0,116,87,75.0,687
separated,False,3.0,116,69,59.48275862068966,687
separated,False,4.0,116,86,74.13793103448276,687
separated,False,5.0,116,82,70.6896551724138,687
single_speaker,False,-4.0,116,88,75.86206896551724,687
single_speaker,False,-2.0,116,81,69.82758620689656,687
single_speaker,False,0.0,116,81,69.82758620689656,687
single_speaker,False,1.0,116,92,79.3103448275862,687
single_speaker,False,2.0,116,98,84.48275862068965,687
single_speaker,False,3.0,116,83,71.55172413793103,687
single_speaker,False,4.0,116,89,76.72413793103449,687
single_speaker,False,5.0,116,73,62.93103448275862,687
colocated,False,-4.0,116,66,56.896551724137936,688
colocated,False,-2.0,116,60,51.724137931034484,688
colocated,False,0.0,116,73,62.93103448275862,688
colocated,False,1.0,116,82,70.6896551724138,688
colocated,False,2.0,116,90,77.58620689655173,688
colocated,False,3.0,116,59,50.86206896551724,688
colocated,False,4.0,116,73,62.93103448275862,688
colocated,False,5.0,116,84,72.41379310344827,688
separated,False,-4.0,116,65,56.03448275862068,688
separated,False,-2.0,116,74,63.793103448275865,688
separated,False,0.0,116,70,60.3448275862069,688
separated,False,1.0,116,91,78.44827586206897,688
separated,False,2.0,116,81,69.82758620689656,688
separated,False,3.0,116,75,64.65517241379311,688
separated,False,4.0,116,80,68.96551724137932,688
separated,False,5.0,116,75,64.65517241379311,688
single_speaker,False,-4.0,116,84,72.41379310344827,688
single_speaker,False,-2.0,116,83,71.55172413793103,688
single_speaker,False,0.0,116,85,73.27586206896551,688
single_speaker,False,1.0,116,92,79.3103448275862,688
single_speaker,False,2.0,116,101,87.06896551724138,688
single_speaker,False,3.0,116,90,77.58620689655173,688
single_speaker,False,4.0,116,96,82.75862068965517,688
single_speaker,False,5.0,116,82,70.6896551724138,688
colocated,False,-4.0,116,65,56.03448275862068,689
colocated,False,-2.0,116,53,45.689655172413794,689
colocated,False,0.0,116,71,61.206896551724135,689
colocated,False,1.0,116,75,64.65517241379311,689
colocated,False,2.0,116,75,64.65517241379311,689
colocated,False,3.0,116,62,53.44827586206896,689
colocated,False,4.0,116,73,62.93103448275862,689
colocated,False,5.0,116,75,64.65517241379311,689
separated,False,-4.0,116,60,51.724137931034484,689
separated,False,-2.0,116,78,67.24137931034483,689
separated,False,0.0,116,78,67.24137931034483,689
separated,False,1.0,116,92,79.3103448275862,689
separated,False,2.0,116,80,68.96551724137932,689
separated,False,3.0,116,70,60.3448275862069,689
separated,False,4.0,116,85,73.27586206896551,689
separated,False,5.0,116,77,66.37931034482759,689
single_speaker,False,-4.0,116,83,71.55172413793103,689
single_speaker,False,-2.0,116,75,64.65517241379311,689
single_speaker,False,0.0,116,84,72.41379310344827,689
single_speaker,False,1.0,116,93,80.17241379310344,689
single_speaker,False,2.0,116,102,87.93103448275862,689
single_speaker,False,3.0,116,90,77.58620689655173,689
single_speaker,False,4.0,116,90,77.58620689655173,689
single_speaker,False,5.0,116,95,81.89655172413794,689
colocated,False,-4.0,116,72,62.06896551724138,690
colocated,False,-2.0,116,65,56.03448275862068,690
colocated,False,0.0,116,74,63.793103448275865,690
colocated,False,1.0,116,80,68.96551724137932,690
colocated,False,2.0,116,89,76.72413793103449,690
colocated,False,3.0,116,59,50.86206896551724,690
colocated,False,4.0,116,72,62.06896551724138,690
colocated,False,5.0,116,82,70.6896551724138,690
separated,False,-4.0,116,60,51.724137931034484,690
separated,False,-2.0,116,67,57.758620689655174,690
separated,False,0.0,116,80,68.96551724137932,690
separated,False,1.0,116,83,71.55172413793103,690
separated,False,2.0,116,68,58.620689655172406,690
separated,False,3.0,116,52,44.827586206896555,690
separated,False,4.0,116,87,75.0,690
separated,False,5.0,116,74,63.793103448275865,690
single_speaker,False,-4.0,116,79,68.10344827586206,690
single_speaker,False,-2.0,116,91,78.44827586206897,690
single_speaker,False,0.0,116,78,67.24137931034483,690
single_speaker,False,1.0,116,93,80.17241379310344,690
single_speaker,False,2.0,116,107,92.24137931034483,690
single_speaker,False,3.0,116,92,79.3103448275862,690
single_speaker,False,4.0,116,98,84.48275862068965,690
single_speaker,False,5.0,116,78,67.24137931034483,690
colocated,False,-4.0,116,61,52.58620689655172,691
colocated,False,-2.0,116,69,59.48275862068966,691
colocated,False,0.0,116,66,56.896551724137936,691
colocated,False,1.0,116,76,65.51724137931035,691
colocated,False,2.0,116,90,77.58620689655173,691
colocated,False,3.0,116,58,50.0,691
colocated,False,4.0,116,78,67.24137931034483,691
colocated,False,5.0,116,81,69.82758620689656,691
separated,False,-4.0,116,64,55.172413793103445,691
separated,False,-2.0,116,82,70.6896551724138,691
separated,False,0.0,116,77,66.37931034482759,691
separated,False,1.0,116,93,80.17241379310344,691
separated,False,2.0,116,77,66.37931034482759,691
separated,False,3.0,116,67,57.758620689655174,691
separated,False,4.0,116,86,74.13793103448276,691
separated,False,5.0,116,76,65.51724137931035,691
single_speaker,False,-4.0,116,77,66.37931034482759,691
single_speaker,False,-2.0,116,66,56.896551724137936,691
single_speaker,False,0.0,116,91,78.44827586206897,691
single_speaker,False,1.0,116,92,79.3103448275862,691
single_speaker,False,2.0,116,98,84.48275862068965,691
single_speaker,False,3.0,116,87,75.0,691
single_speaker,False,4.0,116,97,83.62068965517241,691
single_speaker,False,5.0,116,81,69.82758620689656,691
colocated,False,-4.0,116,70,60.3448275862069,692
colocated,False,-2.0,116,65,56.03448275862068,692
colocated,False,0.0,116,71,61.206896551724135,692
colocated,False,1.0,116,78,67.24137931034483,692
colocated,False,2.0,116,91,78.44827586206897,692
colocated,False,3.0,116,63,54.310344827586206,692
colocated,False,4.0,116,82,70.6896551724138,692
colocated,False,5.0,116,78,67.24137931034483,692
separated,False,-4.0,116,62,53.44827586206896,692
separated,False,-2.0,116,77,66.37931034482759,692
separated,False,0.0,116,71,61.206896551724135,692
separated,False,1.0,116,98,84.48275862068965,692
separated,False,2.0,116,82,70.6896551724138,692
separated,False,3.0,116,62,53.44827586206896,692
separated,False,4.0,116,80,68.96551724137932,692
separated,False,5.0,116,71,61.206896551724135,692
single_speaker,False,-4.0,116,94,81.03448275862068,692
single_speaker,False,-2.0,116,69,59.48275862068966,692
single_speaker,False,0.0,116,97,83.62068965517241,692
single_speaker,False,1.0,116,99,85.34482758620689,692
single_speaker,False,2.0,116,97,83.62068965517241,692
single_speaker,False,3.0,116,83,71.55172413793103,692
single_speaker,False,4.0,116,95,81.89655172413794,692
single_speaker,False,5.0,116,81,69.82758620689656,692
colocated,False,-4.0,116,64,55.172413793103445,693
colocated,False,-2.0,116,72,62.06896551724138,693
colocated,False,0.0,116,71,61.206896551724135,693
colocated,False,1.0,116,75,64.65517241379311,693
colocated,False,2.0,116,93,80.17241379310344,693
colocated,False,3.0,116,61,52.58620689655172,693
colocated,False,4.0,116,87,75.0,693
colocated,False,5.0,116,78,67.24137931034483,693
separated,False,-4.0,116,57,49.137931034482754,693
separated,False,-2.0,116,71,61.206896551724135,693
separated,False,0.0,116,81,69.82758620689656,693
separated,False,1.0,116,95,81.89655172413794,693
separated,False,2.0,116,69,59.48275862068966,693
separated,False,3.0,116,71,61.206896551724135,693
separated,False,4.0,116,78,67.24137931034483,693
separated,False,5.0,116,75,64.65517241379311,693
single_speaker,False,-4.0,116,88,75.86206896551724,693
single_speaker,False,-2.0,116,86,74.13793103448276,693
single_speaker,False,0.0,116,84,72.41379310344827,693
single_speaker,False,1.0,116,98,84.48275862068965,693
single_speaker,False,2.0,116,94,81.03448275862068,693
single_speaker,False,3.0,116,85,73.27586206896551,693
single_speaker,False,4.0,116,96,82.75862068965517,693
single_speaker,False,5.0,116,83,71.55172413793103,693
colocated,False,-4.0,116,64,55.172413793103445,694
colocated,False,-2.0,116,65,56.03448275862068,694
colocated,False,0.0,116,74,63.793103448275865,694
colocated,False,1.0,116,78,67.24137931034483,694
colocated,False,2.0,116,84,72.41379310344827,694
colocated,False,3.0,116,68,58.620689655172406,694
colocated,False,4.0,116,88,75.86206896551724,694
colocated,False,5.0,116,79,68.10344827586206,694
separated,False,-4.0,116,60,51.724137931034484,694
separated,False,-2.0,116,64,55.172413793103445,694
separated,False,0.0,116,73,62.93103448275862,694
separated,False,1.0,116,96,82.75862068965517,694
separated,False,2.0,116,71,61.206896551724135,694
separated,False,3.0,116,63,54.310344827586206,694
separated,False,4.0,116,92,79.3103448275862,694
separated,False,5.0,116,80,68.96551724137932,694
single_speaker,False,-4.0,116,78,67.24137931034483,694
single_speaker,False,-2.0,116,83,71.55172413793103,694
single_speaker,False,0.0,116,81,69.82758620689656,694
single_speaker,False,1.0,116,97,83.62068965517241,694
single_speaker,False,2.0,116,92,79.3103448275862,694
single_speaker,False,3.0,116,84,72.41379310344827,694
single_speaker,False,4.0,116,98,84.48275862068965,694
single_speaker,False,5.0,116,83,71.55172413793103,694
colocated,False,-4.0,116,68,58.620689655172406,695
colocated,False,-2.0,116,64,55.172413793103445,695
colocated,False,0.0,116,73,62.93103448275862,695
colocated,False,1.0,116,83,71.55172413793103,695
colocated,False,2.0,116,88,75.86206896551724,695
colocated,False,3.0,116,70,60.3448275862069,695
colocated,False,4.0,116,70,60.3448275862069,695
colocated,False,5.0,116,82,70.6896551724138,695
separated,False,-4.0,116,67,57.758620689655174,695
separated,False,-2.0,116,69,59.48275862068966,695
separated,False,0.0,116,76,65.51724137931035,695
separated,False,1.0,116,94,81.03448275862068,695
separated,False,2.0,116,73,62.93103448275862,695
separated,False,3.0,116,72,62.06896551724138,695
separated,False,4.0,116,85,73.27586206896551,695
separated,False,5.0,116,72,62.06896551724138,695
single_speaker,False,-4.0,116,94,81.03448275862068,695
single_speaker,False,-2.0,116,83,71.55172413793103,695
single_speaker,False,0.0,116,78,67.24137931034483,695
single_speaker,False,1.0,116,88,75.86206896551724,695
single_speaker,False,2.0,116,103,88.79310344827587,695
single_speaker,False,3.0,116,86,74.13793103448276,695
single_speaker,False,4.0,116,94,81.03448275862068,695
single_speaker,False,5.0,116,90,77.58620689655173,695
colocated,False,-4.0,116,62,53.44827586206896,696
colocated,False,-2.0,116,65,56.03448275862068,696
colocated,False,0.0,116,76,65.51724137931035,696
colocated,False,1.0,116,82,70.6896551724138,696
colocated,False,2.0,116,89,76.72413793103449,696
colocated,False,3.0,116,65,56.03448275862068,696
colocated,False,4.0,116,80,68.96551724137932,696
colocated,False,5.0,116,85,73.27586206896551,696
separated,False,-4.0,116,66,56.896551724137936,696
separated,False,-2.0,116,70,60.3448275862069,696
separated,False,0.0,116,74,63.793103448275865,696
separated,False,1.0,116,95,81.89655172413794,696
separated,False,2.0,116,79,68.10344827586206,696
separated,False,3.0,116,69,59.48275862068966,696
separated,False,4.0,116,83,71.55172413793103,696
separated,False,5.0,116,80,68.96551724137932,696
single_speaker,False,-4.0,116,83,71.55172413793103,696
single_speaker,False,-2.0,116,79,68.10344827586206,696
single_speaker,False,0.0,116,89,76.72413793103449,696
single_speaker,False,1.0,116,96,82.75862068965517,696
single_speaker,False,2.0,116,99,85.34482758620689,696
single_speaker,False,3.0,116,86,74.13793103448276,696
single_speaker,False,4.0,116,96,82.75862068965517,696
single_speaker,False,5.0,116,88,75.86206896551724,696
colocated,False,-4.0,116,68,58.620689655172406,697
colocated,False,-2.0,116,70,60.3448275862069,697
colocated,False,0.0,116,71,61.206896551724135,697
colocated,False,1.0,116,73,62.93103448275862,697
colocated,False,2.0,116,94,81.03448275862068,697
colocated,False,3.0,116,68,58.620689655172406,697
colocated,False,4.0,116,72,62.06896551724138,697
colocated,False,5.0,116,76,65.51724137931035,697
separated,False,-4.0,116,63,54.310344827586206,697
separated,False,-2.0,116,75,64.65517241379311,697
separated,False,0.0,116,74,63.793103448275865,697
separated,False,1.0,116,94,81.03448275862068,697
separated,False,2.0,116,77,66.37931034482759,697
separated,False,3.0,116,66,56.896551724137936,697
separated,False,4.0,116,82,70.6896551724138,697
separated,False,5.0,116,74,63.793103448275865,697
single_speaker,False,-4.0,116,90,77.58620689655173,697
single_speaker,False,-2.0,116,82,70.6896551724138,697
single_speaker,False,0.0,116,84,72.41379310344827,697
single_speaker,False,1.0,116,87,75.0,697
single_speaker,False,2.0,116,102,87.93103448275862,697
single_speaker,False,3.0,116,86,74.13793103448276,697
single_speaker,False,4.0,116,95,81.89655172413794,697
single_speaker,False,5.0,116,82,70.6896551724138,697
colocated,False,-4.0,116,71,61.206896551724135,698
colocated,False,-2.0,116,68,58.620689655172406,698
colocated,False,0.0,116,76,65.51724137931035,698
colocated,False,1.0,116,72,62.06896551724138,698
colocated,False,2.0,116,87,75.0,698
colocated,False,3.0,116,65,56.03448275862068,698
colocated,False,4.0,116,76,65.51724137931035,698
colocated,False,5.0,116,77,66.37931034482759,698
separated,False,-4.0,116,63,54.310344827586206,698
separated,False,-2.0,116,76,65.51724137931035,698
separated,False,0.0,116,82,70.6896551724138,698
separated,False,1.0,116,92,79.3103448275862,698
separated,False,2.0,116,75,64.65517241379311,698
separated,False,3.0,116,71,61.206896551724135,698
separated,False,4.0,116,84,72.41379310344827,698
separated,False,5.0,116,76,65.51724137931035,698
single_speaker,False,-4.0,116,80,68.96551724137932,698
single_speaker,False,-2.0,116,85,73.27586206896551,698
single_speaker,False,0.0,116,78,67.24137931034483,698
single_speaker,False,1.0,116,94,81.03448275862068,698
single_speaker,False,2.0,116,101,87.06896551724138,698
single_speaker,False,3.0,116,86,74.13793103448276,698
single_speaker,False,4.0,116,90,77.58620689655173,698
single_speaker,False,5.0,116,84,72.41379310344827,698
colocated,False,-4.0,116,66,56.896551724137936,699
colocated,False,-2.0,116,58,50.0,699
colocated,False,0.0,116,71,61.206896551724135,699
colocated,False,1.0,116,80,68.96551724137932,699
colocated,False,2.0,116,83,71.55172413793103,699
colocated,False,3.0,116,68,58.620689655172406,699
colocated,False,4.0,116,79,68.10344827586206,699
colocated,False,5.0,116,79,68.10344827586206,699
separated,False,-4.0,116,67,57.758620689655174,699
separated,False,-2.0,116,69,59.48275862068966,699
separated,False,0.0,116,74,63.793103448275865,699
separated,False,1.0,116,92,79.3103448275862,699
separated,False,2.0,116,78,67.24137931034483,699
separated,False,3.0,116,72,62.06896551724138,699
separated,False,4.0,116,79,68.10344827586206,699
separated,False,5.0,116,83,71.55172413793103,699
single_speaker,False,-4.0,116,82,70.6896551724138,699
single_speaker,False,-2.0,116,84,72.41379310344827,699
single_speaker,False,0.0,116,87,75.0,699
single_speaker,False,1.0,116,90,77.58620689655173,699
single_speaker,False,2.0,116,101,87.06896551724138,699
single_speaker,False,3.0,116,77,66.37931034482759,699
single_speaker,False,4.0,116,88,75.86206896551724,699
single_speaker,False,5.0,116,84,72.41379310344827,699
colocated,False,-4.0,116,64,55.172413793103445,700
colocated,False,-2.0,116,71,61.206896551724135,700
colocated,False,0.0,116,71,61.206896551724135,700
colocated,False,1.0,116,76,65.51724137931035,700
colocated,False,2.0,116,82,70.6896551724138,700
colocated,False,3.0,116,66,56.896551724137936,700
colocated,False,4.0,116,72,62.06896551724138,700
colocated,False,5.0,116,89,76.72413793103449,700
separated,False,-4.0,116,59,50.86206896551724,700
separated,False,-2.0,116,74,63.793103448275865,700
separated,False,0.0,116,75,64.65517241379311,700
separated,False,1.0,116,91,78.44827586206897,700
separated,False,2.0,116,79,68.10344827586206,700
separated,False,3.0,116,70,60.3448275862069,700
separated,False,4.0,116,85,73.27586206896551,700
separated,False,5.0,116,74,63.793103448275865,700
single_speaker,False,-4.0,116,87,75.0,700
single_speaker,False,-2.0,116,79,68.10344827586206,700
single_speaker,False,0.0,116,85,73.27586206896551,700
single_speaker,False,1.0,116,95,81.89655172413794,700
single_speaker,False,2.0,116,94,81.03448275862068,700
single_speaker,False,3.0,116,74,63.793103448275865,700
single_speaker,False,4.0,116,100,86.20689655172413,700
single_speaker,False,5.0,116,79,68.10344827586206,700
colocated,False,-4.0,116,54,46.55172413793103,701
colocated,False,-2.0,116,62,53.44827586206896,701
colocated,False,0.0,116,70,60.3448275862069,701
colocated,False,1.0,116,77,66.37931034482759,701
colocated,False,2.0,116,80,68.96551724137932,701
colocated,False,3.0,116,63,54.310344827586206,701
colocated,False,4.0,116,70,60.3448275862069,701
colocated,False,5.0,116,85,73.27586206896551,701
separated,False,-4.0,116,63,54.310344827586206,701
separated,False,-2.0,116,83,71.55172413793103,701
separated,False,0.0,116,86,74.13793103448276,701
separated,False,1.0,116,100,86.20689655172413,701
separated,False,2.0,116,73,62.93103448275862,701
separated,False,3.0,116,71,61.206896551724135,701
separated,False,4.0,116,77,66.37931034482759,701
separated,False,5.0,116,74,63.793103448275865,701
single_speaker,False,-4.0,116,80,68.96551724137932,701
single_speaker,False,-2.0,116,78,67.24137931034483,701
single_speaker,False,0.0,116,91,78.44827586206897,701
single_speaker,False,1.0,116,103,88.79310344827587,701
single_speaker,False,2.0,116,101,87.06896551724138,701
single_speaker,False,3.0,116,83,71.55172413793103,701
single_speaker,False,4.0,116,97,83.62068965517241,701
single_speaker,False,5.0,116,82,70.6896551724138,701
colocated,False,-4.0,116,76,65.51724137931035,702
colocated,False,-2.0,116,63,54.310344827586206,702
colocated,False,0.0,116,78,67.24137931034483,702
colocated,False,1.0,116,72,62.06896551724138,702
colocated,False,2.0,116,85,73.27586206896551,702
colocated,False,3.0,116,68,58.620689655172406,702
colocated,False,4.0,116,73,62.93103448275862,702
colocated,False,5.0,116,79,68.10344827586206,702
separated,False,-4.0,116,62,53.44827586206896,702
separated,False,-2.0,116,70,60.3448275862069,702
separated,False,0.0,116,85,73.27586206896551,702
separated,False,1.0,116,90,77.58620689655173,702
separated,False,2.0,116,83,71.55172413793103,702
separated,False,3.0,116,71,61.206896551724135,702
separated,False,4.0,116,80,68.96551724137932,702
separated,False,5.0,116,77,66.37931034482759,702
single_speaker,False,-4.0,116,82,70.6896551724138,702
single_speaker,False,-2.0,116,83,71.55172413793103,702
single_speaker,False,0.0,116,78,67.24137931034483,702
single_speaker,False,1.0,116,90,77.58620689655173,702
single_speaker,False,2.0,116,95,81.89655172413794,702
single_speaker,False,3.0,116,87,75.0,702
single_speaker,False,4.0,116,91,78.44827586206897,702
single_speaker,False,5.0,116,74,63.793103448275865,702
colocated,False,-4.0,116,70,60.3448275862069,703
colocated,False,-2.0,116,69,59.48275862068966,703
colocated,False,0.0,116,65,56.03448275862068,703
colocated,False,1.0,116,82,70.6896551724138,703
colocated,False,2.0,116,89,76.72413793103449,703
colocated,False,3.0,116,56,48.275862068965516,703
colocated,False,4.0,116,76,65.51724137931035,703
colocated,False,5.0,116,76,65.51724137931035,703
separated,False,-4.0,116,58,50.0,703
separated,False,-2.0,116,74,63.793103448275865,703
separated,False,0.0,116,76,65.51724137931035,703
separated,False,1.0,116,92,79.3103448275862,703
separated,False,2.0,116,69,59.48275862068966,703
separated,False,3.0,116,71,61.206896551724135,703
separated,False,4.0,116,79,68.10344827586206,703
separated,False,5.0,116,74,63.793103448275865,703
single_speaker,False,-4.0,116,86,74.13793103448276,703
single_speaker,False,-2.0,116,82,70.6896551724138,703
single_speaker,False,0.0,116,87,75.0,703
single_speaker,False,1.0,116,89,76.72413793103449,703
single_speaker,False,2.0,116,97,83.62068965517241,703
single_speaker,False,3.0,116,91,78.44827586206897,703
single_speaker,False,4.0,116,97,83.62068965517241,703
single_speaker,False,5.0,116,85,73.27586206896551,703
colocated,False,-4.0,116,72,62.06896551724138,704
colocated,False,-2.0,116,67,57.758620689655174,704
colocated,False,0.0,116,76,65.51724137931035,704
colocated,False,1.0,116,77,66.37931034482759,704
colocated,False,2.0,116,85,73.27586206896551,704
colocated,False,3.0,116,70,60.3448275862069,704
colocated,False,4.0,116,75,64.65517241379311,704
colocated,False,5.0,116,68,58.620689655172406,704
separated,False,-4.0,116,63,54.310344827586206,704
separated,False,-2.0,116,82,70.6896551724138,704
separated,False,0.0,116,73,62.93103448275862,704
separated,False,1.0,116,93,80.17241379310344,704
separated,False,2.0,116,82,70.6896551724138,704
separated,False,3.0,116,67,57.758620689655174,704
separated,False,4.0,116,87,75.0,704
separated,False,5.0,116,77,66.37931034482759,704
single_speaker,False,-4.0,116,83,71.55172413793103,704
single_speaker,False,-2.0,116,76,65.51724137931035,704
single_speaker,False,0.0,116,82,70.6896551724138,704
single_speaker,False,1.0,116,98,84.48275862068965,704
single_speaker,False,2.0,116,104,89.65517241379311,704
single_speaker,False,3.0,116,82,70.6896551724138,704
single_speaker,False,4.0,116,89,76.72413793103449,704
single_speaker,False,5.0,116,93,80.17241379310344,704
colocated,False,-4.0,116,57,49.137931034482754,705
colocated,False,-2.0,116,64,55.172413793103445,705
colocated,False,0.0,116,73,62.93103448275862,705
colocated,False,1.0,116,74,63.793103448275865,705
colocated,False,2.0,116,80,68.96551724137932,705
colocated,False,3.0,116,65,56.03448275862068,705
colocated,False,4.0,116,85,73.27586206896551,705
colocated,False,5.0,116,89,76.72413793103449,705
separated,False,-4.0,116,58,50.0,705
separated,False,-2.0,116,79,68.10344827586206,705
separated,False,0.0,116,82,70.6896551724138,705
separated,False,1.0,116,90,77.58620689655173,705
separated,False,2.0,116,81,69.82758620689656,705
separated,False,3.0,116,73,62.93103448275862,705
separated,False,4.0,116,69,59.48275862068966,705
separated,False,5.0,116,82,70.6896551724138,705
single_speaker,False,-4.0,116,82,70.6896551724138,705
single_speaker,False,-2.0,116,78,67.24137931034483,705
single_speaker,False,0.0,116,85,73.27586206896551,705
single_speaker,False,1.0,116,95,81.89655172413794,705
single_speaker,False,2.0,116,95,81.89655172413794,705
single_speaker,False,3.0,116,82,70.6896551724138,705
single_speaker,False,4.0,116,92,79.3103448275862,705
single_speaker,False,5.0,116,83,71.55172413793103,705
colocated,False,-4.0,116,68,58.620689655172406,706
colocated,False,-2.0,116,63,54.310344827586206,706
colocated,False,0.0,116,75,64.65517241379311,706
colocated,False,1.0,116,80,68.96551724137932,706
colocated,False,2.0,116,87,75.0,706
colocated,False,3.0,116,68,58.620689655172406,706
colocated,False,4.0,116,82,70.6896551724138,706
colocated,False,5.0,116,78,67.24137931034483,706
separated,False,-4.0,116,60,51.724137931034484,706
separated,False,-2.0,116,67,57.758620689655174,706
separated,False,0.0,116,75,64.65517241379311,706
separated,False,1.0,116,91,78.44827586206897,706
separated,False,2.0,116,84,72.41379310344827,706
separated,False,3.0,116,71,61.206896551724135,706
separated,False,4.0,116,77,66.37931034482759,706
separated,False,5.0,116,73,62.93103448275862,706
single_speaker,False,-4.0,116,84,72.41379310344827,706
single_speaker,False,-2.0,116,82,70.6896551724138,706
single_speaker,False,0.0,116,78,67.24137931034483,706
single_speaker,False,1.0,116,88,75.86206896551724,706
single_speaker,False,2.0,116,99,85.34482758620689,706
single_speaker,False,3.0,116,82,70.6896551724138,706
single_speaker,False,4.0,116,95,81.89655172413794,706
single_speaker,False,5.0,116,90,77.58620689655173,706
colocated,False,-4.0,116,68,58.620689655172406,707
colocated,False,-2.0,116,61,52.58620689655172,707
colocated,False,0.0,116,77,66.37931034482759,707
colocated,False,1.0,116,73,62.93103448275862,707
colocated,False,2.0,116,84,72.41379310344827,707
colocated,False,3.0,116,56,48.275862068965516,707
colocated,False,4.0,116,74,63.793103448275865,707
colocated,False,5.0,116,83,71.55172413793103,707
separated,False,-4.0,116,68,58.620689655172406,707
separated,False,-2.0,116,73,62.93103448275862,707
separated,False,0.0,116,80,68.96551724137932,707
separated,False,1.0,116,95,81.89655172413794,707
separated,False,2.0,116,73,62.93103448275862,707
separated,False,3.0,116,74,63.793103448275865,707
separated,False,4.0,116,84,72.41379310344827,707
separated,False,5.0,116,71,61.206896551724135,707
single_speaker,False,-4.0,116,89,76.72413793103449,707
single_speaker,False,-2.0,116,74,63.793103448275865,707
single_speaker,False,0.0,116,81,69.82758620689656,707
single_speaker,False,1.0,116,87,75.0,707
single_speaker,False,2.0,116,99,85.34482758620689,707
single_speaker,False,3.0,116,83,71.55172413793103,707
single_speaker,False,4.0,116,97,83.62068965517241,707
single_speaker,False,5.0,116,91,78.44827586206897,707
colocated,False,-4.0,116,78,67.24137931034483,708
colocated,False,-2.0,116,63,54.310344827586206,708
colocated,False,0.0,116,85,73.27586206896551,708
colocated,False,1.0,116,85,73.27586206896551,708
colocated,False,2.0,116,95,81.89655172413794,708
colocated,False,3.0,116,62,53.44827586206896,708
colocated,False,4.0,116,80,68.96551724137932,708
colocated,False,5.0,116,80,68.96551724137932,708
separated,False,-4.0,116,60,51.724137931034484,708
separated,False,-2.0,116,83,71.55172413793103,708
separated,False,0.0,116,76,65.51724137931035,708
separated,False,1.0,116,97,83.62068965517241,708
separated,False,2.0,116,73,62.93103448275862,708
separated,False,3.0,116,68,58.620689655172406,708
separated,False,4.0,116,84,72.41379310344827,708
separated,False,5.0,116,81,69.82758620689656,708
single_speaker,False,-4.0,116,86,74.13793103448276,708
single_speaker,False,-2.0,116,88,75.86206896551724,708
single_speaker,False,0.0,116,87,75.0,708
single_speaker,False,1.0,116,98,84.48275862068965,708
single_speaker,False,2.0,116,103,88.79310344827587,708
single_speaker,False,3.0,116,83,71.55172413793103,708
single_speaker,False,4.0,116,95,81.89655172413794,708
single_speaker,False,5.0,116,84,72.41379310344827,708
colocated,False,-4.0,116,70,60.3448275862069,709
colocated,False,-2.0,116,65,56.03448275862068,709
colocated,False,0.0,116,75,64.65517241379311,709
colocated,False,1.0,116,87,75.0,709
colocated,False,2.0,116,88,75.86206896551724,709
colocated,False,3.0,116,69,59.48275862068966,709
colocated,False,4.0,116,86,74.13793103448276,709
colocated,False,5.0,116,85,73.27586206896551,709
separated,False,-4.0,116,65,56.03448275862068,709
separated,False,-2.0,116,66,56.896551724137936,709
separated,False,0.0,116,78,67.24137931034483,709
separated,False,1.0,116,84,72.41379310344827,709
separated,False,2.0,116,78,67.24137931034483,709
separated,False,3.0,116,77,66.37931034482759,709
separated,False,4.0,116,75,64.65517241379311,709
separated,False,5.0,116,71,61.206896551724135,709
single_speaker,False,-4.0,116,90,77.58620689655173,709
single_speaker,False,-2.0,116,77,66.37931034482759,709
single_speaker,False,0.0,116,91,78.44827586206897,709
single_speaker,False,1.0,116,88,75.86206896551724,709
single_speaker,False,2.0,116,99,85.34482758620689,709
single_speaker,False,3.0,116,85,73.27586206896551,709
single_speaker,False,4.0,116,94,81.03448275862068,709
single_speaker,False,5.0,116,74,63.793103448275865,709
colocated,False,-4.0,116,70,60.3448275862069,710
colocated,False,-2.0,116,60,51.724137931034484,710
colocated,False,0.0,116,72,62.06896551724138,710
colocated,False,1.0,116,73,62.93103448275862,710
colocated,False,2.0,116,77,66.37931034482759,710
colocated,False,3.0,116,57,49.137931034482754,710
colocated,False,4.0,116,90,77.58620689655173,710
colocated,False,5.0,116,88,75.86206896551724,710
separated,False,-4.0,116,70,60.3448275862069,710
separated,False,-2.0,116,74,63.793103448275865,710
separated,False,0.0,116,70,60.3448275862069,710
separated,False,1.0,116,91,78.44827586206897,710
separated,False,2.0,116,82,70.6896551724138,710
separated,False,3.0,116,71,61.206896551724135,710
separated,False,4.0,116,79,68.10344827586206,710
separated,False,5.0,116,82,70.6896551724138,710
single_speaker,False,-4.0,116,88,75.86206896551724,710
single_speaker,False,-2.0,116,78,67.24137931034483,710
single_speaker,False,0.0,116,87,75.0,710
single_speaker,False,1.0,116,91,78.44827586206897,710
single_speaker,False,2.0,116,106,91.37931034482759,710
single_speaker,False,3.0,116,79,68.10344827586206,710
single_speaker,False,4.0,116,97,83.62068965517241,710
single_speaker,False,5.0,116,92,79.3103448275862,710
colocated,False,-4.0,116,55,47.41379310344828,711
colocated,False,-2.0,116,73,62.93103448275862,711
colocated,False,0.0,116,69,59.48275862068966,711
colocated,False,1.0,116,74,63.793103448275865,711
colocated,False,2.0,116,92,79.3103448275862,711
colocated,False,3.0,116,74,63.793103448275865,711
colocated,False,4.0,116,74,63.793103448275865,711
colocated,False,5.0,116,76,65.51724137931035,711
separated,False,-4.0,116,63,54.310344827586206,711
separated,False,-2.0,116,70,60.3448275862069,711
separated,False,0.0,116,73,62.93103448275862,711
separated,False,1.0,116,90,77.58620689655173,711
separated,False,2.0,116,82,70.6896551724138,711
separated,False,3.0,116,64,55.172413793103445,711
separated,False,4.0,116,83,71.55172413793103,711
separated,False,5.0,116,67,57.758620689655174,711
single_speaker,False,-4.0,116,85,73.27586206896551,711
single_speaker,False,-2.0,116,86,74.13793103448276,711
single_speaker,False,0.0,116,83,71.55172413793103,711
single_speaker,False,1.0,116,94,81.03448275862068,711
single_speaker,False,2.0,116,105,90.51724137931035,711
single_speaker,False,3.0,116,90,77.58620689655173,711
single_speaker,False,4.0,116,98,84.48275862068965,711
single_speaker,False,5.0,116,79,68.10344827586206,711
colocated,False,-4.0,116,63,54.310344827586206,712
colocated,False,-2.0,116,66,56.896551724137936,712
colocated,False,0.0,116,73,62.93103448275862,712
colocated,False,1.0,116,85,73.27586206896551,712
colocated,False,2.0,116,89,76.72413793103449,712
colocated,False,3.0,116,70,60.3448275862069,712
colocated,False,4.0,116,78,67.24137931034483,712
colocated,False,5.0,116,77,66.37931034482759,712
separated,False,-4.0,116,72,62.06896551724138,712
separated,False,-2.0,116,82,70.6896551724138,712
separated,False,0.0,116,81,69.82758620689656,712
separated,False,1.0,116,96,82.75862068965517,712
separated,False,2.0,116,77,66.37931034482759,712
separated,False,3.0,116,67,57.758620689655174,712
separated,False,4.0,116,86,74.13793103448276,712
separated,False,5.0,116,82,70.6896551724138,712
single_speaker,False,-4.0,116,92,79.3103448275862,712
single_speaker,False,-2.0,116,75,64.65517241379311,712
single_speaker,False,0.0,116,85,73.27586206896551,712
single_speaker,False,1.0,116,94,81.03448275862068,712
single_speaker,False,2.0,116,96,82.75862068965517,712
single_speaker,False,3.0,116,90,77.58620689655173,712
single_speaker,False,4.0,116,98,84.48275862068965,712
single_speaker,False,5.0,116,75,64.65517241379311,712
colocated,False,-4.0,116,72,62.06896551724138,713
colocated,False,-2.0,116,63,54.310344827586206,713
colocated,False,0.0,116,71,61.206896551724135,713
colocated,False,1.0,116,86,74.13793103448276,713
colocated,False,2.0,116,84,72.41379310344827,713
colocated,False,3.0,116,66,56.896551724137936,713
colocated,False,4.0,116,80,68.96551724137932,713
colocated,False,5.0,116,75,64.65517241379311,713
separated,False,-4.0,116,65,56.03448275862068,713
separated,False,-2.0,116,79,68.10344827586206,713
separated,False,0.0,116,81,69.82758620689656,713
separated,False,1.0,116,92,79.3103448275862,713
separated,False,2.0,116,80,68.96551724137932,713
separated,False,3.0,116,68,58.620689655172406,713
separated,False,4.0,116,88,75.86206896551724,713
separated,False,5.0,116,76,65.51724137931035,713
single_speaker,False,-4.0,116,88,75.86206896551724,713
single_speaker,False,-2.0,116,81,69.82758620689656,713
single_speaker,False,0.0,116,77,66.37931034482759,713
single_speaker,False,1.0,116,95,81.89655172413794,713
single_speaker,False,2.0,116,97,83.62068965517241,713
single_speaker,False,3.0,116,88,75.86206896551724,713
single_speaker,False,4.0,116,93,80.17241379310344,713
single_speaker,False,5.0,116,79,68.10344827586206,713
colocated,False,-4.0,116,64,55.172413793103445,714
colocated,False,-2.0,116,64,55.172413793103445,714
colocated,False,0.0,116,74,63.793103448275865,714
colocated,False,1.0,116,80,68.96551724137932,714
colocated,False,2.0,116,83,71.55172413793103,714
colocated,False,3.0,116,71,61.206896551724135,714
colocated,False,4.0,116,76,65.51724137931035,714
colocated,False,5.0,116,85,73.27586206896551,714
separated,False,-4.0,116,66,56.896551724137936,714
separated,False,-2.0,116,72,62.06896551724138,714
separated,False,0.0,116,73,62.93103448275862,714
separated,False,1.0,116,96,82.75862068965517,714
separated,False,2.0,116,64,55.172413793103445,714
separated,False,3.0,116,77,66.37931034482759,714
separated,False,4.0,116,84,72.41379310344827,714
separated,False,5.0,116,72,62.06896551724138,714
single_speaker,False,-4.0,116,91,78.44827586206897,714
single_speaker,False,-2.0,116,81,69.82758620689656,714
single_speaker,False,0.0,116,83,71.55172413793103,714
single_speaker,False,1.0,116,94,81.03448275862068,714
single_speaker,False,2.0,116,97,83.62068965517241,714
single_speaker,False,3.0,116,90,77.58620689655173,714
single_speaker,False,4.0,116,93,80.17241379310344,714
single_speaker,False,5.0,116,81,69.82758620689656,714
colocated,False,-4.0,116,65,56.03448275862068,715
colocated,False,-2.0,116,66,56.896551724137936,715
colocated,False,0.0,116,77,66.37931034482759,715
colocated,False,1.0,116,84,72.41379310344827,715
colocated,False,2.0,116,81,69.82758620689656,715
colocated,False,3.0,116,69,59.48275862068966,715
colocated,False,4.0,116,75,64.65517241379311,715
colocated,False,5.0,116,83,71.55172413793103,715
separated,False,-4.0,116,61,52.58620689655172,715
separated,False,-2.0,116,76,65.51724137931035,715
separated,False,0.0,116,74,63.793103448275865,715
separated,False,1.0,116,98,84.48275862068965,715
separated,False,2.0,116,72,62.06896551724138,715
separated,False,3.0,116,70,60.3448275862069,715
separated,False,4.0,116,86,74.13793103448276,715
separated,False,5.0,116,77,66.37931034482759,715
single_speaker,False,-4.0,116,89,76.72413793103449,715
single_speaker,False,-2.0,116,73,62.93103448275862,715
single_speaker,False,0.0,116,89,76.72413793103449,715
single_speaker,False,1.0,116,102,87.93103448275862,715
single_speaker,False,2.0,116,101,87.06896551724138,715
single_speaker,False,3.0,116,84,72.41379310344827,715
single_speaker,False,4.0,116,102,87.93103448275862,715
single_speaker,False,5.0,116,87,75.0,715
colocated,False,-4.0,116,70,60.3448275862069,716
colocated,False,-2.0,116,49,42.241379310344826,716
colocated,False,0.0,116,76,65.51724137931035,716
colocated,False,1.0,116,72,62.06896551724138,716
colocated,False,2.0,116,90,77.58620689655173,716
colocated,False,3.0,116,64,55.172413793103445,716
colocated,False,4.0,116,69,59.48275862068966,716
colocated,False,5.0,116,85,73.27586206896551,716
separated,False,-4.0,116,65,56.03448275862068,716
separated,False,-2.0,116,86,74.13793103448276,716
separated,False,0.0,116,79,68.10344827586206,716
separated,False,1.0,116,95,81.89655172413794,716
separated,False,2.0,116,76,65.51724137931035,716
separated,False,3.0,116,63,54.310344827586206,716
separated,False,4.0,116,84,72.41379310344827,716
separated,False,5.0,116,76,65.51724137931035,716
single_speaker,False,-4.0,116,91,78.44827586206897,716
single_speaker,False,-2.0,116,75,64.65517241379311,716
single_speaker,False,0.0,116,81,69.82758620689656,716
single_speaker,False,1.0,116,93,80.17241379310344,716
single_speaker,False,2.0,116,99,85.34482758620689,716
single_speaker,False,3.0,116,85,73.27586206896551,716
single_speaker,False,4.0,116,91,78.44827586206897,716
single_speaker,False,5.0,116,90,77.58620689655173,716
colocated,False,-4.0,116,66,56.896551724137936,717
colocated,False,-2.0,116,64,55.172413793103445,717
colocated,False,0.0,116,74,63.793103448275865,717
colocated,False,1.0,116,85,73.27586206896551,717
colocated,False,2.0,116,86,74.13793103448276,717
colocated,False,3.0,116,66,56.896551724137936,717
colocated,False,4.0,116,72,62.06896551724138,717
colocated,False,5.0,116,85,73.27586206896551,717
separated,False,-4.0,116,65,56.03448275862068,717
separated,False,-2.0,116,70,60.3448275862069,717
separated,False,0.0,116,86,74.13793103448276,717
separated,False,1.0,116,97,83.62068965517241,717
separated,False,2.0,116,72,62.06896551724138,717
separated,False,3.0,116,60,51.724137931034484,717
separated,False,4.0,116,82,70.6896551724138,717
separated,False,5.0,116,77,66.37931034482759,717
single_speaker,False,-4.0,116,91,78.44827586206897,717
single_speaker,False,-2.0,116,73,62.93103448275862,717
single_speaker,False,0.0,116,79,68.10344827586206,717
single_speaker,False,1.0,116,91,78.44827586206897,717
single_speaker,False,2.0,116,101,87.06896551724138,717
single_speaker,False,3.0,116,85,73.27586206896551,717
single_speaker,False,4.0,116,96,82.75862068965517,717
single_speaker,False,5.0,116,82,70.6896551724138,717
colocated,False,-4.0,116,76,65.51724137931035,718
colocated,False,-2.0,116,65,56.03448275862068,718
colocated,False,0.0,116,70,60.3448275862069,718
colocated,False,1.0,116,83,71.55172413793103,718
colocated,False,2.0,116,88,75.86206896551724,718
colocated,False,3.0,116,68,58.620689655172406,718
colocated,False,4.0,116,84,72.41379310344827,718
colocated,False,5.0,116,85,73.27586206896551,718
separated,False,-4.0,116,65,56.03448275862068,718
separated,False,-2.0,116,75,64.65517241379311,718
separated,False,0.0,116,75,64.65517241379311,718
separated,False,1.0,116,89,76.72413793103449,718
separated,False,2.0,116,77,66.37931034482759,718
separated,False,3.0,116,71,61.206896551724135,718
separated,False,4.0,116,77,66.37931034482759,718
separated,False,5.0,116,77,66.37931034482759,718
single_speaker,False,-4.0,116,86,74.13793103448276,718
single_speaker,False,-2.0,116,76,65.51724137931035,718
single_speaker,False,0.0,116,74,63.793103448275865,718
single_speaker,False,1.0,116,94,81.03448275862068,718
single_speaker,False,2.0,116,100,86.20689655172413,718
single_speaker,False,3.0,116,87,75.0,718
single_speaker,False,4.0,116,92,79.3103448275862,718
single_speaker,False,5.0,116,93,80.17241379310344,718
colocated,False,-4.0,116,75,64.65517241379311,719
colocated,False,-2.0,116,67,57.758620689655174,719
colocated,False,0.0,116,72,62.06896551724138,719
colocated,False,1.0,116,80,68.96551724137932,719
colocated,False,2.0,116,81,69.82758620689656,719
colocated,False,3.0,116,65,56.03448275862068,719
colocated,False,4.0,116,79,68.10344827586206,719
colocated,False,5.0,116,67,57.758620689655174,719
separated,False,-4.0,116,69,59.48275862068966,719
separated,False,-2.0,116,67,57.758620689655174,719
separated,False,0.0,116,82,70.6896551724138,719
separated,False,1.0,116,97,83.62068965517241,719
separated,False,2.0,116,78,67.24137931034483,719
separated,False,3.0,116,61,52.58620689655172,719
separated,False,4.0,116,81,69.82758620689656,719
separated,False,5.0,116,73,62.93103448275862,719
single_speaker,False,-4.0,116,90,77.58620689655173,719
single_speaker,False,-2.0,116,74,63.793103448275865,719
single_speaker,False,0.0,116,84,72.41379310344827,719
single_speaker,False,1.0,116,90,77.58620689655173,719
single_speaker,False,2.0,116,107,92.24137931034483,719
single_speaker,False,3.0,116,80,68.96551724137932,719
single_speaker,False,4.0,116,92,79.3103448275862,719
single_speaker,False,5.0,116,83,71.55172413793103,719
colocated,False,-4.0,116,66,56.896551724137936,720
colocated,False,-2.0,116,64,55.172413793103445,720
colocated,False,0.0,116,76,65.51724137931035,720
colocated,False,1.0,116,81,69.82758620689656,720
colocated,False,2.0,116,82,70.6896551724138,720
colocated,False,3.0,116,70,60.3448275862069,720
colocated,False,4.0,116,80,68.96551724137932,720
colocated,False,5.0,116,86,74.13793103448276,720
separated,False,-4.0,116,64,55.172413793103445,720
separated,False,-2.0,116,81,69.82758620689656,720
separated,False,0.0,116,80,68.96551724137932,720
separated,False,1.0,116,95,81.89655172413794,720
separated,False,2.0,116,68,58.620689655172406,720
separated,False,3.0,116,70,60.3448275862069,720
separated,False,4.0,116,77,66.37931034482759,720
separated,False,5.0,116,74,63.793103448275865,720
single_speaker,False,-4.0,116,89,76.72413793103449,720
single_speaker,False,-2.0,116,83,71.55172413793103,720
single_speaker,False,0.0,116,82,70.6896551724138,720
single_speaker,False,1.0,116,94,81.03448275862068,720
single_speaker,False,2.0,116,96,82.75862068965517,720
single_speaker,False,3.0,116,72,62.06896551724138,720
single_speaker,False,4.0,116,102,87.93103448275862,720
single_speaker,False,5.0,116,86,74.13793103448276,720
colocated,False,-4.0,116,69,59.48275862068966,721
colocated,False,-2.0,116,78,67.24137931034483,721
colocated,False,0.0,116,71,61.206896551724135,721
colocated,False,1.0,116,87,75.0,721
colocated,False,2.0,116,85,73.27586206896551,721
colocated,False,3.0,116,70,60.3448275862069,721
colocated,False,4.0,116,78,67.24137931034483,721
colocated,False,5.0,116,65,56.03448275862068,721
separated,False,-4.0,116,73,62.93103448275862,721
separated,False,-2.0,116,78,67.24137931034483,721
separated,False,0.0,116,78,67.24137931034483,721
separated,False,1.0,116,97,83.62068965517241,721
separated,False,2.0,116,71,61.206896551724135,721
separated,False,3.0,116,68,58.620689655172406,721
separated,False,4.0,116,79,68.10344827586206,721
separated,False,5.0,116,70,60.3448275862069,721
single_speaker,False,-4.0,116,96,82.75862068965517,721
single_speaker,False,-2.0,116,73,62.93103448275862,721
single_speaker,False,0.0,116,83,71.55172413793103,721
single_speaker,False,1.0,116,93,80.17241379310344,721
single_speaker,False,2.0,116,101,87.06896551724138,721
single_speaker,False,3.0,116,89,76.72413793103449,721
single_speaker,False,4.0,116,92,79.3103448275862,721
single_speaker,False,5.0,116,85,73.27586206896551,721
colocated,False,-4.0,116,58,50.0,722
colocated,False,-2.0,116,63,54.310344827586206,722
colocated,False,0.0,116,62,53.44827586206896,722
colocated,False,1.0,116,85,73.27586206896551,722
colocated,False,2.0,116,87,75.0,722
colocated,False,3.0,116,62,53.44827586206896,722
colocated,False,4.0,116,81,69.82758620689656,722
colocated,False,5.0,116,80,68.96551724137932,722
separated,False,-4.0,116,65,56.03448275862068,722
separated,False,-2.0,116,78,67.24137931034483,722
separated,False,0.0,116,77,66.37931034482759,722
separated,False,1.0,116,93,80.17241379310344,722
separated,False,2.0,116,75,64.65517241379311,722
separated,False,3.0,116,72,62.06896551724138,722
separated,False,4.0,116,85,73.27586206896551,722
separated,False,5.0,116,72,62.06896551724138,722
single_speaker,False,-4.0,116,88,75.86206896551724,722
single_speaker,False,-2.0,116,83,71.55172413793103,722
single_speaker,False,0.0,116,88,75.86206896551724,722
single_speaker,False,1.0,116,96,82.75862068965517,722
single_speaker,False,2.0,116,105,90.51724137931035,722
single_speaker,False,3.0,116,86,74.13793103448276,722
single_speaker,False,4.0,116,98,84.48275862068965,722
single_speaker,False,5.0,116,76,65.51724137931035,722
colocated,False,-4.0,116,63,54.310344827586206,723
colocated,False,-2.0,116,65,56.03448275862068,723
colocated,False,0.0,116,76,65.51724137931035,723
colocated,False,1.0,116,82,70.6896551724138,723
colocated,False,2.0,116,82,70.6896551724138,723
colocated,False,3.0,116,54,46.55172413793103,723
colocated,False,4.0,116,74,63.793103448275865,723
colocated,False,5.0,116,72,62.06896551724138,723
separated,False,-4.0,116,56,48.275862068965516,723
separated,False,-2.0,116,75,64.65517241379311,723
separated,False,0.0,116,74,63.793103448275865,723
separated,False,1.0,116,89,76.72413793103449,723
separated,False,2.0,116,72,62.06896551724138,723
separated,False,3.0,116,70,60.3448275862069,723
separated,False,4.0,116,80,68.96551724137932,723
separated,False,5.0,116,79,68.10344827586206,723
single_speaker,False,-4.0,116,80,68.96551724137932,723
single_speaker,False,-2.0,116,89,76.72413793103449,723
single_speaker,False,0.0,116,82,70.6896551724138,723
single_speaker,False,1.0,116,95,81.89655172413794,723
single_speaker,False,2.0,116,97,83.62068965517241,723
single_speaker,False,3.0,116,91,78.44827586206897,723
single_speaker,False,4.0,116,98,84.48275862068965,723
single_speaker,False,5.0,116,77,66.37931034482759,723
colocated,False,-4.0,116,63,54.310344827586206,724
colocated,False,-2.0,116,63,54.310344827586206,724
colocated,False,0.0,116,64,55.172413793103445,724
colocated,False,1.0,116,77,66.37931034482759,724
colocated,False,2.0,116,92,79.3103448275862,724
colocated,False,3.0,116,67,57.758620689655174,724
colocated,False,4.0,116,84,72.41379310344827,724
colocated,False,5.0,116,82,70.6896551724138,724
separated,False,-4.0,116,68,58.620689655172406,724
separated,False,-2.0,116,74,63.793103448275865,724
separated,False,0.0,116,76,65.51724137931035,724
separated,False,1.0,116,91,78.44827586206897,724
separated,False,2.0,116,73,62.93103448275862,724
separated,False,3.0,116,77,66.37931034482759,724
separated,False,4.0,116,90,77.58620689655173,724
separated,False,5.0,116,71,61.206896551724135,724
single_speaker,False,-4.0,116,85,73.27586206896551,724
single_speaker,False,-2.0,116,83,71.55172413793103,724
single_speaker,False,0.0,116,79,68.10344827586206,724
single_speaker,False,1.0,116,94,81.03448275862068,724
single_speaker,False,2.0,116,93,80.17241379310344,724
single_speaker,False,3.0,116,82,70.6896551724138,724
single_speaker,False,4.0,116,91,78.44827586206897,724
single_speaker,False,5.0,116,82,70.6896551724138,724
colocated,False,-4.0,116,68,58.620689655172406,725
colocated,False,-2.0,116,60,51.724137931034484,725
colocated,False,0.0,116,69,59.48275862068966,725
colocated,False,1.0,116,75,64.65517241379311,725
colocated,False,2.0,116,85,73.27586206896551,725
colocated,False,3.0,116,67,57.758620689655174,725
colocated,False,4.0,116,75,64.65517241379311,725
colocated,False,5.0,116,83,71.55172413793103,725
separated,False,-4.0,116,69,59.48275862068966,725
separated,False,-2.0,116,72,62.06896551724138,725
separated,False,0.0,116,70,60.3448275862069,725
separated,False,1.0,116,95,81.89655172413794,725
separated,False,2.0,116,79,68.10344827586206,725
separated,False,3.0,116,75,64.65517241379311,725
separated,False,4.0,116,86,74.13793103448276,725
separated,False,5.0,116,85,73.27586206896551,725
single_speaker,False,-4.0,116,89,76.72413793103449,725
single_speaker,False,-2.0,116,83,71.55172413793103,725
single_speaker,False,0.0,116,89,76.72413793103449,725
single_speaker,False,1.0,116,88,75.86206896551724,725
single_speaker,False,2.0,116,102,87.93103448275862,725
single_speaker,False,3.0,116,86,74.13793103448276,725
single_speaker,False,4.0,116,92,79.3103448275862,725
single_speaker,False,5.0,116,85,73.27586206896551,725
colocated,False,-4.0,116,77,66.37931034482759,726
colocated,False,-2.0,116,63,54.310344827586206,726
colocated,False,0.0,116,79,68.10344827586206,726
colocated,False,1.0,116,74,63.793103448275865,726
colocated,False,2.0,116,83,71.55172413793103,726
colocated,False,3.0,116,63,54.310344827586206,726
colocated,False,4.0,116,85,73.27586206896551,726
colocated,False,5.0,116,76,65.51724137931035,726
separated,False,-4.0,116,53,45.689655172413794,726
separated,False,-2.0,116,77,66.37931034482759,726
separated,False,0.0,116,73,62.93103448275862,726
separated,False,1.0,116,97,83.62068965517241,726
separated,False,2.0,116,71,61.206896551724135,726
separated,False,3.0,116,61,52.58620689655172,726
separated,False,4.0,116,82,70.6896551724138,726
separated,False,5.0,116,76,65.51724137931035,726
single_speaker,False,-4.0,116,82,70.6896551724138,726
single_speaker,False,-2.0,116,84,72.41379310344827,726
single_speaker,False,0.0,116,87,75.0,726
single_speaker,False,1.0,116,94,81.03448275862068,726
single_speaker,False,2.0,116,94,81.03448275862068,726
single_speaker,False,3.0,116,82,70.6896551724138,726
single_speaker,False,4.0,116,94,81.03448275862068,726
single_speaker,False,5.0,116,86,74.13793103448276,726
colocated,False,-4.0,116,73,62.93103448275862,727
colocated,False,-2.0,116,65,56.03448275862068,727
colocated,False,0.0,116,64,55.172413793103445,727
colocated,False,1.0,116,80,68.96551724137932,727
colocated,False,2.0,116,86,74.13793103448276,727
colocated,False,3.0,116,63,54.310344827586206,727
colocated,False,4.0,116,82,70.6896551724138,727
colocated,False,5.0,116,80,68.96551724137932,727
separated,False,-4.0,116,61,52.58620689655172,727
separated,False,-2.0,116,81,69.82758620689656,727
separated,False,0.0,116,77,66.37931034482759,727
separated,False,1.0,116,97,83.62068965517241,727
separated,False,2.0,116,75,64.65517241379311,727
separated,False,3.0,116,63,54.310344827586206,727
separated,False,4.0,116,92,79.3103448275862,727
separated,False,5.0,116,77,66.37931034482759,727
single_speaker,False,-4.0,116,85,73.27586206896551,727
single_speaker,False,-2.0,116,83,71.55172413793103,727
single_speaker,False,0.0,116,86,74.13793103448276,727
single_speaker,False,1.0,116,95,81.89655172413794,727
single_speaker,False,2.0,116,96,82.75862068965517,727
single_speaker,False,3.0,116,87,75.0,727
single_speaker,False,4.0,116,94,81.03448275862068,727
single_speaker,False,5.0,116,85,73.27586206896551,727
colocated,False,-4.0,116,56,48.275862068965516,728
colocated,False,-2.0,116,67,57.758620689655174,728
colocated,False,0.0,116,73,62.93103448275862,728
colocated,False,1.0,116,82,70.6896551724138,728
colocated,False,2.0,116,83,71.55172413793103,728
colocated,False,3.0,116,77,66.37931034482759,728
colocated,False,4.0,116,65,56.03448275862068,728
colocated,False,5.0,116,84,72.41379310344827,728
separated,False,-4.0,116,72,62.06896551724138,728
separated,False,-2.0,116,78,67.24137931034483,728
separated,False,0.0,116,76,65.51724137931035,728
separated,False,1.0,116,92,79.3103448275862,728
separated,False,2.0,116,77,66.37931034482759,728
separated,False,3.0,116,66,56.896551724137936,728
separated,False,4.0,116,84,72.41379310344827,728
separated,False,5.0,116,81,69.82758620689656,728
single_speaker,False,-4.0,116,89,76.72413793103449,728
single_speaker,False,-2.0,116,89,76.72413793103449,728
single_speaker,False,0.0,116,99,85.34482758620689,728
single_speaker,False,1.0,116,92,79.3103448275862,728
single_speaker,False,2.0,116,101,87.06896551724138,728
single_speaker,False,3.0,116,88,75.86206896551724,728
single_speaker,False,4.0,116,91,78.44827586206897,728
single_speaker,False,5.0,116,83,71.55172413793103,728
colocated,False,-4.0,116,66,56.896551724137936,729
colocated,False,-2.0,116,66,56.896551724137936,729
colocated,False,0.0,116,66,56.896551724137936,729
colocated,False,1.0,116,85,73.27586206896551,729
colocated,False,2.0,116,99,85.34482758620689,729
colocated,False,3.0,116,69,59.48275862068966,729
colocated,False,4.0,116,69,59.48275862068966,729
colocated,False,5.0,116,78,67.24137931034483,729
separated,False,-4.0,116,58,50.0,729
separated,False,-2.0,116,71,61.206896551724135,729
separated,False,0.0,116,83,71.55172413793103,729
separated,False,1.0,116,91,78.44827586206897,729
separated,False,2.0,116,73,62.93103448275862,729
separated,False,3.0,116,62,53.44827586206896,729
separated,False,4.0,116,86,74.13793103448276,729
separated,False,5.0,116,78,67.24137931034483,729
single_speaker,False,-4.0,116,72,62.06896551724138,729
single_speaker,False,-2.0,116,79,68.10344827586206,729
single_speaker,False,0.0,116,92,79.3103448275862,729
single_speaker,False,1.0,116,91,78.44827586206897,729
single_speaker,False,2.0,116,98,84.48275862068965,729
single_speaker,False,3.0,116,80,68.96551724137932,729
single_speaker,False,4.0,116,95,81.89655172413794,729
single_speaker,False,5.0,116,87,75.0,729
colocated,False,-4.0,116,67,57.758620689655174,730
colocated,False,-2.0,116,67,57.758620689655174,730
colocated,False,0.0,116,69,59.48275862068966,730
colocated,False,1.0,116,76,65.51724137931035,730
colocated,False,2.0,116,88,75.86206896551724,730
colocated,False,3.0,116,60,51.724137931034484,730
colocated,False,4.0,116,86,74.13793103448276,730
colocated,False,5.0,116,81,69.82758620689656,730
separated,False,-4.0,116,54,46.55172413793103,730
separated,False,-2.0,116,76,65.51724137931035,730
separated,False,0.0,116,83,71.55172413793103,730
separated,False,1.0,116,97,83.62068965517241,730
separated,False,2.0,116,72,62.06896551724138,730
separated,False,3.0,116,79,68.10344827586206,730
separated,False,4.0,116,90,77.58620689655173,730
separated,False,5.0,116,73,62.93103448275862,730
single_speaker,False,-4.0,116,88,75.86206896551724,730
single_speaker,False,-2.0,116,80,68.96551724137932,730
single_speaker,False,0.0,116,85,73.27586206896551,730
single_speaker,False,1.0,116,92,79.3103448275862,730
single_speaker,False,2.0,116,99,85.34482758620689,730
single_speaker,False,3.0,116,90,77.58620689655173,730
single_speaker,False,4.0,116,102,87.93103448275862,730
single_speaker,False,5.0,116,88,75.86206896551724,730
colocated,False,-4.0,116,68,58.620689655172406,731
colocated,False,-2.0,116,72,62.06896551724138,731
colocated,False,0.0,116,79,68.10344827586206,731
colocated,False,1.0,116,83,71.55172413793103,731
colocated,False,2.0,116,77,66.37931034482759,731
colocated,False,3.0,116,59,50.86206896551724,731
colocated,False,4.0,116,77,66.37931034482759,731
colocated,False,5.0,116,81,69.82758620689656,731
separated,False,-4.0,116,70,60.3448275862069,731
separated,False,-2.0,116,69,59.48275862068966,731
separated,False,0.0,116,72,62.06896551724138,731
separated,False,1.0,116,97,83.62068965517241,731
separated,False,2.0,116,82,70.6896551724138,731
separated,False,3.0,116,70,60.3448275862069,731
separated,False,4.0,116,85,73.27586206896551,731
separated,False,5.0,116,78,67.24137931034483,731
single_speaker,False,-4.0,116,91,78.44827586206897,731
single_speaker,False,-2.0,116,72,62.06896551724138,731
single_speaker,False,0.0,116,88,75.86206896551724,731
single_speaker,False,1.0,116,94,81.03448275862068,731
single_speaker,False,2.0,116,96,82.75862068965517,731
single_speaker,False,3.0,116,78,67.24137931034483,731
single_speaker,False,4.0,116,91,78.44827586206897,731
single_speaker,False,5.0,116,83,71.55172413793103,731
colocated,False,-4.0,116,65,56.03448275862068,732
colocated,False,-2.0,116,60,51.724137931034484,732
colocated,False,0.0,116,65,56.03448275862068,732
colocated,False,1.0,116,83,71.55172413793103,732
colocated,False,2.0,116,82,70.6896551724138,732
colocated,False,3.0,116,72,62.06896551724138,732
colocated,False,4.0,116,85,73.27586206896551,732
colocated,False,5.0,116,79,68.10344827586206,732
separated,False,-4.0,116,67,57.758620689655174,732
separated,False,-2.0,116,73,62.93103448275862,732
separated,False,0.0,116,72,62.06896551724138,732
separated,False,1.0,116,95,81.89655172413794,732
separated,False,2.0,116,77,66.37931034482759,732
separated,False,3.0,116,68,58.620689655172406,732
separated,False,4.0,116,78,67.24137931034483,732
separated,False,5.0,116,80,68.96551724137932,732
single_speaker,False,-4.0,116,91,78.44827586206897,732
single_speaker,False,-2.0,116,80,68.96551724137932,732
single_speaker,False,0.0,116,86,74.13793103448276,732
single_speaker,False,1.0,116,96,82.75862068965517,732
single_speaker,False,2.0,116,108,93.10344827586206,732
single_speaker,False,3.0,116,81,69.82758620689656,732
single_speaker,False,4.0,116,95,81.89655172413794,732
single_speaker,False,5.0,116,86,74.13793103448276,732
colocated,False,-4.0,116,73,62.93103448275862,733
colocated,False,-2.0,116,66,56.896551724137936,733
colocated,False,0.0,116,69,59.48275862068966,733
colocated,False,1.0,116,76,65.51724137931035,733
colocated,False,2.0,116,89,76.72413793103449,733
colocated,False,3.0,116,69,59.48275862068966,733
colocated,False,4.0,116,67,57.758620689655174,733
colocated,False,5.0,116,74,63.793103448275865,733
separated,False,-4.0,116,73,62.93103448275862,733
separated,False,-2.0,116,71,61.206896551724135,733
separated,False,0.0,116,74,63.793103448275865,733
separated,False,1.0,116,96,82.75862068965517,733
separated,False,2.0,116,79,68.10344827586206,733
separated,False,3.0,116,69,59.48275862068966,733
separated,False,4.0,116,87,75.0,733
separated,False,5.0,116,72,62.06896551724138,733
single_speaker,False,-4.0,116,83,71.55172413793103,733
single_speaker,False,-2.0,116,81,69.82758620689656,733
single_speaker,False,0.0,116,85,73.27586206896551,733
single_speaker,False,1.0,116,94,81.03448275862068,733
single_speaker,False,2.0,116,99,85.34482758620689,733
single_speaker,False,3.0,116,90,77.58620689655173,733
single_speaker,False,4.0,116,94,81.03448275862068,733
single_speaker,False,5.0,116,90,77.58620689655173,733
colocated,False,-4.0,116,62,53.44827586206896,734
colocated,False,-2.0,116,75,64.65517241379311,734
colocated,False,0.0,116,66,56.896551724137936,734
colocated,False,1.0,116,80,68.96551724137932,734
colocated,False,2.0,116,90,77.58620689655173,734
colocated,False,3.0,116,68,58.620689655172406,734
colocated,False,4.0,116,73,62.93103448275862,734
colocated,False,5.0,116,74,63.793103448275865,734
separated,False,-4.0,116,67,57.758620689655174,734
separated,False,-2.0,116,70,60.3448275862069,734
separated,False,0.0,116,82,70.6896551724138,734
separated,False,1.0,116,95,81.89655172413794,734
separated,False,2.0,116,74,63.793103448275865,734
separated,False,3.0,116,56,48.275862068965516,734
separated,False,4.0,116,88,75.86206896551724,734
separated,False,5.0,116,81,69.82758620689656,734
single_speaker,False,-4.0,116,88,75.86206896551724,734
single_speaker,False,-2.0,116,86,74.13793103448276,734
single_speaker,False,0.0,116,93,80.17241379310344,734
single_speaker,False,1.0,116,92,79.3103448275862,734
single_speaker,False,2.0,116,102,87.93103448275862,734
single_speaker,False,3.0,116,82,70.6896551724138,734
single_speaker,False,4.0,116,93,80.17241379310344,734
single_speaker,False,5.0,116,85,73.27586206896551,734
colocated,False,-4.0,116,65,56.03448275862068,735
colocated,False,-2.0,116,69,59.48275862068966,735
colocated,False,0.0,116,72,62.06896551724138,735
colocated,False,1.0,116,74,63.793103448275865,735
colocated,False,2.0,116,83,71.55172413793103,735
colocated,False,3.0,116,65,56.03448275862068,735
colocated,False,4.0,116,76,65.51724137931035,735
colocated,False,5.0,116,62,53.44827586206896,735
separated,False,-4.0,116,56,48.275862068965516,735
separated,False,-2.0,116,70,60.3448275862069,735
separated,False,0.0,116,71,61.206896551724135,735
separated,False,1.0,116,94,81.03448275862068,735
separated,False,2.0,116,82,70.6896551724138,735
separated,False,3.0,116,59,50.86206896551724,735
separated,False,4.0,116,91,78.44827586206897,735
separated,False,5.0,116,72,62.06896551724138,735
single_speaker,False,-4.0,116,87,75.0,735
single_speaker,False,-2.0,116,83,71.55172413793103,735
single_speaker,False,0.0,116,85,73.27586206896551,735
single_speaker,False,1.0,116,99,85.34482758620689,735
single_speaker,False,2.0,116,96,82.75862068965517,735
single_speaker,False,3.0,116,87,75.0,735
single_speaker,False,4.0,116,93,80.17241379310344,735
single_speaker,False,5.0,116,80,68.96551724137932,735
colocated,False,-4.0,116,76,65.51724137931035,736
colocated,False,-2.0,116,77,66.37931034482759,736
colocated,False,0.0,116,73,62.93103448275862,736
colocated,False,1.0,116,86,74.13793103448276,736
colocated,False,2.0,116,77,66.37931034482759,736
colocated,False,3.0,116,65,56.03448275862068,736
colocated,False,4.0,116,84,72.41379310344827,736
colocated,False,5.0,116,90,77.58620689655173,736
separated,False,-4.0,116,64,55.172413793103445,736
separated,False,-2.0,116,75,64.65517241379311,736
separated,False,0.0,116,77,66.37931034482759,736
separated,False,1.0,116,80,68.96551724137932,736
separated,False,2.0,116,72,62.06896551724138,736
separated,False,3.0,116,77,66.37931034482759,736
separated,False,4.0,116,84,72.41379310344827,736
separated,False,5.0,116,78,67.24137931034483,736
single_speaker,False,-4.0,116,91,78.44827586206897,736
single_speaker,False,-2.0,116,80,68.96551724137932,736
single_speaker,False,0.0,116,83,71.55172413793103,736
single_speaker,False,1.0,116,96,82.75862068965517,736
single_speaker,False,2.0,116,102,87.93103448275862,736
single_speaker,False,3.0,116,78,67.24137931034483,736
single_speaker,False,4.0,116,98,84.48275862068965,736
single_speaker,False,5.0,116,85,73.27586206896551,736
colocated,False,-4.0,116,68,58.620689655172406,737
colocated,False,-2.0,116,64,55.172413793103445,737
colocated,False,0.0,116,76,65.51724137931035,737
colocated,False,1.0,116,77,66.37931034482759,737
colocated,False,2.0,116,79,68.10344827586206,737
colocated,False,3.0,116,62,53.44827586206896,737
colocated,False,4.0,116,73,62.93103448275862,737
colocated,False,5.0,116,81,69.82758620689656,737
separated,False,-4.0,116,57,49.137931034482754,737
separated,False,-2.0,116,78,67.24137931034483,737
separated,False,0.0,116,81,69.82758620689656,737
separated,False,1.0,116,100,86.20689655172413,737
separated,False,2.0,116,73,62.93103448275862,737
separated,False,3.0,116,66,56.896551724137936,737
separated,False,4.0,116,77,66.37931034482759,737
separated,False,5.0,116,71,61.206896551724135,737
single_speaker,False,-4.0,116,88,75.86206896551724,737
single_speaker,False,-2.0,116,88,75.86206896551724,737
single_speaker,False,0.0,116,85,73.27586206896551,737
single_speaker,False,1.0,116,97,83.62068965517241,737
single_speaker,False,2.0,116,103,88.79310344827587,737
single_speaker,False,3.0,116,83,71.55172413793103,737
single_speaker,False,4.0,116,91,78.44827586206897,737
single_speaker,False,5.0,116,89,76.72413793103449,737
colocated,False,-4.0,116,65,56.03448275862068,738
colocated,False,-2.0,116,64,55.172413793103445,738
colocated,False,0.0,116,81,69.82758620689656,738
colocated,False,1.0,116,79,68.10344827586206,738
colocated,False,2.0,116,87,75.0,738
colocated,False,3.0,116,71,61.206896551724135,738
colocated,False,4.0,116,87,75.0,738
colocated,False,5.0,116,82,70.6896551724138,738
separated,False,-4.0,116,56,48.275862068965516,738
separated,False,-2.0,116,73,62.93103448275862,738
separated,False,0.0,116,76,65.51724137931035,738
separated,False,1.0,116,91,78.44827586206897,738
separated,False,2.0,116,82,70.6896551724138,738
separated,False,3.0,116,66,56.896551724137936,738
separated,False,4.0,116,89,76.72413793103449,738
separated,False,5.0,116,72,62.06896551724138,738
single_speaker,False,-4.0,116,83,71.55172413793103,738
single_speaker,False,-2.0,116,81,69.82758620689656,738
single_speaker,False,0.0,116,85,73.27586206896551,738
single_speaker,False,1.0,116,94,81.03448275862068,738
single_speaker,False,2.0,116,98,84.48275862068965,738
single_speaker,False,3.0,116,86,74.13793103448276,738
single_speaker,False,4.0,116,89,76.72413793103449,738
single_speaker,False,5.0,116,82,70.6896551724138,738
colocated,False,-4.0,116,65,56.03448275862068,739
colocated,False,-2.0,116,64,55.172413793103445,739
colocated,False,0.0,116,70,60.3448275862069,739
colocated,False,1.0,116,84,72.41379310344827,739
colocated,False,2.0,116,91,78.44827586206897,739
colocated,False,3.0,116,66,56.896551724137936,739
colocated,False,4.0,116,80,68.96551724137932,739
colocated,False,5.0,116,82,70.6896551724138,739
separated,False,-4.0,116,64,55.172413793103445,739
separated,False,-2.0,116,82,70.6896551724138,739
separated,False,0.0,116,72,62.06896551724138,739
separated,False,1.0,116,101,87.06896551724138,739
separated,False,2.0,116,72,62.06896551724138,739
separated,False,3.0,116,63,54.310344827586206,739
separated,False,4.0,116,81,69.82758620689656,739
separated,False,5.0,116,72,62.06896551724138,739
single_speaker,False,-4.0,116,85,73.27586206896551,739
single_speaker,False,-2.0,116,85,73.27586206896551,739
single_speaker,False,0.0,116,84,72.41379310344827,739
single_speaker,False,1.0,116,91,78.44827586206897,739
single_speaker,False,2.0,116,99,85.34482758620689,739
single_speaker,False,3.0,116,81,69.82758620689656,739
single_speaker,False,4.0,116,99,85.34482758620689,739
single_speaker,False,5.0,116,86,74.13793103448276,739
colocated,False,-4.0,116,65,56.03448275862068,740
colocated,False,-2.0,116,65,56.03448275862068,740
colocated,False,0.0,116,68,58.620689655172406,740
colocated,False,1.0,116,86,74.13793103448276,740
colocated,False,2.0,116,91,78.44827586206897,740
colocated,False,3.0,116,66,56.896551724137936,740
colocated,False,4.0,116,69,59.48275862068966,740
colocated,False,5.0,116,85,73.27586206896551,740
separated,False,-4.0,116,49,42.241379310344826,740
separated,False,-2.0,116,70,60.3448275862069,740
separated,False,0.0,116,84,72.41379310344827,740
separated,False,1.0,116,91,78.44827586206897,740
separated,False,2.0,116,81,69.82758620689656,740
separated,False,3.0,116,60,51.724137931034484,740
separated,False,4.0,116,78,67.24137931034483,740
separated,False,5.0,116,84,72.41379310344827,740
single_speaker,False,-4.0,116,91,78.44827586206897,740
single_speaker,False,-2.0,116,86,74.13793103448276,740
single_speaker,False,0.0,116,80,68.96551724137932,740
single_speaker,False,1.0,116,93,80.17241379310344,740
single_speaker,False,2.0,116,102,87.93103448275862,740
single_speaker,False,3.0,116,79,68.10344827586206,740
single_speaker,False,4.0,116,89,76.72413793103449,740
single_speaker,False,5.0,116,79,68.10344827586206,740
colocated,False,-4.0,116,67,57.758620689655174,741
colocated,False,-2.0,116,60,51.724137931034484,741
colocated,False,0.0,116,73,62.93103448275862,741
colocated,False,1.0,116,73,62.93103448275862,741
colocated,False,2.0,116,86,74.13793103448276,741
colocated,False,3.0,116,72,62.06896551724138,741
colocated,False,4.0,116,70,60.3448275862069,741
colocated,False,5.0,116,84,72.41379310344827,741
separated,False,-4.0,116,58,50.0,741
separated,False,-2.0,116,81,69.82758620689656,741
separated,False,0.0,116,73,62.93103448275862,741
separated,False,1.0,116,95,81.89655172413794,741
separated,False,2.0,116,70,60.3448275862069,741
separated,False,3.0,116,75,64.65517241379311,741
separated,False,4.0,116,85,73.27586206896551,741
separated,False,5.0,116,75,64.65517241379311,741
single_speaker,False,-4.0,116,84,72.41379310344827,741
single_speaker,False,-2.0,116,77,66.37931034482759,741
single_speaker,False,0.0,116,88,75.86206896551724,741
single_speaker,False,1.0,116,93,80.17241379310344,741
single_speaker,False,2.0,116,98,84.48275862068965,741
single_speaker,False,3.0,116,91,78.44827586206897,741
single_speaker,False,4.0,116,96,82.75862068965517,741
single_speaker,False,5.0,116,85,73.27586206896551,741
colocated,False,-4.0,116,63,54.310344827586206,742
colocated,False,-2.0,116,73,62.93103448275862,742
colocated,False,0.0,116,67,57.758620689655174,742
colocated,False,1.0,116,71,61.206896551724135,742
colocated,False,2.0,116,83,71.55172413793103,742
colocated,False,3.0,116,67,57.758620689655174,742
colocated,False,4.0,116,84,72.41379310344827,742
colocated,False,5.0,116,83,71.55172413793103,742
separated,False,-4.0,116,62,53.44827586206896,742
separated,False,-2.0,116,78,67.24137931034483,742
separated,False,0.0,116,77,66.37931034482759,742
separated,False,1.0,116,93,80.17241379310344,742
separated,False,2.0,116,69,59.48275862068966,742
separated,False,3.0,116,67,57.758620689655174,742
separated,False,4.0,116,86,74.13793103448276,742
separated,False,5.0,116,80,68.96551724137932,742
single_speaker,False,-4.0,116,90,77.58620689655173,742
single_speaker,False,-2.0,116,82,70.6896551724138,742
single_speaker,False,0.0,116,80,68.96551724137932,742
single_speaker,False,1.0,116,93,80.17241379310344,742
single_speaker,False,2.0,116,103,88.79310344827587,742
single_speaker,False,3.0,116,78,67.24137931034483,742
single_speaker,False,4.0,116,90,77.58620689655173,742
single_speaker,False,5.0,116,79,68.10344827586206,742
colocated,False,-4.0,116,70,60.3448275862069,743
colocated,False,-2.0,116,58,50.0,743
colocated,False,0.0,116,65,56.03448275862068,743
colocated,False,1.0,116,76,65.51724137931035,743
colocated,False,2.0,116,84,72.41379310344827,743
colocated,False,3.0,116,60,51.724137931034484,743
colocated,False,4.0,116,73,62.93103448275862,743
colocated,False,5.0,116,77,66.37931034482759,743
separated,False,-4.0,116,63,54.310344827586206,743
separated,False,-2.0,116,73,62.93103448275862,743
separated,False,0.0,116,77,66.37931034482759,743
separated,False,1.0,116,95,81.89655172413794,743
separated,False,2.0,116,73,62.93103448275862,743
separated,False,3.0,116,70,60.3448275862069,743
separated,False,4.0,116,88,75.86206896551724,743
separated,False,5.0,116,63,54.310344827586206,743
single_speaker,False,-4.0,116,80,68.96551724137932,743
single_speaker,False,-2.0,116,77,66.37931034482759,743
single_speaker,False,0.0,116,83,71.55172413793103,743
single_speaker,False,1.0,116,91,78.44827586206897,743
single_speaker,False,2.0,116,91,78.44827586206897,743
single_speaker,False,3.0,116,76,65.51724137931035,743
single_speaker,False,4.0,116,92,79.3103448275862,743
single_speaker,False,5.0,116,83,71.55172413793103,743
colocated,False,-4.0,116,60,51.724137931034484,744
colocated,False,-2.0,116,54,46.55172413793103,744
colocated,False,0.0,116,63,54.310344827586206,744
colocated,False,1.0,116,70,60.3448275862069,744
colocated,False,2.0,116,91,78.44827586206897,744
colocated,False,3.0,116,61,52.58620689655172,744
colocated,False,4.0,116,80,68.96551724137932,744
colocated,False,5.0,116,88,75.86206896551724,744
separated,False,-4.0,116,68,58.620689655172406,744
separated,False,-2.0,116,76,65.51724137931035,744
separated,False,0.0,116,76,65.51724137931035,744
separated,False,1.0,116,101,87.06896551724138,744
separated,False,2.0,116,70,60.3448275862069,744
separated,False,3.0,116,74,63.793103448275865,744
separated,False,4.0,116,84,72.41379310344827,744
separated,False,5.0,116,79,68.10344827586206,744
single_speaker,False,-4.0,116,81,69.82758620689656,744
single_speaker,False,-2.0,116,79,68.10344827586206,744
single_speaker,False,0.0,116,89,76.72413793103449,744
single_speaker,False,1.0,116,100,86.20689655172413,744
single_speaker,False,2.0,116,99,85.34482758620689,744
single_speaker,False,3.0,116,91,78.44827586206897,744
single_speaker,False,4.0,116,93,80.17241379310344,744
single_speaker,False,5.0,116,85,73.27586206896551,744
colocated,False,-4.0,116,75,64.65517241379311,745
colocated,False,-2.0,116,67,57.758620689655174,745
colocated,False,0.0,116,73,62.93103448275862,745
colocated,False,1.0,116,85,73.27586206896551,745
colocated,False,2.0,116,87,75.0,745
colocated,False,3.0,116,64,55.172413793103445,745
colocated,False,4.0,116,84,72.41379310344827,745
colocated,False,5.0,116,75,64.65517241379311,745
separated,False,-4.0,116,71,61.206896551724135,745
separated,False,-2.0,116,69,59.48275862068966,745
separated,False,0.0,116,69,59.48275862068966,745
separated,False,1.0,116,89,76.72413793103449,745
separated,False,2.0,116,72,62.06896551724138,745
separated,False,3.0,116,76,65.51724137931035,745
separated,False,4.0,116,83,71.55172413793103,745
separated,False,5.0,116,83,71.55172413793103,745
single_speaker,False,-4.0,116,93,80.17241379310344,745
single_speaker,False,-2.0,116,88,75.86206896551724,745
single_speaker,False,0.0,116,86,74.13793103448276,745
single_speaker,False,1.0,116,96,82.75862068965517,745
single_speaker,False,2.0,116,102,87.93103448275862,745
single_speaker,False,3.0,116,70,60.3448275862069,745
single_speaker,False,4.0,116,94,81.03448275862068,745
single_speaker,False,5.0,116,81,69.82758620689656,745
colocated,False,-4.0,116,68,58.620689655172406,746
colocated,False,-2.0,116,63,54.310344827586206,746
colocated,False,0.0,116,72,62.06896551724138,746
colocated,False,1.0,116,78,67.24137931034483,746
colocated,False,2.0,116,92,79.3103448275862,746
colocated,False,3.0,116,67,57.758620689655174,746
colocated,False,4.0,116,63,54.310344827586206,746
colocated,False,5.0,116,77,66.37931034482759,746
separated,False,-4.0,116,65,56.03448275862068,746
separated,False,-2.0,116,73,62.93103448275862,746
separated,False,0.0,116,81,69.82758620689656,746
separated,False,1.0,116,97,83.62068965517241,746
separated,False,2.0,116,71,61.206896551724135,746
separated,False,3.0,116,65,56.03448275862068,746
separated,False,4.0,116,70,60.3448275862069,746
separated,False,5.0,116,76,65.51724137931035,746
single_speaker,False,-4.0,116,89,76.72413793103449,746
single_speaker,False,-2.0,116,77,66.37931034482759,746
single_speaker,False,0.0,116,79,68.10344827586206,746
single_speaker,False,1.0,116,95,81.89655172413794,746
single_speaker,False,2.0,116,97,83.62068965517241,746
single_speaker,False,3.0,116,83,71.55172413793103,746
single_speaker,False,4.0,116,97,83.62068965517241,746
single_speaker,False,5.0,116,91,78.44827586206897,746
colocated,False,-4.0,116,70,60.3448275862069,747
colocated,False,-2.0,116,54,46.55172413793103,747
colocated,False,0.0,116,73,62.93103448275862,747
colocated,False,1.0,116,88,75.86206896551724,747
colocated,False,2.0,116,83,71.55172413793103,747
colocated,False,3.0,116,62,53.44827586206896,747
colocated,False,4.0,116,78,67.24137931034483,747
colocated,False,5.0,116,80,68.96551724137932,747
separated,False,-4.0,116,70,60.3448275862069,747
separated,False,-2.0,116,70,60.3448275862069,747
separated,False,0.0,116,78,67.24137931034483,747
separated,False,1.0,116,89,76.72413793103449,747
separated,False,2.0,116,78,67.24137931034483,747
separated,False,3.0,116,74,63.793103448275865,747
separated,False,4.0,116,89,76.72413793103449,747
separated,False,5.0,116,79,68.10344827586206,747
single_speaker,False,-4.0,116,88,75.86206896551724,747
single_speaker,False,-2.0,116,74,63.793103448275865,747
single_speaker,False,0.0,116,86,74.13793103448276,747
single_speaker,False,1.0,116,95,81.89655172413794,747
single_speaker,False,2.0,116,97,83.62068965517241,747
single_speaker,False,3.0,116,81,69.82758620689656,747
single_speaker,False,4.0,116,92,79.3103448275862,747
single_speaker,False,5.0,116,82,70.6896551724138,747
colocated,False,-4.0,116,67,57.758620689655174,748
colocated,False,-2.0,116,59,50.86206896551724,748
colocated,False,0.0,116,80,68.96551724137932,748
colocated,False,1.0,116,75,64.65517241379311,748
colocated,False,2.0,116,93,80.17241379310344,748
colocated,False,3.0,116,75,64.65517241379311,748
colocated,False,4.0,116,69,59.48275862068966,748
colocated,False,5.0,116,73,62.93103448275862,748
separated,False,-4.0,116,60,51.724137931034484,748
separated,False,-2.0,116,72,62.06896551724138,748
separated,False,0.0,116,73,62.93103448275862,748
separated,False,1.0,116,103,88.79310344827587,748
separated,False,2.0,116,75,64.65517241379311,748
separated,False,3.0,116,69,59.48275862068966,748
separated,False,4.0,116,80,68.96551724137932,748
separated,False,5.0,116,76,65.51724137931035,748
single_speaker,False,-4.0,116,86,74.13793103448276,748
single_speaker,False,-2.0,116,81,69.82758620689656,748
single_speaker,False,0.0,116,89,76.72413793103449,748
single_speaker,False,1.0,116,97,83.62068965517241,748
single_speaker,False,2.0,116,101,87.06896551724138,748
single_speaker,False,3.0,116,84,72.41379310344827,748
single_speaker,False,4.0,116,94,81.03448275862068,748
single_speaker,False,5.0,116,80,68.96551724137932,748
colocated,False,-4.0,116,70,60.3448275862069,749
colocated,False,-2.0,116,65,56.03448275862068,749
colocated,False,0.0,116,58,50.0,749
colocated,False,1.0,116,80,68.96551724137932,749
colocated,False,2.0,116,89,76.72413793103449,749
colocated,False,3.0,116,60,51.724137931034484,749
colocated,False,4.0,116,83,71.55172413793103,749
colocated,False,5.0,116,88,75.86206896551724,749
separated,False,-4.0,116,70,60.3448275862069,749
separated,False,-2.0,116,68,58.620689655172406,749
separated,False,0.0,116,80,68.96551724137932,749
separated,False,1.0,116,101,87.06896551724138,749
separated,False,2.0,116,83,71.55172413793103,749
separated,False,3.0,116,75,64.65517241379311,749
separated,False,4.0,116,77,66.37931034482759,749
separated,False,5.0,116,77,66.37931034482759,749
single_speaker,False,-4.0,116,89,76.72413793103449,749
single_speaker,False,-2.0,116,82,70.6896551724138,749
single_speaker,False,0.0,116,87,75.0,749
single_speaker,False,1.0,116,91,78.44827586206897,749
single_speaker,False,2.0,116,101,87.06896551724138,749
single_speaker,False,3.0,116,86,74.13793103448276,749
single_speaker,False,4.0,116,95,81.89655172413794,749
single_speaker,False,5.0,116,87,75.0,749
colocated,False,-4.0,116,71,61.206896551724135,750
colocated,False,-2.0,116,67,57.758620689655174,750
colocated,False,0.0,116,72,62.06896551724138,750
colocated,False,1.0,116,82,70.6896551724138,750
colocated,False,2.0,116,81,69.82758620689656,750
colocated,False,3.0,116,54,46.55172413793103,750
colocated,False,4.0,116,88,75.86206896551724,750
colocated,False,5.0,116,83,71.55172413793103,750
separated,False,-4.0,116,57,49.137931034482754,750
separated,False,-2.0,116,76,65.51724137931035,750
separated,False,0.0,116,68,58.620689655172406,750
separated,False,1.0,116,100,86.20689655172413,750
separated,False,2.0,116,83,71.55172413793103,750
separated,False,3.0,116,69,59.48275862068966,750
separated,False,4.0,116,85,73.27586206896551,750
separated,False,5.0,116,72,62.06896551724138,750
single_speaker,False,-4.0,116,80,68.96551724137932,750
single_speaker,False,-2.0,116,77,66.37931034482759,750
single_speaker,False,0.0,116,79,68.10344827586206,750
single_speaker,False,1.0,116,89,76.72413793103449,750
single_speaker,False,2.0,116,101,87.06896551724138,750
single_speaker,False,3.0,116,85,73.27586206896551,750
single_speaker,False,4.0,116,92,79.3103448275862,750
single_speaker,False,5.0,116,81,69.82758620689656,750
colocated,False,-4.0,116,64,55.172413793103445,751
colocated,False,-2.0,116,65,56.03448275862068,751
colocated,False,0.0,116,75,64.65517241379311,751
colocated,False,1.0,116,69,59.48275862068966,751
colocated,False,2.0,116,86,74.13793103448276,751
colocated,False,3.0,116,64,55.172413793103445,751
colocated,False,4.0,116,79,68.10344827586206,751
colocated,False,5.0,116,78,67.24137931034483,751
separated,False,-4.0,116,54,46.55172413793103,751
separated,False,-2.0,116,72,62.06896551724138,751
separated,False,0.0,116,72,62.06896551724138,751
separated,False,1.0,116,92,79.3103448275862,751
separated,False,2.0,116,70,60.3448275862069,751
separated,False,3.0,116,58,50.0,751
separated,False,4.0,116,83,71.55172413793103,751
separated,False,5.0,116,85,73.27586206896551,751
single_speaker,False,-4.0,116,87,75.0,751
single_speaker,False,-2.0,116,87,75.0,751
single_speaker,False,0.0,116,92,79.3103448275862,751
single_speaker,False,1.0,116,89,76.72413793103449,751
single_speaker,False,2.0,116,101,87.06896551724138,751
single_speaker,False,3.0,116,82,70.6896551724138,751
single_speaker,False,4.0,116,94,81.03448275862068,751
single_speaker,False,5.0,116,80,68.96551724137932,751
colocated,False,-4.0,116,68,58.620689655172406,752
colocated,False,-2.0,116,78,67.24137931034483,752
colocated,False,0.0,116,66,56.896551724137936,752
colocated,False,1.0,116,83,71.55172413793103,752
colocated,False,2.0,116,87,75.0,752
colocated,False,3.0,116,63,54.310344827586206,752
colocated,False,4.0,116,84,72.41379310344827,752
colocated,False,5.0,116,75,64.65517241379311,752
separated,False,-4.0,116,64,55.172413793103445,752
separated,False,-2.0,116,78,67.24137931034483,752
separated,False,0.0,116,73,62.93103448275862,752
separated,False,1.0,116,88,75.86206896551724,752
separated,False,2.0,116,77,66.37931034482759,752
separated,False,3.0,116,62,53.44827586206896,752
separated,False,4.0,116,89,76.72413793103449,752
separated,False,5.0,116,85,73.27586206896551,752
single_speaker,False,-4.0,116,85,73.27586206896551,752
single_speaker,False,-2.0,116,90,77.58620689655173,752
single_speaker,False,0.0,116,77,66.37931034482759,752
single_speaker,False,1.0,116,101,87.06896551724138,752
single_speaker,False,2.0,116,104,89.65517241379311,752
single_speaker,False,3.0,116,84,72.41379310344827,752
single_speaker,False,4.0,116,96,82.75862068965517,752
single_speaker,False,5.0,116,91,78.44827586206897,752
colocated,False,-4.0,116,62,53.44827586206896,753
colocated,False,-2.0,116,72,62.06896551724138,753
colocated,False,0.0,116,67,57.758620689655174,753
colocated,False,1.0,116,79,68.10344827586206,753
colocated,False,2.0,116,87,75.0,753
colocated,False,3.0,116,61,52.58620689655172,753
colocated,False,4.0,116,78,67.24137931034483,753
colocated,False,5.0,116,79,68.10344827586206,753
separated,False,-4.0,116,65,56.03448275862068,753
separated,False,-2.0,116,76,65.51724137931035,753
separated,False,0.0,116,80,68.96551724137932,753
separated,False,1.0,116,89,76.72413793103449,753
separated,False,2.0,116,73,62.93103448275862,753
separated,False,3.0,116,70,60.3448275862069,753
separated,False,4.0,116,82,70.6896551724138,753
separated,False,5.0,116,73,62.93103448275862,753
single_speaker,False,-4.0,116,80,68.96551724137932,753
single_speaker,False,-2.0,116,81,69.82758620689656,753
single_speaker,False,0.0,116,83,71.55172413793103,753
single_speaker,False,1.0,116,91,78.44827586206897,753
single_speaker,False,2.0,116,101,87.06896551724138,753
single_speaker,False,3.0,116,88,75.86206896551724,753
single_speaker,False,4.0,116,93,80.17241379310344,753
single_speaker,False,5.0,116,78,67.24137931034483,753
colocated,False,-4.0,116,73,62.93103448275862,754
colocated,False,-2.0,116,55,47.41379310344828,754
colocated,False,0.0,116,74,63.793103448275865,754
colocated,False,1.0,116,79,68.10344827586206,754
colocated,False,2.0,116,87,75.0,754
colocated,False,3.0,116,71,61.206896551724135,754
colocated,False,4.0,116,67,57.758620689655174,754
colocated,False,5.0,116,84,72.41379310344827,754
separated,False,-4.0,116,70,60.3448275862069,754
separated,False,-2.0,116,71,61.206896551724135,754
separated,False,0.0,116,68,58.620689655172406,754
separated,False,1.0,116,98,84.48275862068965,754
separated,False,2.0,116,76,65.51724137931035,754
separated,False,3.0,116,59,50.86206896551724,754
separated,False,4.0,116,80,68.96551724137932,754
separated,False,5.0,116,72,62.06896551724138,754
single_speaker,False,-4.0,116,93,80.17241379310344,754
single_speaker,False,-2.0,116,91,78.44827586206897,754
single_speaker,False,0.0,116,93,80.17241379310344,754
single_speaker,False,1.0,116,94,81.03448275862068,754
single_speaker,False,2.0,116,103,88.79310344827587,754
single_speaker,False,3.0,116,79,68.10344827586206,754
single_speaker,False,4.0,116,90,77.58620689655173,754
single_speaker,False,5.0,116,82,70.6896551724138,754
colocated,False,-4.0,116,74,63.793103448275865,755
colocated,False,-2.0,116,67,57.758620689655174,755
colocated,False,0.0,116,77,66.37931034482759,755
colocated,False,1.0,116,87,75.0,755
colocated,False,2.0,116,80,68.96551724137932,755
colocated,False,3.0,116,59,50.86206896551724,755
colocated,False,4.0,116,78,67.24137931034483,755
colocated,False,5.0,116,87,75.0,755
separated,False,-4.0,116,58,50.0,755
separated,False,-2.0,116,78,67.24137931034483,755
separated,False,0.0,116,79,68.10344827586206,755
separated,False,1.0,116,93,80.17241379310344,755
separated,False,2.0,116,75,64.65517241379311,755
separated,False,3.0,116,81,69.82758620689656,755
separated,False,4.0,116,88,75.86206896551724,755
separated,False,5.0,116,87,75.0,755
single_speaker,False,-4.0,116,83,71.55172413793103,755
single_speaker,False,-2.0,116,83,71.55172413793103,755
single_speaker,False,0.0,116,86,74.13793103448276,755
single_speaker,False,1.0,116,93,80.17241379310344,755
single_speaker,False,2.0,116,99,85.34482758620689,755
single_speaker,False,3.0,116,83,71.55172413793103,755
single_speaker,False,4.0,116,89,76.72413793103449,755
single_speaker,False,5.0,116,83,71.55172413793103,755
colocated,False,-4.0,116,70,60.3448275862069,756
colocated,False,-2.0,116,55,47.41379310344828,756
colocated,False,0.0,116,77,66.37931034482759,756
colocated,False,1.0,116,82,70.6896551724138,756
colocated,False,2.0,116,86,74.13793103448276,756
colocated,False,3.0,116,58,50.0,756
colocated,False,4.0,116,74,63.793103448275865,756
colocated,False,5.0,116,71,61.206896551724135,756
separated,False,-4.0,116,57,49.137931034482754,756
separated,False,-2.0,116,79,68.10344827586206,756
separated,False,0.0,116,78,67.24137931034483,756
separated,False,1.0,116,99,85.34482758620689,756
separated,False,2.0,116,75,64.65517241379311,756
separated,False,3.0,116,68,58.620689655172406,756
separated,False,4.0,116,73,62.93103448275862,756
separated,False,5.0,116,74,63.793103448275865,756
single_speaker,False,-4.0,116,89,76.72413793103449,756
single_speaker,False,-2.0,116,80,68.96551724137932,756
single_speaker,False,0.0,116,81,69.82758620689656,756
single_speaker,False,1.0,116,100,86.20689655172413,756
single_speaker,False,2.0,116,99,85.34482758620689,756
single_speaker,False,3.0,116,79,68.10344827586206,756
single_speaker,False,4.0,116,98,84.48275862068965,756
single_speaker,False,5.0,116,85,73.27586206896551,756
colocated,False,-4.0,116,65,56.03448275862068,757
colocated,False,-2.0,116,72,62.06896551724138,757
colocated,False,0.0,116,70,60.3448275862069,757
colocated,False,1.0,116,83,71.55172413793103,757
colocated,False,2.0,116,94,81.03448275862068,757
colocated,False,3.0,116,69,59.48275862068966,757
colocated,False,4.0,116,81,69.82758620689656,757
colocated,False,5.0,116,83,71.55172413793103,757
separated,False,-4.0,116,70,60.3448275862069,757
separated,False,-2.0,116,77,66.37931034482759,757
separated,False,0.0,116,77,66.37931034482759,757
separated,False,1.0,116,103,88.79310344827587,757
separated,False,2.0,116,62,53.44827586206896,757
separated,False,3.0,116,66,56.896551724137936,757
separated,False,4.0,116,86,74.13793103448276,757
separated,False,5.0,116,81,69.82758620689656,757
single_speaker,False,-4.0,116,88,75.86206896551724,757
single_speaker,False,-2.0,116,76,65.51724137931035,757
single_speaker,False,0.0,116,89,76.72413793103449,757
single_speaker,False,1.0,116,98,84.48275862068965,757
single_speaker,False,2.0,116,101,87.06896551724138,757
single_speaker,False,3.0,116,83,71.55172413793103,757
single_speaker,False,4.0,116,95,81.89655172413794,757
single_speaker,False,5.0,116,75,64.65517241379311,757
colocated,False,-4.0,116,68,58.620689655172406,758
colocated,False,-2.0,116,59,50.86206896551724,758
colocated,False,0.0,116,67,57.758620689655174,758
colocated,False,1.0,116,76,65.51724137931035,758
colocated,False,2.0,116,84,72.41379310344827,758
colocated,False,3.0,116,65,56.03448275862068,758
colocated,False,4.0,116,83,71.55172413793103,758
colocated,False,5.0,116,86,74.13793103448276,758
separated,False,-4.0,116,60,51.724137931034484,758
separated,False,-2.0,116,73,62.93103448275862,758
separated,False,0.0,116,78,67.24137931034483,758
separated,False,1.0,116,87,75.0,758
separated,False,2.0,116,73,62.93103448275862,758
separated,False,3.0,116,74,63.793103448275865,758
separated,False,4.0,116,77,66.37931034482759,758
separated,False,5.0,116,75,64.65517241379311,758
single_speaker,False,-4.0,116,88,75.86206896551724,758
single_speaker,False,-2.0,116,83,71.55172413793103,758
single_speaker,False,0.0,116,86,74.13793103448276,758
single_speaker,False,1.0,116,93,80.17241379310344,758
single_speaker,False,2.0,116,98,84.48275862068965,758
single_speaker,False,3.0,116,87,75.0,758
single_speaker,False,4.0,116,88,75.86206896551724,758
single_speaker,False,5.0,116,84,72.41379310344827,758
colocated,False,-4.0,116,64,55.172413793103445,759
colocated,False,-2.0,116,51,43.96551724137931,759
colocated,False,0.0,116,77,66.37931034482759,759
colocated,False,1.0,116,77,66.37931034482759,759
colocated,False,2.0,116,83,71.55172413793103,759
colocated,False,3.0,116,60,51.724137931034484,759
colocated,False,4.0,116,82,70.6896551724138,759
colocated,False,5.0,116,76,65.51724137931035,759
separated,False,-4.0,116,66,56.896551724137936,759
separated,False,-2.0,116,76,65.51724137931035,759
separated,False,0.0,116,84,72.41379310344827,759
separated,False,1.0,116,98,84.48275862068965,759
separated,False,2.0,116,80,68.96551724137932,759
separated,False,3.0,116,69,59.48275862068966,759
separated,False,4.0,116,80,68.96551724137932,759
separated,False,5.0,116,81,69.82758620689656,759
single_speaker,False,-4.0,116,84,72.41379310344827,759
single_speaker,False,-2.0,116,82,70.6896551724138,759
single_speaker,False,0.0,116,79,68.10344827586206,759
single_speaker,False,1.0,116,96,82.75862068965517,759
single_speaker,False,2.0,116,101,87.06896551724138,759
single_speaker,False,3.0,116,78,67.24137931034483,759
single_speaker,False,4.0,116,89,76.72413793103449,759
single_speaker,False,5.0,116,82,70.6896551724138,759
colocated,False,-4.0,116,69,59.48275862068966,760
colocated,False,-2.0,116,73,62.93103448275862,760
colocated,False,0.0,116,78,67.24137931034483,760
colocated,False,1.0,116,76,65.51724137931035,760
colocated,False,2.0,116,87,75.0,760
colocated,False,3.0,116,65,56.03448275862068,760
colocated,False,4.0,116,85,73.27586206896551,760
colocated,False,5.0,116,82,70.6896551724138,760
separated,False,-4.0,116,64,55.172413793103445,760
separated,False,-2.0,116,77,66.37931034482759,760
separated,False,0.0,116,67,57.758620689655174,760
separated,False,1.0,116,95,81.89655172413794,760
separated,False,2.0,116,78,67.24137931034483,760
separated,False,3.0,116,71,61.206896551724135,760
separated,False,4.0,116,80,68.96551724137932,760
separated,False,5.0,116,69,59.48275862068966,760
single_speaker,False,-4.0,116,82,70.6896551724138,760
single_speaker,False,-2.0,116,76,65.51724137931035,760
single_speaker,False,0.0,116,83,71.55172413793103,760
single_speaker,False,1.0,116,93,80.17241379310344,760
single_speaker,False,2.0,116,102,87.93103448275862,760
single_speaker,False,3.0,116,89,76.72413793103449,760
single_speaker,False,4.0,116,97,83.62068965517241,760
single_speaker,False,5.0,116,84,72.41379310344827,760
colocated,False,-4.0,116,58,50.0,761
colocated,False,-2.0,116,62,53.44827586206896,761
colocated,False,0.0,116,75,64.65517241379311,761
colocated,False,1.0,116,77,66.37931034482759,761
colocated,False,2.0,116,94,81.03448275862068,761
colocated,False,3.0,116,67,57.758620689655174,761
colocated,False,4.0,116,73,62.93103448275862,761
colocated,False,5.0,116,76,65.51724137931035,761
separated,False,-4.0,116,64,55.172413793103445,761
separated,False,-2.0,116,66,56.896551724137936,761
separated,False,0.0,116,85,73.27586206896551,761
separated,False,1.0,116,96,82.75862068965517,761
separated,False,2.0,116,71,61.206896551724135,761
separated,False,3.0,116,66,56.896551724137936,761
separated,False,4.0,116,89,76.72413793103449,761
separated,False,5.0,116,78,67.24137931034483,761
single_speaker,False,-4.0,116,82,70.6896551724138,761
single_speaker,False,-2.0,116,74,63.793103448275865,761
single_speaker,False,0.0,116,88,75.86206896551724,761
single_speaker,False,1.0,116,100,86.20689655172413,761
single_speaker,False,2.0,116,97,83.62068965517241,761
single_speaker,False,3.0,116,87,75.0,761
single_speaker,False,4.0,116,93,80.17241379310344,761
single_speaker,False,5.0,116,81,69.82758620689656,761
colocated,False,-4.0,116,62,53.44827586206896,762
colocated,False,-2.0,116,63,54.310344827586206,762
colocated,False,0.0,116,71,61.206896551724135,762
colocated,False,1.0,116,77,66.37931034482759,762
colocated,False,2.0,116,95,81.89655172413794,762
colocated,False,3.0,116,73,62.93103448275862,762
colocated,False,4.0,116,82,70.6896551724138,762
colocated,False,5.0,116,78,67.24137931034483,762
separated,False,-4.0,116,63,54.310344827586206,762
separated,False,-2.0,116,72,62.06896551724138,762
separated,False,0.0,116,75,64.65517241379311,762
separated,False,1.0,116,94,81.03448275862068,762
separated,False,2.0,116,82,70.6896551724138,762
separated,False,3.0,116,76,65.51724137931035,762
separated,False,4.0,116,81,69.82758620689656,762
separated,False,5.0,116,79,68.10344827586206,762
single_speaker,False,-4.0,116,90,77.58620689655173,762
single_speaker,False,-2.0,116,83,71.55172413793103,762
single_speaker,False,0.0,116,92,79.3103448275862,762
single_speaker,False,1.0,116,82,70.6896551724138,762
single_speaker,False,2.0,116,100,86.20689655172413,762
single_speaker,False,3.0,116,77,66.37931034482759,762
single_speaker,False,4.0,116,89,76.72413793103449,762
single_speaker,False,5.0,116,91,78.44827586206897,762
colocated,False,-4.0,116,68,58.620689655172406,763
colocated,False,-2.0,116,63,54.310344827586206,763
colocated,False,0.0,116,73,62.93103448275862,763
colocated,False,1.0,116,79,68.10344827586206,763
colocated,False,2.0,116,89,76.72413793103449,763
colocated,False,3.0,116,69,59.48275862068966,763
colocated,False,4.0,116,81,69.82758620689656,763
colocated,False,5.0,116,79,68.10344827586206,763
separated,False,-4.0,116,64,55.172413793103445,763
separated,False,-2.0,116,82,70.6896551724138,763
separated,False,0.0,116,74,63.793103448275865,763
separated,False,1.0,116,91,78.44827586206897,763
separated,False,2.0,116,72,62.06896551724138,763
separated,False,3.0,116,68,58.620689655172406,763
separated,False,4.0,116,76,65.51724137931035,763
separated,False,5.0,116,74,63.793103448275865,763
single_speaker,False,-4.0,116,90,77.58620689655173,763
single_speaker,False,-2.0,116,80,68.96551724137932,763
single_speaker,False,0.0,116,85,73.27586206896551,763
single_speaker,False,1.0,116,89,76.72413793103449,763
single_speaker,False,2.0,116,96,82.75862068965517,763
single_speaker,False,3.0,116,75,64.65517241379311,763
single_speaker,False,4.0,116,100,86.20689655172413,763
single_speaker,False,5.0,116,84,72.41379310344827,763
colocated,False,-4.0,116,66,56.896551724137936,764
colocated,False,-2.0,116,62,53.44827586206896,764
colocated,False,0.0,116,74,63.793103448275865,764
colocated,False,1.0,116,78,67.24137931034483,764
colocated,False,2.0,116,88,75.86206896551724,764
colocated,False,3.0,116,67,57.758620689655174,764
colocated,False,4.0,116,79,68.10344827586206,764
colocated,False,5.0,116,82,70.6896551724138,764
separated,False,-4.0,116,68,58.620689655172406,764
separated,False,-2.0,116,72,62.06896551724138,764
separated,False,0.0,116,76,65.51724137931035,764
separated,False,1.0,116,89,76.72413793103449,764
separated,False,2.0,116,88,75.86206896551724,764
separated,False,3.0,116,68,58.620689655172406,764
separated,False,4.0,116,88,75.86206896551724,764
separated,False,5.0,116,78,67.24137931034483,764
single_speaker,False,-4.0,116,85,73.27586206896551,764
single_speaker,False,-2.0,116,89,76.72413793103449,764
single_speaker,False,0.0,116,88,75.86206896551724,764
single_speaker,False,1.0,116,95,81.89655172413794,764
single_speaker,False,2.0,116,99,85.34482758620689,764
single_speaker,False,3.0,116,83,71.55172413793103,764
single_speaker,False,4.0,116,93,80.17241379310344,764
single_speaker,False,5.0,116,78,67.24137931034483,764
colocated,False,-4.0,116,58,50.0,765
colocated,False,-2.0,116,58,50.0,765
colocated,False,0.0,116,82,70.6896551724138,765
colocated,False,1.0,116,82,70.6896551724138,765
colocated,False,2.0,116,81,69.82758620689656,765
colocated,False,3.0,116,61,52.58620689655172,765
colocated,False,4.0,116,71,61.206896551724135,765
colocated,False,5.0,116,79,68.10344827586206,765
separated,False,-4.0,116,68,58.620689655172406,765
separated,False,-2.0,116,78,67.24137931034483,765
separated,False,0.0,116,66,56.896551724137936,765
separated,False,1.0,116,96,82.75862068965517,765
separated,False,2.0,116,83,71.55172413793103,765
separated,False,3.0,116,73,62.93103448275862,765
separated,False,4.0,116,76,65.51724137931035,765
separated,False,5.0,116,65,56.03448275862068,765
single_speaker,False,-4.0,116,87,75.0,765
single_speaker,False,-2.0,116,80,68.96551724137932,765
single_speaker,False,0.0,116,88,75.86206896551724,765
single_speaker,False,1.0,116,98,84.48275862068965,765
single_speaker,False,2.0,116,106,91.37931034482759,765
single_speaker,False,3.0,116,91,78.44827586206897,765
single_speaker,False,4.0,116,88,75.86206896551724,765
single_speaker,False,5.0,116,86,74.13793103448276,765
colocated,False,-4.0,116,72,62.06896551724138,766
colocated,False,-2.0,116,56,48.275862068965516,766
colocated,False,0.0,116,71,61.206896551724135,766
colocated,False,1.0,116,84,72.41379310344827,766
colocated,False,2.0,116,83,71.55172413793103,766
colocated,False,3.0,116,63,54.310344827586206,766
colocated,False,4.0,116,77,66.37931034482759,766
colocated,False,5.0,116,81,69.82758620689656,766
separated,False,-4.0,116,60,51.724137931034484,766
separated,False,-2.0,116,68,58.620689655172406,766
separated,False,0.0,116,79,68.10344827586206,766
separated,False,1.0,116,89,76.72413793103449,766
separated,False,2.0,116,75,64.65517241379311,766
separated,False,3.0,116,60,51.724137931034484,766
separated,False,4.0,116,80,68.96551724137932,766
separated,False,5.0,116,75,64.65517241379311,766
single_speaker,False,-4.0,116,88,75.86206896551724,766
single_speaker,False,-2.0,116,85,73.27586206896551,766
single_speaker,False,0.0,116,83,71.55172413793103,766
single_speaker,False,1.0,116,94,81.03448275862068,766
single_speaker,False,2.0,116,109,93.96551724137932,766
single_speaker,False,3.0,116,88,75.86206896551724,766
single_speaker,False,4.0,116,92,79.3103448275862,766
single_speaker,False,5.0,116,87,75.0,766
colocated,False,-4.0,116,73,62.93103448275862,767
colocated,False,-2.0,116,64,55.172413793103445,767
colocated,False,0.0,116,75,64.65517241379311,767
colocated,False,1.0,116,71,61.206896551724135,767
colocated,False,2.0,116,84,72.41379310344827,767
colocated,False,3.0,116,70,60.3448275862069,767
colocated,False,4.0,116,73,62.93103448275862,767
colocated,False,5.0,116,74,63.793103448275865,767
separated,False,-4.0,116,61,52.58620689655172,767
separated,False,-2.0,116,73,62.93103448275862,767
separated,False,0.0,116,84,72.41379310344827,767
separated,False,1.0,116,88,75.86206896551724,767
separated,False,2.0,116,74,63.793103448275865,767
separated,False,3.0,116,72,62.06896551724138,767
separated,False,4.0,116,77,66.37931034482759,767
separated,False,5.0,116,72,62.06896551724138,767
single_speaker,False,-4.0,116,88,75.86206896551724,767
single_speaker,False,-2.0,116,77,66.37931034482759,767
single_speaker,False,0.0,116,88,75.86206896551724,767
single_speaker,False,1.0,116,93,80.17241379310344,767
single_speaker,False,2.0,116,92,79.3103448275862,767
single_speaker,False,3.0,116,85,73.27586206896551,767
single_speaker,False,4.0,116,92,79.3103448275862,767
single_speaker,False,5.0,116,83,71.55172413793103,767
colocated,False,-4.0,116,61,52.58620689655172,768
colocated,False,-2.0,116,58,50.0,768
colocated,False,0.0,116,78,67.24137931034483,768
colocated,False,1.0,116,78,67.24137931034483,768
colocated,False,2.0,116,87,75.0,768
colocated,False,3.0,116,67,57.758620689655174,768
colocated,False,4.0,116,80,68.96551724137932,768
colocated,False,5.0,116,83,71.55172413793103,768
separated,False,-4.0,116,64,55.172413793103445,768
separated,False,-2.0,116,80,68.96551724137932,768
separated,False,0.0,116,83,71.55172413793103,768
separated,False,1.0,116,90,77.58620689655173,768
separated,False,2.0,116,80,68.96551724137932,768
separated,False,3.0,116,73,62.93103448275862,768
separated,False,4.0,116,85,73.27586206896551,768
separated,False,5.0,116,83,71.55172413793103,768
single_speaker,False,-4.0,116,89,76.72413793103449,768
single_speaker,False,-2.0,116,74,63.793103448275865,768
single_speaker,False,0.0,116,89,76.72413793103449,768
single_speaker,False,1.0,116,88,75.86206896551724,768
single_speaker,False,2.0,116,96,82.75862068965517,768
single_speaker,False,3.0,116,80,68.96551724137932,768
single_speaker,False,4.0,116,105,90.51724137931035,768
single_speaker,False,5.0,116,89,76.72413793103449,768
colocated,False,-4.0,116,73,62.93103448275862,769
colocated,False,-2.0,116,59,50.86206896551724,769
colocated,False,0.0,116,69,59.48275862068966,769
colocated,False,1.0,116,71,61.206896551724135,769
colocated,False,2.0,116,85,73.27586206896551,769
colocated,False,3.0,116,61,52.58620689655172,769
colocated,False,4.0,116,73,62.93103448275862,769
colocated,False,5.0,116,80,68.96551724137932,769
separated,False,-4.0,116,61,52.58620689655172,769
separated,False,-2.0,116,78,67.24137931034483,769
separated,False,0.0,116,75,64.65517241379311,769
separated,False,1.0,116,91,78.44827586206897,769
separated,False,2.0,116,73,62.93103448275862,769
separated,False,3.0,116,70,60.3448275862069,769
separated,False,4.0,116,75,64.65517241379311,769
separated,False,5.0,116,83,71.55172413793103,769
single_speaker,False,-4.0,116,93,80.17241379310344,769
single_speaker,False,-2.0,116,73,62.93103448275862,769
single_speaker,False,0.0,116,82,70.6896551724138,769
single_speaker,False,1.0,116,93,80.17241379310344,769
single_speaker,False,2.0,116,101,87.06896551724138,769
single_speaker,False,3.0,116,91,78.44827586206897,769
single_speaker,False,4.0,116,94,81.03448275862068,769
single_speaker,False,5.0,116,86,74.13793103448276,769
colocated,False,-4.0,116,58,50.0,770
colocated,False,-2.0,116,70,60.3448275862069,770
colocated,False,0.0,116,90,77.58620689655173,770
colocated,False,1.0,116,76,65.51724137931035,770
colocated,False,2.0,116,81,69.82758620689656,770
colocated,False,3.0,116,69,59.48275862068966,770
colocated,False,4.0,116,82,70.6896551724138,770
colocated,False,5.0,116,82,70.6896551724138,770
separated,False,-4.0,116,58,50.0,770
separated,False,-2.0,116,81,69.82758620689656,770
separated,False,0.0,116,83,71.55172413793103,770
separated,False,1.0,116,94,81.03448275862068,770
separated,False,2.0,116,77,66.37931034482759,770
separated,False,3.0,116,76,65.51724137931035,770
separated,False,4.0,116,79,68.10344827586206,770
separated,False,5.0,116,78,67.24137931034483,770
single_speaker,False,-4.0,116,78,67.24137931034483,770
single_speaker,False,-2.0,116,80,68.96551724137932,770
single_speaker,False,0.0,116,86,74.13793103448276,770
single_speaker,False,1.0,116,102,87.93103448275862,770
single_speaker,False,2.0,116,102,87.93103448275862,770
single_speaker,False,3.0,116,76,65.51724137931035,770
single_speaker,False,4.0,116,95,81.89655172413794,770
single_speaker,False,5.0,116,91,78.44827586206897,770
colocated,False,-4.0,116,74,63.793103448275865,771
colocated,False,-2.0,116,64,55.172413793103445,771
colocated,False,0.0,116,69,59.48275862068966,771
colocated,False,1.0,116,82,70.6896551724138,771
colocated,False,2.0,116,86,74.13793103448276,771
colocated,False,3.0,116,69,59.48275862068966,771
colocated,False,4.0,116,84,72.41379310344827,771
colocated,False,5.0,116,67,57.758620689655174,771
separated,False,-4.0,116,60,51.724137931034484,771
separated,False,-2.0,116,69,59.48275862068966,771
separated,False,0.0,116,81,69.82758620689656,771
separated,False,1.0,116,99,85.34482758620689,771
separated,False,2.0,116,76,65.51724137931035,771
separated,False,3.0,116,74,63.793103448275865,771
separated,False,4.0,116,81,69.82758620689656,771
separated,False,5.0,116,69,59.48275862068966,771
single_speaker,False,-4.0,116,85,73.27586206896551,771
single_speaker,False,-2.0,116,81,69.82758620689656,771
single_speaker,False,0.0,116,85,73.27586206896551,771
single_speaker,False,1.0,116,97,83.62068965517241,771
single_speaker,False,2.0,116,95,81.89655172413794,771
single_speaker,False,3.0,116,87,75.0,771
single_speaker,False,4.0,116,88,75.86206896551724,771
single_speaker,False,5.0,116,85,73.27586206896551,771
colocated,False,-4.0,116,67,57.758620689655174,772
colocated,False,-2.0,116,67,57.758620689655174,772
colocated,False,0.0,116,73,62.93103448275862,772
colocated,False,1.0,116,79,68.10344827586206,772
colocated,False,2.0,116,82,70.6896551724138,772
colocated,False,3.0,116,63,54.310344827586206,772
colocated,False,4.0,116,74,63.793103448275865,772
colocated,False,5.0,116,79,68.10344827586206,772
separated,False,-4.0,116,59,50.86206896551724,772
separated,False,-2.0,116,66,56.896551724137936,772
separated,False,0.0,116,69,59.48275862068966,772
separated,False,1.0,116,95,81.89655172413794,772
separated,False,2.0,116,77,66.37931034482759,772
separated,False,3.0,116,66,56.896551724137936,772
separated,False,4.0,116,80,68.96551724137932,772
separated,False,5.0,116,67,57.758620689655174,772
single_speaker,False,-4.0,116,81,69.82758620689656,772
single_speaker,False,-2.0,116,69,59.48275862068966,772
single_speaker,False,0.0,116,85,73.27586206896551,772
single_speaker,False,1.0,116,93,80.17241379310344,772
single_speaker,False,2.0,116,103,88.79310344827587,772
single_speaker,False,3.0,116,83,71.55172413793103,772
single_speaker,False,4.0,116,93,80.17241379310344,772
single_speaker,False,5.0,116,72,62.06896551724138,772
colocated,False,-4.0,116,61,52.58620689655172,773
colocated,False,-2.0,116,64,55.172413793103445,773
colocated,False,0.0,116,77,66.37931034482759,773
colocated,False,1.0,116,73,62.93103448275862,773
colocated,False,2.0,116,83,71.55172413793103,773
colocated,False,3.0,116,68,58.620689655172406,773
colocated,False,4.0,116,80,68.96551724137932,773
colocated,False,5.0,116,73,62.93103448275862,773
separated,False,-4.0,116,69,59.48275862068966,773
separated,False,-2.0,116,69,59.48275862068966,773
separated,False,0.0,116,79,68.10344827586206,773
separated,False,1.0,116,97,83.62068965517241,773
separated,False,2.0,116,75,64.65517241379311,773
separated,False,3.0,116,69,59.48275862068966,773
separated,False,4.0,116,89,76.72413793103449,773
separated,False,5.0,116,81,69.82758620689656,773
single_speaker,False,-4.0,116,82,70.6896551724138,773
single_speaker,False,-2.0,116,79,68.10344827586206,773
single_speaker,False,0.0,116,91,78.44827586206897,773
single_speaker,False,1.0,116,92,79.3103448275862,773
single_speaker,False,2.0,116,96,82.75862068965517,773
single_speaker,False,3.0,116,84,72.41379310344827,773
single_speaker,False,4.0,116,95,81.89655172413794,773
single_speaker,False,5.0,116,91,78.44827586206897,773
colocated,False,-4.0,116,61,52.58620689655172,774
colocated,False,-2.0,116,70,60.3448275862069,774
colocated,False,0.0,116,71,61.206896551724135,774
colocated,False,1.0,116,81,69.82758620689656,774
colocated,False,2.0,116,84,72.41379310344827,774
colocated,False,3.0,116,58,50.0,774
colocated,False,4.0,116,83,71.55172413793103,774
colocated,False,5.0,116,81,69.82758620689656,774
separated,False,-4.0,116,60,51.724137931034484,774
separated,False,-2.0,116,72,62.06896551724138,774
separated,False,0.0,116,77,66.37931034482759,774
separated,False,1.0,116,96,82.75862068965517,774
separated,False,2.0,116,83,71.55172413793103,774
separated,False,3.0,116,69,59.48275862068966,774
separated,False,4.0,116,90,77.58620689655173,774
separated,False,5.0,116,70,60.3448275862069,774
single_speaker,False,-4.0,116,88,75.86206896551724,774
single_speaker,False,-2.0,116,77,66.37931034482759,774
single_speaker,False,0.0,116,75,64.65517241379311,774
single_speaker,False,1.0,116,89,76.72413793103449,774
single_speaker,False,2.0,116,98,84.48275862068965,774
single_speaker,False,3.0,116,80,68.96551724137932,774
single_speaker,False,4.0,116,97,83.62068965517241,774
single_speaker,False,5.0,116,84,72.41379310344827,774
colocated,False,-4.0,116,67,57.758620689655174,775
colocated,False,-2.0,116,65,56.03448275862068,775
colocated,False,0.0,116,78,67.24137931034483,775
colocated,False,1.0,116,77,66.37931034482759,775
colocated,False,2.0,116,92,79.3103448275862,775
colocated,False,3.0,116,73,62.93103448275862,775
colocated,False,4.0,116,78,67.24137931034483,775
colocated,False,5.0,116,82,70.6896551724138,775
separated,False,-4.0,116,63,54.310344827586206,775
separated,False,-2.0,116,83,71.55172413793103,775
separated,False,0.0,116,76,65.51724137931035,775
separated,False,1.0,116,97,83.62068965517241,775
separated,False,2.0,116,72,62.06896551724138,775
separated,False,3.0,116,75,64.65517241379311,775
separated,False,4.0,116,89,76.72413793103449,775
separated,False,5.0,116,83,71.55172413793103,775
single_speaker,False,-4.0,116,87,75.0,775
single_speaker,False,-2.0,116,74,63.793103448275865,775
single_speaker,False,0.0,116,85,73.27586206896551,775
single_speaker,False,1.0,116,96,82.75862068965517,775
single_speaker,False,2.0,116,102,87.93103448275862,775
single_speaker,False,3.0,116,87,75.0,775
single_speaker,False,4.0,116,97,83.62068965517241,775
single_speaker,False,5.0,116,82,70.6896551724138,775
colocated,False,-4.0,116,65,56.03448275862068,776
colocated,False,-2.0,116,72,62.06896551724138,776
colocated,False,0.0,116,69,59.48275862068966,776
colocated,False,1.0,116,79,68.10344827586206,776
colocated,False,2.0,116,87,75.0,776
colocated,False,3.0,116,62,53.44827586206896,776
colocated,False,4.0,116,84,72.41379310344827,776
colocated,False,5.0,116,71,61.206896551724135,776
separated,False,-4.0,116,59,50.86206896551724,776
separated,False,-2.0,116,69,59.48275862068966,776
separated,False,0.0,116,74,63.793103448275865,776
separated,False,1.0,116,96,82.75862068965517,776
separated,False,2.0,116,82,70.6896551724138,776
separated,False,3.0,116,65,56.03448275862068,776
separated,False,4.0,116,81,69.82758620689656,776
separated,False,5.0,116,78,67.24137931034483,776
single_speaker,False,-4.0,116,92,79.3103448275862,776
single_speaker,False,-2.0,116,80,68.96551724137932,776
single_speaker,False,0.0,116,85,73.27586206896551,776
single_speaker,False,1.0,116,93,80.17241379310344,776
single_speaker,False,2.0,116,95,81.89655172413794,776
single_speaker,False,3.0,116,78,67.24137931034483,776
single_speaker,False,4.0,116,101,87.06896551724138,776
single_speaker,False,5.0,116,77,66.37931034482759,776
colocated,False,-4.0,116,76,65.51724137931035,777
colocated,False,-2.0,116,64,55.172413793103445,777
colocated,False,0.0,116,75,64.65517241379311,777
colocated,False,1.0,116,75,64.65517241379311,777
colocated,False,2.0,116,80,68.96551724137932,777
colocated,False,3.0,116,67,57.758620689655174,777
colocated,False,4.0,116,64,55.172413793103445,777
colocated,False,5.0,116,80,68.96551724137932,777
separated,False,-4.0,116,56,48.275862068965516,777
separated,False,-2.0,116,80,68.96551724137932,777
separated,False,0.0,116,80,68.96551724137932,777
separated,False,1.0,116,92,79.3103448275862,777
separated,False,2.0,116,70,60.3448275862069,777
separated,False,3.0,116,63,54.310344827586206,777
separated,False,4.0,116,90,77.58620689655173,777
separated,False,5.0,116,76,65.51724137931035,777
single_speaker,False,-4.0,116,86,74.13793103448276,777
single_speaker,False,-2.0,116,86,74.13793103448276,777
single_speaker,False,0.0,116,85,73.27586206896551,777
single_speaker,False,1.0,116,99,85.34482758620689,777
single_speaker,False,2.0,116,103,88.79310344827587,777
single_speaker,False,3.0,116,88,75.86206896551724,777
single_speaker,False,4.0,116,95,81.89655172413794,777
single_speaker,False,5.0,116,87,75.0,777
colocated,False,-4.0,116,63,54.310344827586206,778
colocated,False,-2.0,116,70,60.3448275862069,778
colocated,False,0.0,116,76,65.51724137931035,778
colocated,False,1.0,116,72,62.06896551724138,778
colocated,False,2.0,116,86,74.13793103448276,778
colocated,False,3.0,116,72,62.06896551724138,778
colocated,False,4.0,116,75,64.65517241379311,778
colocated,False,5.0,116,76,65.51724137931035,778
separated,False,-4.0,116,60,51.724137931034484,778
separated,False,-2.0,116,72,62.06896551724138,778
separated,False,0.0,116,81,69.82758620689656,778
separated,False,1.0,116,100,86.20689655172413,778
separated,False,2.0,116,79,68.10344827586206,778
separated,False,3.0,116,75,64.65517241379311,778
separated,False,4.0,116,76,65.51724137931035,778
separated,False,5.0,116,75,64.65517241379311,778
single_speaker,False,-4.0,116,86,74.13793103448276,778
single_speaker,False,-2.0,116,83,71.55172413793103,778
single_speaker,False,0.0,116,92,79.3103448275862,778
single_speaker,False,1.0,116,93,80.17241379310344,778
single_speaker,False,2.0,116,105,90.51724137931035,778
single_speaker,False,3.0,116,82,70.6896551724138,778
single_speaker,False,4.0,116,91,78.44827586206897,778
single_speaker,False,5.0,116,80,68.96551724137932,778
colocated,False,-4.0,116,78,67.24137931034483,779
colocated,False,-2.0,116,64,55.172413793103445,779
colocated,False,0.0,116,71,61.206896551724135,779
colocated,False,1.0,116,83,71.55172413793103,779
colocated,False,2.0,116,88,75.86206896551724,779
colocated,False,3.0,116,68,58.620689655172406,779
colocated,False,4.0,116,71,61.206896551724135,779
colocated,False,5.0,116,78,67.24137931034483,779
separated,False,-4.0,116,62,53.44827586206896,779
separated,False,-2.0,116,80,68.96551724137932,779
separated,False,0.0,116,83,71.55172413793103,779
separated,False,1.0,116,90,77.58620689655173,779
separated,False,2.0,116,74,63.793103448275865,779
separated,False,3.0,116,70,60.3448275862069,779
separated,False,4.0,116,77,66.37931034482759,779
separated,False,5.0,116,76,65.51724137931035,779
single_speaker,False,-4.0,116,82,70.6896551724138,779
single_speaker,False,-2.0,116,79,68.10344827586206,779
single_speaker,False,0.0,116,84,72.41379310344827,779
single_speaker,False,1.0,116,85,73.27586206896551,779
single_speaker,False,2.0,116,105,90.51724137931035,779
single_speaker,False,3.0,116,80,68.96551724137932,779
single_speaker,False,4.0,116,84,72.41379310344827,779
single_speaker,False,5.0,116,77,66.37931034482759,779
colocated,False,-4.0,116,64,55.172413793103445,780
colocated,False,-2.0,116,67,57.758620689655174,780
colocated,False,0.0,116,76,65.51724137931035,780
colocated,False,1.0,116,82,70.6896551724138,780
colocated,False,2.0,116,77,66.37931034482759,780
colocated,False,3.0,116,68,58.620689655172406,780
colocated,False,4.0,116,84,72.41379310344827,780
colocated,False,5.0,116,72,62.06896551724138,780
separated,False,-4.0,116,64,55.172413793103445,780
separated,False,-2.0,116,75,64.65517241379311,780
separated,False,0.0,116,83,71.55172413793103,780
separated,False,1.0,116,102,87.93103448275862,780
separated,False,2.0,116,71,61.206896551724135,780
separated,False,3.0,116,61,52.58620689655172,780
separated,False,4.0,116,81,69.82758620689656,780
separated,False,5.0,116,83,71.55172413793103,780
single_speaker,False,-4.0,116,84,72.41379310344827,780
single_speaker,False,-2.0,116,87,75.0,780
single_speaker,False,0.0,116,86,74.13793103448276,780
single_speaker,False,1.0,116,95,81.89655172413794,780
single_speaker,False,2.0,116,106,91.37931034482759,780
single_speaker,False,3.0,116,87,75.0,780
single_speaker,False,4.0,116,97,83.62068965517241,780
single_speaker,False,5.0,116,89,76.72413793103449,780
colocated,False,-4.0,116,64,55.172413793103445,781
colocated,False,-2.0,116,62,53.44827586206896,781
colocated,False,0.0,116,76,65.51724137931035,781
colocated,False,1.0,116,76,65.51724137931035,781
colocated,False,2.0,116,90,77.58620689655173,781
colocated,False,3.0,116,69,59.48275862068966,781
colocated,False,4.0,116,85,73.27586206896551,781
colocated,False,5.0,116,75,64.65517241379311,781
separated,False,-4.0,116,67,57.758620689655174,781
separated,False,-2.0,116,67,57.758620689655174,781
separated,False,0.0,116,79,68.10344827586206,781
separated,False,1.0,116,95,81.89655172413794,781
separated,False,2.0,116,87,75.0,781
separated,False,3.0,116,75,64.65517241379311,781
separated,False,4.0,116,79,68.10344827586206,781
separated,False,5.0,116,82,70.6896551724138,781
single_speaker,False,-4.0,116,91,78.44827586206897,781
single_speaker,False,-2.0,116,75,64.65517241379311,781
single_speaker,False,0.0,116,86,74.13793103448276,781
single_speaker,False,1.0,116,91,78.44827586206897,781
single_speaker,False,2.0,116,94,81.03448275862068,781
single_speaker,False,3.0,116,82,70.6896551724138,781
single_speaker,False,4.0,116,87,75.0,781
single_speaker,False,5.0,116,90,77.58620689655173,781
colocated,False,-4.0,116,58,50.0,782
colocated,False,-2.0,116,71,61.206896551724135,782
colocated,False,0.0,116,76,65.51724137931035,782
colocated,False,1.0,116,82,70.6896551724138,782
colocated,False,2.0,116,87,75.0,782
colocated,False,3.0,116,72,62.06896551724138,782
colocated,False,4.0,116,69,59.48275862068966,782
colocated,False,5.0,116,86,74.13793103448276,782
separated,False,-4.0,116,64,55.172413793103445,782
separated,False,-2.0,116,67,57.758620689655174,782
separated,False,0.0,116,70,60.3448275862069,782
separated,False,1.0,116,94,81.03448275862068,782
separated,False,2.0,116,74,63.793103448275865,782
separated,False,3.0,116,72,62.06896551724138,782
separated,False,4.0,116,90,77.58620689655173,782
separated,False,5.0,116,77,66.37931034482759,782
single_speaker,False,-4.0,116,85,73.27586206896551,782
single_speaker,False,-2.0,116,82,70.6896551724138,782
single_speaker,False,0.0,116,74,63.793103448275865,782
single_speaker,False,1.0,116,90,77.58620689655173,782
single_speaker,False,2.0,116,101,87.06896551724138,782
single_speaker,False,3.0,116,80,68.96551724137932,782
single_speaker,False,4.0,116,93,80.17241379310344,782
single_speaker,False,5.0,116,78,67.24137931034483,782
colocated,False,-4.0,116,55,47.41379310344828,783
colocated,False,-2.0,116,60,51.724137931034484,783
colocated,False,0.0,116,73,62.93103448275862,783
colocated,False,1.0,116,73,62.93103448275862,783
colocated,False,2.0,116,89,76.72413793103449,783
colocated,False,3.0,116,57,49.137931034482754,783
colocated,False,4.0,116,84,72.41379310344827,783
colocated,False,5.0,116,86,74.13793103448276,783
separated,False,-4.0,116,63,54.310344827586206,783
separated,False,-2.0,116,77,66.37931034482759,783
separated,False,0.0,116,84,72.41379310344827,783
separated,False,1.0,116,94,81.03448275862068,783
separated,False,2.0,116,78,67.24137931034483,783
separated,False,3.0,116,67,57.758620689655174,783
separated,False,4.0,116,74,63.793103448275865,783
separated,False,5.0,116,67,57.758620689655174,783
single_speaker,False,-4.0,116,84,72.41379310344827,783
single_speaker,False,-2.0,116,80,68.96551724137932,783
single_speaker,False,0.0,116,90,77.58620689655173,783
single_speaker,False,1.0,116,94,81.03448275862068,783
single_speaker,False,2.0,116,105,90.51724137931035,783
single_speaker,False,3.0,116,86,74.13793103448276,783
single_speaker,False,4.0,116,94,81.03448275862068,783
single_speaker,False,5.0,116,89,76.72413793103449,783
colocated,False,-4.0,116,78,67.24137931034483,784
colocated,False,-2.0,116,66,56.896551724137936,784
colocated,False,0.0,116,74,63.793103448275865,784
colocated,False,1.0,116,88,75.86206896551724,784
colocated,False,2.0,116,90,77.58620689655173,784
colocated,False,3.0,116,62,53.44827586206896,784
colocated,False,4.0,116,74,63.793103448275865,784
colocated,False,5.0,116,85,73.27586206896551,784
separated,False,-4.0,116,61,52.58620689655172,784
separated,False,-2.0,116,63,54.310344827586206,784
separated,False,0.0,116,76,65.51724137931035,784
separated,False,1.0,116,87,75.0,784
separated,False,2.0,116,78,67.24137931034483,784
separated,False,3.0,116,63,54.310344827586206,784
separated,False,4.0,116,85,73.27586206896551,784
separated,False,5.0,116,73,62.93103448275862,784
single_speaker,False,-4.0,116,89,76.72413793103449,784
single_speaker,False,-2.0,116,86,74.13793103448276,784
single_speaker,False,0.0,116,96,82.75862068965517,784
single_speaker,False,1.0,116,93,80.17241379310344,784
single_speaker,False,2.0,116,104,89.65517241379311,784
single_speaker,False,3.0,116,85,73.27586206896551,784
single_speaker,False,4.0,116,95,81.89655172413794,784
single_speaker,False,5.0,116,84,72.41379310344827,784
colocated,False,-4.0,116,71,61.206896551724135,785
colocated,False,-2.0,116,77,66.37931034482759,785
colocated,False,0.0,116,75,64.65517241379311,785
colocated,False,1.0,116,72,62.06896551724138,785
colocated,False,2.0,116,89,76.72413793103449,785
colocated,False,3.0,116,68,58.620689655172406,785
colocated,False,4.0,116,71,61.206896551724135,785
colocated,False,5.0,116,81,69.82758620689656,785
separated,False,-4.0,116,71,61.206896551724135,785
separated,False,-2.0,116,80,68.96551724137932,785
separated,False,0.0,116,70,60.3448275862069,785
separated,False,1.0,116,94,81.03448275862068,785
separated,False,2.0,116,77,66.37931034482759,785
separated,False,3.0,116,73,62.93103448275862,785
separated,False,4.0,116,87,75.0,785
separated,False,5.0,116,78,67.24137931034483,785
single_speaker,False,-4.0,116,87,75.0,785
single_speaker,False,-2.0,116,81,69.82758620689656,785
single_speaker,False,0.0,116,83,71.55172413793103,785
single_speaker,False,1.0,116,92,79.3103448275862,785
single_speaker,False,2.0,116,107,92.24137931034483,785
single_speaker,False,3.0,116,85,73.27586206896551,785
single_speaker,False,4.0,116,84,72.41379310344827,785
single_speaker,False,5.0,116,85,73.27586206896551,785
colocated,False,-4.0,116,65,56.03448275862068,786
colocated,False,-2.0,116,59,50.86206896551724,786
colocated,False,0.0,116,70,60.3448275862069,786
colocated,False,1.0,116,78,67.24137931034483,786
colocated,False,2.0,116,85,73.27586206896551,786
colocated,False,3.0,116,61,52.58620689655172,786
colocated,False,4.0,116,61,52.58620689655172,786
colocated,False,5.0,116,80,68.96551724137932,786
separated,False,-4.0,116,61,52.58620689655172,786
separated,False,-2.0,116,74,63.793103448275865,786
separated,False,0.0,116,71,61.206896551724135,786
separated,False,1.0,116,98,84.48275862068965,786
separated,False,2.0,116,78,67.24137931034483,786
separated,False,3.0,116,66,56.896551724137936,786
separated,False,4.0,116,88,75.86206896551724,786
separated,False,5.0,116,74,63.793103448275865,786
single_speaker,False,-4.0,116,79,68.10344827586206,786
single_speaker,False,-2.0,116,83,71.55172413793103,786
single_speaker,False,0.0,116,77,66.37931034482759,786
single_speaker,False,1.0,116,89,76.72413793103449,786
single_speaker,False,2.0,116,100,86.20689655172413,786
single_speaker,False,3.0,116,82,70.6896551724138,786
single_speaker,False,4.0,116,84,72.41379310344827,786
single_speaker,False,5.0,116,81,69.82758620689656,786
colocated,False,-4.0,116,62,53.44827586206896,787
colocated,False,-2.0,116,61,52.58620689655172,787
colocated,False,0.0,116,65,56.03448275862068,787
colocated,False,1.0,116,79,68.10344827586206,787
colocated,False,2.0,116,86,74.13793103448276,787
colocated,False,3.0,116,59,50.86206896551724,787
colocated,False,4.0,116,82,70.6896551724138,787
colocated,False,5.0,116,77,66.37931034482759,787
separated,False,-4.0,116,54,46.55172413793103,787
separated,False,-2.0,116,70,60.3448275862069,787
separated,False,0.0,116,78,67.24137931034483,787
separated,False,1.0,116,87,75.0,787
separated,False,2.0,116,69,59.48275862068966,787
separated,False,3.0,116,77,66.37931034482759,787
separated,False,4.0,116,79,68.10344827586206,787
separated,False,5.0,116,77,66.37931034482759,787
single_speaker,False,-4.0,116,92,79.3103448275862,787
single_speaker,False,-2.0,116,79,68.10344827586206,787
single_speaker,False,0.0,116,95,81.89655172413794,787
single_speaker,False,1.0,116,96,82.75862068965517,787
single_speaker,False,2.0,116,95,81.89655172413794,787
single_speaker,False,3.0,116,83,71.55172413793103,787
single_speaker,False,4.0,116,97,83.62068965517241,787
single_speaker,False,5.0,116,87,75.0,787
colocated,False,-4.0,116,78,67.24137931034483,788
colocated,False,-2.0,116,73,62.93103448275862,788
colocated,False,0.0,116,65,56.03448275862068,788
colocated,False,1.0,116,76,65.51724137931035,788
colocated,False,2.0,116,88,75.86206896551724,788
colocated,False,3.0,116,66,56.896551724137936,788
colocated,False,4.0,116,79,68.10344827586206,788
colocated,False,5.0,116,81,69.82758620689656,788
separated,False,-4.0,116,64,55.172413793103445,788
separated,False,-2.0,116,72,62.06896551724138,788
separated,False,0.0,116,85,73.27586206896551,788
separated,False,1.0,116,88,75.86206896551724,788
separated,False,2.0,116,76,65.51724137931035,788
separated,False,3.0,116,67,57.758620689655174,788
separated,False,4.0,116,84,72.41379310344827,788
separated,False,5.0,116,82,70.6896551724138,788
single_speaker,False,-4.0,116,90,77.58620689655173,788
single_speaker,False,-2.0,116,82,70.6896551724138,788
single_speaker,False,0.0,116,76,65.51724137931035,788
single_speaker,False,1.0,116,100,86.20689655172413,788
single_speaker,False,2.0,116,101,87.06896551724138,788
single_speaker,False,3.0,116,79,68.10344827586206,788
single_speaker,False,4.0,116,88,75.86206896551724,788
single_speaker,False,5.0,116,80,68.96551724137932,788
colocated,False,-4.0,116,64,55.172413793103445,789
colocated,False,-2.0,116,66,56.896551724137936,789
colocated,False,0.0,116,67,57.758620689655174,789
colocated,False,1.0,116,80,68.96551724137932,789
colocated,False,2.0,116,86,74.13793103448276,789
colocated,False,3.0,116,71,61.206896551724135,789
colocated,False,4.0,116,80,68.96551724137932,789
colocated,False,5.0,116,86,74.13793103448276,789
separated,False,-4.0,116,65,56.03448275862068,789
separated,False,-2.0,116,82,70.6896551724138,789
separated,False,0.0,116,75,64.65517241379311,789
separated,False,1.0,116,93,80.17241379310344,789
separated,False,2.0,116,72,62.06896551724138,789
separated,False,3.0,116,61,52.58620689655172,789
separated,False,4.0,116,82,70.6896551724138,789
separated,False,5.0,116,74,63.793103448275865,789
single_speaker,False,-4.0,116,85,73.27586206896551,789
single_speaker,False,-2.0,116,83,71.55172413793103,789
single_speaker,False,0.0,116,93,80.17241379310344,789
single_speaker,False,1.0,116,93,80.17241379310344,789
single_speaker,False,2.0,116,100,86.20689655172413,789
single_speaker,False,3.0,116,92,79.3103448275862,789
single_speaker,False,4.0,116,99,85.34482758620689,789
single_speaker,False,5.0,116,87,75.0,789
colocated,False,-4.0,116,66,56.896551724137936,790
colocated,False,-2.0,116,57,49.137931034482754,790
colocated,False,0.0,116,75,64.65517241379311,790
colocated,False,1.0,116,78,67.24137931034483,790
colocated,False,2.0,116,86,74.13793103448276,790
colocated,False,3.0,116,63,54.310344827586206,790
colocated,False,4.0,116,81,69.82758620689656,790
colocated,False,5.0,116,75,64.65517241379311,790
separated,False,-4.0,116,62,53.44827586206896,790
separated,False,-2.0,116,75,64.65517241379311,790
separated,False,0.0,116,72,62.06896551724138,790
separated,False,1.0,116,96,82.75862068965517,790
separated,False,2.0,116,79,68.10344827586206,790
separated,False,3.0,116,57,49.137931034482754,790
separated,False,4.0,116,86,74.13793103448276,790
separated,False,5.0,116,72,62.06896551724138,790
single_speaker,False,-4.0,116,88,75.86206896551724,790
single_speaker,False,-2.0,116,81,69.82758620689656,790
single_speaker,False,0.0,116,85,73.27586206896551,790
single_speaker,False,1.0,116,95,81.89655172413794,790
single_speaker,False,2.0,116,93,80.17241379310344,790
single_speaker,False,3.0,116,80,68.96551724137932,790
single_speaker,False,4.0,116,92,79.3103448275862,790
single_speaker,False,5.0,116,85,73.27586206896551,790
colocated,False,-4.0,116,62,53.44827586206896,791
colocated,False,-2.0,116,62,53.44827586206896,791
colocated,False,0.0,116,81,69.82758620689656,791
colocated,False,1.0,116,79,68.10344827586206,791
colocated,False,2.0,116,94,81.03448275862068,791
colocated,False,3.0,116,74,63.793103448275865,791
colocated,False,4.0,116,77,66.37931034482759,791
colocated,False,5.0,116,88,75.86206896551724,791
separated,False,-4.0,116,57,49.137931034482754,791
separated,False,-2.0,116,68,58.620689655172406,791
separated,False,0.0,116,79,68.10344827586206,791
separated,False,1.0,116,89,76.72413793103449,791
separated,False,2.0,116,73,62.93103448275862,791
separated,False,3.0,116,71,61.206896551724135,791
separated,False,4.0,116,79,68.10344827586206,791
separated,False,5.0,116,78,67.24137931034483,791
single_speaker,False,-4.0,116,82,70.6896551724138,791
single_speaker,False,-2.0,116,74,63.793103448275865,791
single_speaker,False,0.0,116,89,76.72413793103449,791
single_speaker,False,1.0,116,100,86.20689655172413,791
single_speaker,False,2.0,116,101,87.06896551724138,791
single_speaker,False,3.0,116,83,71.55172413793103,791
single_speaker,False,4.0,116,95,81.89655172413794,791
single_speaker,False,5.0,116,91,78.44827586206897,791
colocated,False,-4.0,116,63,54.310344827586206,792
colocated,False,-2.0,116,56,48.275862068965516,792
colocated,False,0.0,116,74,63.793103448275865,792
colocated,False,1.0,116,82,70.6896551724138,792
colocated,False,2.0,116,86,74.13793103448276,792
colocated,False,3.0,116,63,54.310344827586206,792
colocated,False,4.0,116,77,66.37931034482759,792
colocated,False,5.0,116,78,67.24137931034483,792
separated,False,-4.0,116,58,50.0,792
separated,False,-2.0,116,67,57.758620689655174,792
separated,False,0.0,116,81,69.82758620689656,792
separated,False,1.0,116,93,80.17241379310344,792
separated,False,2.0,116,83,71.55172413793103,792
separated,False,3.0,116,71,61.206896551724135,792
separated,False,4.0,116,85,73.27586206896551,792
separated,False,5.0,116,77,66.37931034482759,792
single_speaker,False,-4.0,116,84,72.41379310344827,792
single_speaker,False,-2.0,116,79,68.10344827586206,792
single_speaker,False,0.0,116,82,70.6896551724138,792
single_speaker,False,1.0,116,98,84.48275862068965,792
single_speaker,False,2.0,116,101,87.06896551724138,792
single_speaker,False,3.0,116,80,68.96551724137932,792
single_speaker,False,4.0,116,96,82.75862068965517,792
single_speaker,False,5.0,116,89,76.72413793103449,792
colocated,False,-4.0,116,61,52.58620689655172,793
colocated,False,-2.0,116,58,50.0,793
colocated,False,0.0,116,75,64.65517241379311,793
colocated,False,1.0,116,71,61.206896551724135,793
colocated,False,2.0,116,89,76.72413793103449,793
colocated,False,3.0,116,67,57.758620689655174,793
colocated,False,4.0,116,85,73.27586206896551,793
colocated,False,5.0,116,84,72.41379310344827,793
separated,False,-4.0,116,58,50.0,793
separated,False,-2.0,116,62,53.44827586206896,793
separated,False,0.0,116,73,62.93103448275862,793
separated,False,1.0,116,87,75.0,793
separated,False,2.0,116,69,59.48275862068966,793
separated,False,3.0,116,68,58.620689655172406,793
separated,False,4.0,116,80,68.96551724137932,793
separated,False,5.0,116,71,61.206896551724135,793
single_speaker,False,-4.0,116,89,76.72413793103449,793
single_speaker,False,-2.0,116,73,62.93103448275862,793
single_speaker,False,0.0,116,83,71.55172413793103,793
single_speaker,False,1.0,116,91,78.44827586206897,793
single_speaker,False,2.0,116,101,87.06896551724138,793
single_speaker,False,3.0,116,76,65.51724137931035,793
single_speaker,False,4.0,116,94,81.03448275862068,793
single_speaker,False,5.0,116,82,70.6896551724138,793
colocated,False,-4.0,116,72,62.06896551724138,794
colocated,False,-2.0,116,69,59.48275862068966,794
colocated,False,0.0,116,69,59.48275862068966,794
colocated,False,1.0,116,77,66.37931034482759,794
colocated,False,2.0,116,89,76.72413793103449,794
colocated,False,3.0,116,67,57.758620689655174,794
colocated,False,4.0,116,78,67.24137931034483,794
colocated,False,5.0,116,72,62.06896551724138,794
separated,False,-4.0,116,67,57.758620689655174,794
separated,False,-2.0,116,77,66.37931034482759,794
separated,False,0.0,116,77,66.37931034482759,794
separated,False,1.0,116,95,81.89655172413794,794
separated,False,2.0,116,79,68.10344827586206,794
separated,False,3.0,116,72,62.06896551724138,794
separated,False,4.0,116,82,70.6896551724138,794
separated,False,5.0,116,69,59.48275862068966,794
single_speaker,False,-4.0,116,94,81.03448275862068,794
single_speaker,False,-2.0,116,72,62.06896551724138,794
single_speaker,False,0.0,116,85,73.27586206896551,794
single_speaker,False,1.0,116,99,85.34482758620689,794
single_speaker,False,2.0,116,96,82.75862068965517,794
single_speaker,False,3.0,116,81,69.82758620689656,794
single_speaker,False,4.0,116,98,84.48275862068965,794
single_speaker,False,5.0,116,83,71.55172413793103,794
colocated,False,-4.0,116,75,64.65517241379311,795
colocated,False,-2.0,116,63,54.310344827586206,795
colocated,False,0.0,116,64,55.172413793103445,795
colocated,False,1.0,116,79,68.10344827586206,795
colocated,False,2.0,116,88,75.86206896551724,795
colocated,False,3.0,116,70,60.3448275862069,795
colocated,False,4.0,116,79,68.10344827586206,795
colocated,False,5.0,116,83,71.55172413793103,795
separated,False,-4.0,116,63,54.310344827586206,795
separated,False,-2.0,116,71,61.206896551724135,795
separated,False,0.0,116,80,68.96551724137932,795
separated,False,1.0,116,100,86.20689655172413,795
separated,False,2.0,116,76,65.51724137931035,795
separated,False,3.0,116,65,56.03448275862068,795
separated,False,4.0,116,85,73.27586206896551,795
separated,False,5.0,116,77,66.37931034482759,795
single_speaker,False,-4.0,116,86,74.13793103448276,795
single_speaker,False,-2.0,116,80,68.96551724137932,795
single_speaker,False,0.0,116,90,77.58620689655173,795
single_speaker,False,1.0,116,106,91.37931034482759,795
single_speaker,False,2.0,116,102,87.93103448275862,795
single_speaker,False,3.0,116,89,76.72413793103449,795
single_speaker,False,4.0,116,99,85.34482758620689,795
single_speaker,False,5.0,116,87,75.0,795
colocated,False,-4.0,116,64,55.172413793103445,796
colocated,False,-2.0,116,68,58.620689655172406,796
colocated,False,0.0,116,71,61.206896551724135,796
colocated,False,1.0,116,82,70.6896551724138,796
colocated,False,2.0,116,90,77.58620689655173,796
colocated,False,3.0,116,65,56.03448275862068,796
colocated,False,4.0,116,77,66.37931034482759,796
colocated,False,5.0,116,77,66.37931034482759,796
separated,False,-4.0,116,64,55.172413793103445,796
separated,False,-2.0,116,81,69.82758620689656,796
separated,False,0.0,116,76,65.51724137931035,796
separated,False,1.0,116,94,81.03448275862068,796
separated,False,2.0,116,80,68.96551724137932,796
separated,False,3.0,116,70,60.3448275862069,796
separated,False,4.0,116,86,74.13793103448276,796
separated,False,5.0,116,78,67.24137931034483,796
single_speaker,False,-4.0,116,82,70.6896551724138,796
single_speaker,False,-2.0,116,82,70.6896551724138,796
single_speaker,False,0.0,116,88,75.86206896551724,796
single_speaker,False,1.0,116,90,77.58620689655173,796
single_speaker,False,2.0,116,97,83.62068965517241,796
single_speaker,False,3.0,116,75,64.65517241379311,796
single_speaker,False,4.0,116,91,78.44827586206897,796
single_speaker,False,5.0,116,80,68.96551724137932,796
colocated,False,-4.0,116,67,57.758620689655174,797
colocated,False,-2.0,116,66,56.896551724137936,797
colocated,False,0.0,116,81,69.82758620689656,797
colocated,False,1.0,116,80,68.96551724137932,797
colocated,False,2.0,116,86,74.13793103448276,797
colocated,False,3.0,116,67,57.758620689655174,797
colocated,False,4.0,116,85,73.27586206896551,797
colocated,False,5.0,116,79,68.10344827586206,797
separated,False,-4.0,116,56,48.275862068965516,797
separated,False,-2.0,116,83,71.55172413793103,797
separated,False,0.0,116,72,62.06896551724138,797
separated,False,1.0,116,90,77.58620689655173,797
separated,False,2.0,116,70,60.3448275862069,797
separated,False,3.0,116,69,59.48275862068966,797
separated,False,4.0,116,72,62.06896551724138,797
separated,False,5.0,116,77,66.37931034482759,797
single_speaker,False,-4.0,116,82,70.6896551724138,797
single_speaker,False,-2.0,116,82,70.6896551724138,797
single_speaker,False,0.0,116,89,76.72413793103449,797
single_speaker,False,1.0,116,91,78.44827586206897,797
single_speaker,False,2.0,116,102,87.93103448275862,797
single_speaker,False,3.0,116,91,78.44827586206897,797
single_speaker,False,4.0,116,92,79.3103448275862,797
single_speaker,False,5.0,116,89,76.72413793103449,797
colocated,False,-4.0,116,67,57.758620689655174,798
colocated,False,-2.0,116,73,62.93103448275862,798
colocated,False,0.0,116,74,63.793103448275865,798
colocated,False,1.0,116,79,68.10344827586206,798
colocated,False,2.0,116,86,74.13793103448276,798
colocated,False,3.0,116,68,58.620689655172406,798
colocated,False,4.0,116,79,68.10344827586206,798
colocated,False,5.0,116,79,68.10344827586206,798
separated,False,-4.0,116,69,59.48275862068966,798
separated,False,-2.0,116,72,62.06896551724138,798
separated,False,0.0,116,74,63.793103448275865,798
separated,False,1.0,116,100,86.20689655172413,798
separated,False,2.0,116,80,68.96551724137932,798
separated,False,3.0,116,64,55.172413793103445,798
separated,False,4.0,116,81,69.82758620689656,798
separated,False,5.0,116,75,64.65517241379311,798
single_speaker,False,-4.0,116,85,73.27586206896551,798
single_speaker,False,-2.0,116,80,68.96551724137932,798
single_speaker,False,0.0,116,86,74.13793103448276,798
single_speaker,False,1.0,116,96,82.75862068965517,798
single_speaker,False,2.0,116,94,81.03448275862068,798
single_speaker,False,3.0,116,72,62.06896551724138,798
single_speaker,False,4.0,116,95,81.89655172413794,798
single_speaker,False,5.0,116,83,71.55172413793103,798
colocated,False,-4.0,116,56,48.275862068965516,799
colocated,False,-2.0,116,66,56.896551724137936,799
colocated,False,0.0,116,65,56.03448275862068,799
colocated,False,1.0,116,83,71.55172413793103,799
colocated,False,2.0,116,90,77.58620689655173,799
colocated,False,3.0,116,66,56.896551724137936,799
colocated,False,4.0,116,77,66.37931034482759,799
colocated,False,5.0,116,72,62.06896551724138,799
separated,False,-4.0,116,58,50.0,799
separated,False,-2.0,116,73,62.93103448275862,799
separated,False,0.0,116,73,62.93103448275862,799
separated,False,1.0,116,101,87.06896551724138,799
separated,False,2.0,116,70,60.3448275862069,799
separated,False,3.0,116,74,63.793103448275865,799
separated,False,4.0,116,86,74.13793103448276,799
separated,False,5.0,116,83,71.55172413793103,799
single_speaker,False,-4.0,116,99,85.34482758620689,799
single_speaker,False,-2.0,116,82,70.6896551724138,799
single_speaker,False,0.0,116,80,68.96551724137932,799
single_speaker,False,1.0,116,88,75.86206896551724,799
single_speaker,False,2.0,116,106,91.37931034482759,799
single_speaker,False,3.0,116,88,75.86206896551724,799
single_speaker,False,4.0,116,94,81.03448275862068,799
single_speaker,False,5.0,116,86,74.13793103448276,799
colocated,False,-4.0,116,64,55.172413793103445,800
colocated,False,-2.0,116,74,63.793103448275865,800
colocated,False,0.0,116,62,53.44827586206896,800
colocated,False,1.0,116,84,72.41379310344827,800
colocated,False,2.0,116,90,77.58620689655173,800
colocated,False,3.0,116,62,53.44827586206896,800
colocated,False,4.0,116,65,56.03448275862068,800
colocated,False,5.0,116,81,69.82758620689656,800
separated,False,-4.0,116,69,59.48275862068966,800
separated,False,-2.0,116,67,57.758620689655174,800
separated,False,0.0,116,73,62.93103448275862,800
separated,False,1.0,116,102,87.93103448275862,800
separated,False,2.0,116,74,63.793103448275865,800
separated,False,3.0,116,76,65.51724137931035,800
separated,False,4.0,116,72,62.06896551724138,800
separated,False,5.0,116,72,62.06896551724138,800
single_speaker,False,-4.0,116,87,75.0,800
single_speaker,False,-2.0,116,81,69.82758620689656,800
single_speaker,False,0.0,116,76,65.51724137931035,800
single_speaker,False,1.0,116,88,75.86206896551724,800
single_speaker,False,2.0,116,100,86.20689655172413,800
single_speaker,False,3.0,116,95,81.89655172413794,800
single_speaker,False,4.0,116,89,76.72413793103449,800
single_speaker,False,5.0,116,89,76.72413793103449,800
colocated,False,-4.0,116,78,67.24137931034483,801
colocated,False,-2.0,116,70,60.3448275862069,801
colocated,False,0.0,116,80,68.96551724137932,801
colocated,False,1.0,116,79,68.10344827586206,801
colocated,False,2.0,116,80,68.96551724137932,801
colocated,False,3.0,116,62,53.44827586206896,801
colocated,False,4.0,116,84,72.41379310344827,801
colocated,False,5.0,116,77,66.37931034482759,801
separated,False,-4.0,116,67,57.758620689655174,801
separated,False,-2.0,116,79,68.10344827586206,801
separated,False,0.0,116,73,62.93103448275862,801
separated,False,1.0,116,87,75.0,801
separated,False,2.0,116,75,64.65517241379311,801
separated,False,3.0,116,75,64.65517241379311,801
separated,False,4.0,116,90,77.58620689655173,801
separated,False,5.0,116,78,67.24137931034483,801
single_speaker,False,-4.0,116,85,73.27586206896551,801
single_speaker,False,-2.0,116,87,75.0,801
single_speaker,False,0.0,116,93,80.17241379310344,801
single_speaker,False,1.0,116,99,85.34482758620689,801
single_speaker,False,2.0,116,100,86.20689655172413,801
single_speaker,False,3.0,116,80,68.96551724137932,801
single_speaker,False,4.0,116,91,78.44827586206897,801
single_speaker,False,5.0,116,84,72.41379310344827,801
colocated,False,-4.0,116,66,56.896551724137936,802
colocated,False,-2.0,116,66,56.896551724137936,802
colocated,False,0.0,116,74,63.793103448275865,802
colocated,False,1.0,116,79,68.10344827586206,802
colocated,False,2.0,116,84,72.41379310344827,802
colocated,False,3.0,116,69,59.48275862068966,802
colocated,False,4.0,116,80,68.96551724137932,802
colocated,False,5.0,116,84,72.41379310344827,802
separated,False,-4.0,116,64,55.172413793103445,802
separated,False,-2.0,116,75,64.65517241379311,802
separated,False,0.0,116,74,63.793103448275865,802
separated,False,1.0,116,94,81.03448275862068,802
separated,False,2.0,116,82,70.6896551724138,802
separated,False,3.0,116,74,63.793103448275865,802
separated,False,4.0,116,81,69.82758620689656,802
separated,False,5.0,116,74,63.793103448275865,802
single_speaker,False,-4.0,116,81,69.82758620689656,802
single_speaker,False,-2.0,116,82,70.6896551724138,802
single_speaker,False,0.0,116,85,73.27586206896551,802
single_speaker,False,1.0,116,94,81.03448275862068,802
single_speaker,False,2.0,116,98,84.48275862068965,802
single_speaker,False,3.0,116,83,71.55172413793103,802
single_speaker,False,4.0,116,90,77.58620689655173,802
single_speaker,False,5.0,116,80,68.96551724137932,802
colocated,False,-4.0,116,72,62.06896551724138,803
colocated,False,-2.0,116,71,61.206896551724135,803
colocated,False,0.0,116,73,62.93103448275862,803
colocated,False,1.0,116,78,67.24137931034483,803
colocated,False,2.0,116,85,73.27586206896551,803
colocated,False,3.0,116,62,53.44827586206896,803
colocated,False,4.0,116,73,62.93103448275862,803
colocated,False,5.0,116,78,67.24137931034483,803
separated,False,-4.0,116,62,53.44827586206896,803
separated,False,-2.0,116,75,64.65517241379311,803
separated,False,0.0,116,72,62.06896551724138,803
separated,False,1.0,116,92,79.3103448275862,803
separated,False,2.0,116,80,68.96551724137932,803
separated,False,3.0,116,65,56.03448275862068,803
separated,False,4.0,116,78,67.24137931034483,803
separated,False,5.0,116,76,65.51724137931035,803
single_speaker,False,-4.0,116,86,74.13793103448276,803
single_speaker,False,-2.0,116,75,64.65517241379311,803
single_speaker,False,0.0,116,80,68.96551724137932,803
single_speaker,False,1.0,116,92,79.3103448275862,803
single_speaker,False,2.0,116,105,90.51724137931035,803
single_speaker,False,3.0,116,79,68.10344827586206,803
single_speaker,False,4.0,116,97,83.62068965517241,803
single_speaker,False,5.0,116,75,64.65517241379311,803
colocated,False,-4.0,116,67,57.758620689655174,804
colocated,False,-2.0,116,65,56.03448275862068,804
colocated,False,0.0,116,66,56.896551724137936,804
colocated,False,1.0,116,76,65.51724137931035,804
colocated,False,2.0,116,87,75.0,804
colocated,False,3.0,116,68,58.620689655172406,804
colocated,False,4.0,116,79,68.10344827586206,804
colocated,False,5.0,116,73,62.93103448275862,804
separated,False,-4.0,116,63,54.310344827586206,804
separated,False,-2.0,116,77,66.37931034482759,804
separated,False,0.0,116,85,73.27586206896551,804
separated,False,1.0,116,98,84.48275862068965,804
separated,False,2.0,116,73,62.93103448275862,804
separated,False,3.0,116,65,56.03448275862068,804
separated,False,4.0,116,80,68.96551724137932,804
separated,False,5.0,116,81,69.82758620689656,804
single_speaker,False,-4.0,116,91,78.44827586206897,804
single_speaker,False,-2.0,116,79,68.10344827586206,804
single_speaker,False,0.0,116,84,72.41379310344827,804
single_speaker,False,1.0,116,97,83.62068965517241,804
single_speaker,False,2.0,116,100,86.20689655172413,804
single_speaker,False,3.0,116,85,73.27586206896551,804
single_speaker,False,4.0,116,88,75.86206896551724,804
single_speaker,False,5.0,116,82,70.6896551724138,804
colocated,False,-4.0,116,68,58.620689655172406,805
colocated,False,-2.0,116,62,53.44827586206896,805
colocated,False,0.0,116,75,64.65517241379311,805
colocated,False,1.0,116,78,67.24137931034483,805
colocated,False,2.0,116,84,72.41379310344827,805
colocated,False,3.0,116,63,54.310344827586206,805
colocated,False,4.0,116,74,63.793103448275865,805
colocated,False,5.0,116,83,71.55172413793103,805
separated,False,-4.0,116,65,56.03448275862068,805
separated,False,-2.0,116,74,63.793103448275865,805
separated,False,0.0,116,68,58.620689655172406,805
separated,False,1.0,116,90,77.58620689655173,805
separated,False,2.0,116,91,78.44827586206897,805
separated,False,3.0,116,68,58.620689655172406,805
separated,False,4.0,116,83,71.55172413793103,805
separated,False,5.0,116,66,56.896551724137936,805
single_speaker,False,-4.0,116,97,83.62068965517241,805
single_speaker,False,-2.0,116,82,70.6896551724138,805
single_speaker,False,0.0,116,78,67.24137931034483,805
single_speaker,False,1.0,116,97,83.62068965517241,805
single_speaker,False,2.0,116,98,84.48275862068965,805
single_speaker,False,3.0,116,82,70.6896551724138,805
single_speaker,False,4.0,116,92,79.3103448275862,805
single_speaker,False,5.0,116,84,72.41379310344827,805
colocated,False,-4.0,116,58,50.0,806
colocated,False,-2.0,116,65,56.03448275862068,806
colocated,False,0.0,116,77,66.37931034482759,806
colocated,False,1.0,116,79,68.10344827586206,806
colocated,False,2.0,116,89,76.72413793103449,806
colocated,False,3.0,116,54,46.55172413793103,806
colocated,False,4.0,116,76,65.51724137931035,806
colocated,False,5.0,116,88,75.86206896551724,806
separated,False,-4.0,116,72,62.06896551724138,806
separated,False,-2.0,116,74,63.793103448275865,806
separated,False,0.0,116,81,69.82758620689656,806
separated,False,1.0,116,90,77.58620689655173,806
separated,False,2.0,116,79,68.10344827586206,806
separated,False,3.0,116,71,61.206896551724135,806
separated,False,4.0,116,84,72.41379310344827,806
separated,False,5.0,116,73,62.93103448275862,806
single_speaker,False,-4.0,116,87,75.0,806
single_speaker,False,-2.0,116,82,70.6896551724138,806
single_speaker,False,0.0,116,89,76.72413793103449,806
single_speaker,False,1.0,116,97,83.62068965517241,806
single_speaker,False,2.0,116,97,83.62068965517241,806
single_speaker,False,3.0,116,76,65.51724137931035,806
single_speaker,False,4.0,116,99,85.34482758620689,806
single_speaker,False,5.0,116,82,70.6896551724138,806
colocated,False,-4.0,116,64,55.172413793103445,807
colocated,False,-2.0,116,65,56.03448275862068,807
colocated,False,0.0,116,75,64.65517241379311,807
colocated,False,1.0,116,89,76.72413793103449,807
colocated,False,2.0,116,89,76.72413793103449,807
colocated,False,3.0,116,64,55.172413793103445,807
colocated,False,4.0,116,78,67.24137931034483,807
colocated,False,5.0,116,80,68.96551724137932,807
separated,False,-4.0,116,56,48.275862068965516,807
separated,False,-2.0,116,82,70.6896551724138,807
separated,False,0.0,116,72,62.06896551724138,807
separated,False,1.0,116,99,85.34482758620689,807
separated,False,2.0,116,72,62.06896551724138,807
separated,False,3.0,116,74,63.793103448275865,807
separated,False,4.0,116,79,68.10344827586206,807
separated,False,5.0,116,74,63.793103448275865,807
single_speaker,False,-4.0,116,84,72.41379310344827,807
single_speaker,False,-2.0,116,84,72.41379310344827,807
single_speaker,False,0.0,116,83,71.55172413793103,807
single_speaker,False,1.0,116,89,76.72413793103449,807
single_speaker,False,2.0,116,99,85.34482758620689,807
single_speaker,False,3.0,116,90,77.58620689655173,807
single_speaker,False,4.0,116,91,78.44827586206897,807
single_speaker,False,5.0,116,74,63.793103448275865,807
colocated,False,-4.0,116,61,52.58620689655172,808
colocated,False,-2.0,116,59,50.86206896551724,808
colocated,False,0.0,116,72,62.06896551724138,808
colocated,False,1.0,116,79,68.10344827586206,808
colocated,False,2.0,116,84,72.41379310344827,808
colocated,False,3.0,116,62,53.44827586206896,808
colocated,False,4.0,116,76,65.51724137931035,808
colocated,False,5.0,116,80,68.96551724137932,808
separated,False,-4.0,116,70,60.3448275862069,808
separated,False,-2.0,116,68,58.620689655172406,808
separated,False,0.0,116,77,66.37931034482759,808
separated,False,1.0,116,100,86.20689655172413,808
separated,False,2.0,116,74,63.793103448275865,808
separated,False,3.0,116,65,56.03448275862068,808
separated,False,4.0,116,90,77.58620689655173,808
separated,False,5.0,116,75,64.65517241379311,808
single_speaker,False,-4.0,116,93,80.17241379310344,808
single_speaker,False,-2.0,116,71,61.206896551724135,808
single_speaker,False,0.0,116,80,68.96551724137932,808
single_speaker,False,1.0,116,93,80.17241379310344,808
single_speaker,False,2.0,116,98,84.48275862068965,808
single_speaker,False,3.0,116,86,74.13793103448276,808
single_speaker,False,4.0,116,91,78.44827586206897,808
single_speaker,False,5.0,116,92,79.3103448275862,808
colocated,False,-4.0,116,58,50.0,809
colocated,False,-2.0,116,66,56.896551724137936,809
colocated,False,0.0,116,73,62.93103448275862,809
colocated,False,1.0,116,87,75.0,809
colocated,False,2.0,116,95,81.89655172413794,809
colocated,False,3.0,116,69,59.48275862068966,809
colocated,False,4.0,116,77,66.37931034482759,809
colocated,False,5.0,116,79,68.10344827586206,809
separated,False,-4.0,116,62,53.44827586206896,809
separated,False,-2.0,116,66,56.896551724137936,809
separated,False,0.0,116,75,64.65517241379311,809
separated,False,1.0,116,87,75.0,809
separated,False,2.0,116,67,57.758620689655174,809
separated,False,3.0,116,76,65.51724137931035,809
separated,False,4.0,116,85,73.27586206896551,809
separated,False,5.0,116,74,63.793103448275865,809
single_speaker,False,-4.0,116,83,71.55172413793103,809
single_speaker,False,-2.0,116,72,62.06896551724138,809
single_speaker,False,0.0,116,84,72.41379310344827,809
single_speaker,False,1.0,116,98,84.48275862068965,809
single_speaker,False,2.0,116,106,91.37931034482759,809
single_speaker,False,3.0,116,88,75.86206896551724,809
single_speaker,False,4.0,116,96,82.75862068965517,809
single_speaker,False,5.0,116,84,72.41379310344827,809
colocated,False,-4.0,116,60,51.724137931034484,810
colocated,False,-2.0,116,65,56.03448275862068,810
colocated,False,0.0,116,73,62.93103448275862,810
colocated,False,1.0,116,76,65.51724137931035,810
colocated,False,2.0,116,84,72.41379310344827,810
colocated,False,3.0,116,64,55.172413793103445,810
colocated,False,4.0,116,80,68.96551724137932,810
colocated,False,5.0,116,76,65.51724137931035,810
separated,False,-4.0,116,73,62.93103448275862,810
separated,False,-2.0,116,81,69.82758620689656,810
separated,False,0.0,116,81,69.82758620689656,810
separated,False,1.0,116,95,81.89655172413794,810
separated,False,2.0,116,72,62.06896551724138,810
separated,False,3.0,116,58,50.0,810
separated,False,4.0,116,89,76.72413793103449,810
separated,False,5.0,116,68,58.620689655172406,810
single_speaker,False,-4.0,116,93,80.17241379310344,810
single_speaker,False,-2.0,116,93,80.17241379310344,810
single_speaker,False,0.0,116,85,73.27586206896551,810
single_speaker,False,1.0,116,95,81.89655172413794,810
single_speaker,False,2.0,116,99,85.34482758620689,810
single_speaker,False,3.0,116,88,75.86206896551724,810
single_speaker,False,4.0,116,92,79.3103448275862,810
single_speaker,False,5.0,116,91,78.44827586206897,810
colocated,False,-4.0,116,66,56.896551724137936,811
colocated,False,-2.0,116,63,54.310344827586206,811
colocated,False,0.0,116,78,67.24137931034483,811
colocated,False,1.0,116,80,68.96551724137932,811
colocated,False,2.0,116,83,71.55172413793103,811
colocated,False,3.0,116,66,56.896551724137936,811
colocated,False,4.0,116,83,71.55172413793103,811
colocated,False,5.0,116,82,70.6896551724138,811
separated,False,-4.0,116,68,58.620689655172406,811
separated,False,-2.0,116,81,69.82758620689656,811
separated,False,0.0,116,79,68.10344827586206,811
separated,False,1.0,116,95,81.89655172413794,811
separated,False,2.0,116,77,66.37931034482759,811
separated,False,3.0,116,65,56.03448275862068,811
separated,False,4.0,116,89,76.72413793103449,811
separated,False,5.0,116,75,64.65517241379311,811
single_speaker,False,-4.0,116,75,64.65517241379311,811
single_speaker,False,-2.0,116,83,71.55172413793103,811
single_speaker,False,0.0,116,85,73.27586206896551,811
single_speaker,False,1.0,116,92,79.3103448275862,811
single_speaker,False,2.0,116,95,81.89655172413794,811
single_speaker,False,3.0,116,85,73.27586206896551,811
single_speaker,False,4.0,116,85,73.27586206896551,811
single_speaker,False,5.0,116,79,68.10344827586206,811
colocated,False,-4.0,116,68,58.620689655172406,812
colocated,False,-2.0,116,68,58.620689655172406,812
colocated,False,0.0,116,68,58.620689655172406,812
colocated,False,1.0,116,81,69.82758620689656,812
colocated,False,2.0,116,88,75.86206896551724,812
colocated,False,3.0,116,65,56.03448275862068,812
colocated,False,4.0,116,73,62.93103448275862,812
colocated,False,5.0,116,75,64.65517241379311,812
separated,False,-4.0,116,69,59.48275862068966,812
separated,False,-2.0,116,69,59.48275862068966,812
separated,False,0.0,116,80,68.96551724137932,812
separated,False,1.0,116,96,82.75862068965517,812
separated,False,2.0,116,79,68.10344827586206,812
separated,False,3.0,116,67,57.758620689655174,812
separated,False,4.0,116,80,68.96551724137932,812
separated,False,5.0,116,71,61.206896551724135,812
single_speaker,False,-4.0,116,82,70.6896551724138,812
single_speaker,False,-2.0,116,74,63.793103448275865,812
single_speaker,False,0.0,116,88,75.86206896551724,812
single_speaker,False,1.0,116,94,81.03448275862068,812
single_speaker,False,2.0,116,101,87.06896551724138,812
single_speaker,False,3.0,116,81,69.82758620689656,812
single_speaker,False,4.0,116,94,81.03448275862068,812
single_speaker,False,5.0,116,85,73.27586206896551,812
colocated,False,-4.0,116,67,57.758620689655174,813
colocated,False,-2.0,116,68,58.620689655172406,813
colocated,False,0.0,116,70,60.3448275862069,813
colocated,False,1.0,116,75,64.65517241379311,813
colocated,False,2.0,116,88,75.86206896551724,813
colocated,False,3.0,116,66,56.896551724137936,813
colocated,False,4.0,116,83,71.55172413793103,813
colocated,False,5.0,116,76,65.51724137931035,813
separated,False,-4.0,116,62,53.44827586206896,813
separated,False,-2.0,116,74,63.793103448275865,813
separated,False,0.0,116,81,69.82758620689656,813
separated,False,1.0,116,91,78.44827586206897,813
separated,False,2.0,116,71,61.206896551724135,813
separated,False,3.0,116,64,55.172413793103445,813
separated,False,4.0,116,82,70.6896551724138,813
separated,False,5.0,116,81,69.82758620689656,813
single_speaker,False,-4.0,116,88,75.86206896551724,813
single_speaker,False,-2.0,116,81,69.82758620689656,813
single_speaker,False,0.0,116,74,63.793103448275865,813
single_speaker,False,1.0,116,99,85.34482758620689,813
single_speaker,False,2.0,116,97,83.62068965517241,813
single_speaker,False,3.0,116,78,67.24137931034483,813
single_speaker,False,4.0,116,93,80.17241379310344,813
single_speaker,False,5.0,116,81,69.82758620689656,813
colocated,False,-4.0,116,77,66.37931034482759,814
colocated,False,-2.0,116,71,61.206896551724135,814
colocated,False,0.0,116,69,59.48275862068966,814
colocated,False,1.0,116,81,69.82758620689656,814
colocated,False,2.0,116,84,72.41379310344827,814
colocated,False,3.0,116,74,63.793103448275865,814
colocated,False,4.0,116,86,74.13793103448276,814
colocated,False,5.0,116,81,69.82758620689656,814
separated,False,-4.0,116,52,44.827586206896555,814
separated,False,-2.0,116,69,59.48275862068966,814
separated,False,0.0,116,79,68.10344827586206,814
separated,False,1.0,116,102,87.93103448275862,814
separated,False,2.0,116,73,62.93103448275862,814
separated,False,3.0,116,68,58.620689655172406,814
separated,False,4.0,116,88,75.86206896551724,814
separated,False,5.0,116,70,60.3448275862069,814
single_speaker,False,-4.0,116,89,76.72413793103449,814
single_speaker,False,-2.0,116,69,59.48275862068966,814
single_speaker,False,0.0,116,88,75.86206896551724,814
single_speaker,False,1.0,116,90,77.58620689655173,814
single_speaker,False,2.0,116,96,82.75862068965517,814
single_speaker,False,3.0,116,84,72.41379310344827,814
single_speaker,False,4.0,116,93,80.17241379310344,814
single_speaker,False,5.0,116,80,68.96551724137932,814
colocated,False,-4.0,116,64,55.172413793103445,815
colocated,False,-2.0,116,64,55.172413793103445,815
colocated,False,0.0,116,74,63.793103448275865,815
colocated,False,1.0,116,78,67.24137931034483,815
colocated,False,2.0,116,89,76.72413793103449,815
colocated,False,3.0,116,59,50.86206896551724,815
colocated,False,4.0,116,82,70.6896551724138,815
colocated,False,5.0,116,87,75.0,815
separated,False,-4.0,116,69,59.48275862068966,815
separated,False,-2.0,116,72,62.06896551724138,815
separated,False,0.0,116,75,64.65517241379311,815
separated,False,1.0,116,92,79.3103448275862,815
separated,False,2.0,116,75,64.65517241379311,815
separated,False,3.0,116,69,59.48275862068966,815
separated,False,4.0,116,86,74.13793103448276,815
separated,False,5.0,116,77,66.37931034482759,815
single_speaker,False,-4.0,116,78,67.24137931034483,815
single_speaker,False,-2.0,116,81,69.82758620689656,815
single_speaker,False,0.0,116,91,78.44827586206897,815
single_speaker,False,1.0,116,94,81.03448275862068,815
single_speaker,False,2.0,116,100,86.20689655172413,815
single_speaker,False,3.0,116,78,67.24137931034483,815
single_speaker,False,4.0,116,96,82.75862068965517,815
single_speaker,False,5.0,116,86,74.13793103448276,815
colocated,False,-4.0,116,69,59.48275862068966,816
colocated,False,-2.0,116,62,53.44827586206896,816
colocated,False,0.0,116,74,63.793103448275865,816
colocated,False,1.0,116,71,61.206896551724135,816
colocated,False,2.0,116,83,71.55172413793103,816
colocated,False,3.0,116,75,64.65517241379311,816
colocated,False,4.0,116,77,66.37931034482759,816
colocated,False,5.0,116,77,66.37931034482759,816
separated,False,-4.0,116,60,51.724137931034484,816
separated,False,-2.0,116,76,65.51724137931035,816
separated,False,0.0,116,87,75.0,816
separated,False,1.0,116,96,82.75862068965517,816
separated,False,2.0,116,75,64.65517241379311,816
separated,False,3.0,116,72,62.06896551724138,816
separated,False,4.0,116,89,76.72413793103449,816
separated,False,5.0,116,77,66.37931034482759,816
single_speaker,False,-4.0,116,91,78.44827586206897,816
single_speaker,False,-2.0,116,80,68.96551724137932,816
single_speaker,False,0.0,116,92,79.3103448275862,816
single_speaker,False,1.0,116,87,75.0,816
single_speaker,False,2.0,116,103,88.79310344827587,816
single_speaker,False,3.0,116,84,72.41379310344827,816
single_speaker,False,4.0,116,90,77.58620689655173,816
single_speaker,False,5.0,116,93,80.17241379310344,816
colocated,False,-4.0,116,69,59.48275862068966,817
colocated,False,-2.0,116,62,53.44827586206896,817
colocated,False,0.0,116,73,62.93103448275862,817
colocated,False,1.0,116,85,73.27586206896551,817
colocated,False,2.0,116,88,75.86206896551724,817
colocated,False,3.0,116,59,50.86206896551724,817
colocated,False,4.0,116,71,61.206896551724135,817
colocated,False,5.0,116,75,64.65517241379311,817
separated,False,-4.0,116,72,62.06896551724138,817
separated,False,-2.0,116,63,54.310344827586206,817
separated,False,0.0,116,75,64.65517241379311,817
separated,False,1.0,116,95,81.89655172413794,817
separated,False,2.0,116,74,63.793103448275865,817
separated,False,3.0,116,75,64.65517241379311,817
separated,False,4.0,116,91,78.44827586206897,817
separated,False,5.0,116,79,68.10344827586206,817
single_speaker,False,-4.0,116,82,70.6896551724138,817
single_speaker,False,-2.0,116,90,77.58620689655173,817
single_speaker,False,0.0,116,83,71.55172413793103,817
single_speaker,False,1.0,116,100,86.20689655172413,817
single_speaker,False,2.0,116,103,88.79310344827587,817
single_speaker,False,3.0,116,86,74.13793103448276,817
single_speaker,False,4.0,116,93,80.17241379310344,817
single_speaker,False,5.0,116,86,74.13793103448276,817
colocated,False,-4.0,116,58,50.0,818
colocated,False,-2.0,116,59,50.86206896551724,818
colocated,False,0.0,116,72,62.06896551724138,818
colocated,False,1.0,116,75,64.65517241379311,818
colocated,False,2.0,116,88,75.86206896551724,818
colocated,False,3.0,116,69,59.48275862068966,818
colocated,False,4.0,116,77,66.37931034482759,818
colocated,False,5.0,116,83,71.55172413793103,818
separated,False,-4.0,116,57,49.137931034482754,818
separated,False,-2.0,116,73,62.93103448275862,818
separated,False,0.0,116,77,66.37931034482759,818
separated,False,1.0,116,89,76.72413793103449,818
separated,False,2.0,116,81,69.82758620689656,818
separated,False,3.0,116,63,54.310344827586206,818
separated,False,4.0,116,86,74.13793103448276,818
separated,False,5.0,116,80,68.96551724137932,818
single_speaker,False,-4.0,116,87,75.0,818
single_speaker,False,-2.0,116,73,62.93103448275862,818
single_speaker,False,0.0,116,79,68.10344827586206,818
single_speaker,False,1.0,116,96,82.75862068965517,818
single_speaker,False,2.0,116,101,87.06896551724138,818
single_speaker,False,3.0,116,79,68.10344827586206,818
single_speaker,False,4.0,116,94,81.03448275862068,818
single_speaker,False,5.0,116,85,73.27586206896551,818
colocated,False,-4.0,116,66,56.896551724137936,819
colocated,False,-2.0,116,60,51.724137931034484,819
colocated,False,0.0,116,67,57.758620689655174,819
colocated,False,1.0,116,85,73.27586206896551,819
colocated,False,2.0,116,88,75.86206896551724,819
colocated,False,3.0,116,61,52.58620689655172,819
colocated,False,4.0,116,77,66.37931034482759,819
colocated,False,5.0,116,85,73.27586206896551,819
separated,False,-4.0,116,68,58.620689655172406,819
separated,False,-2.0,116,74,63.793103448275865,819
separated,False,0.0,116,75,64.65517241379311,819
separated,False,1.0,116,91,78.44827586206897,819
separated,False,2.0,116,73,62.93103448275862,819
separated,False,3.0,116,71,61.206896551724135,819
separated,False,4.0,116,86,74.13793103448276,819
separated,False,5.0,116,74,63.793103448275865,819
single_speaker,False,-4.0,116,84,72.41379310344827,819
single_speaker,False,-2.0,116,83,71.55172413793103,819
single_speaker,False,0.0,116,88,75.86206896551724,819
single_speaker,False,1.0,116,90,77.58620689655173,819
single_speaker,False,2.0,116,97,83.62068965517241,819
single_speaker,False,3.0,116,86,74.13793103448276,819
single_speaker,False,4.0,116,95,81.89655172413794,819
single_speaker,False,5.0,116,80,68.96551724137932,819
colocated,False,-4.0,116,69,59.48275862068966,820
colocated,False,-2.0,116,61,52.58620689655172,820
colocated,False,0.0,116,66,56.896551724137936,820
colocated,False,1.0,116,79,68.10344827586206,820
colocated,False,2.0,116,86,74.13793103448276,820
colocated,False,3.0,116,62,53.44827586206896,820
colocated,False,4.0,116,82,70.6896551724138,820
colocated,False,5.0,116,79,68.10344827586206,820
separated,False,-4.0,116,49,42.241379310344826,820
separated,False,-2.0,116,69,59.48275862068966,820
separated,False,0.0,116,72,62.06896551724138,820
separated,False,1.0,116,99,85.34482758620689,820
separated,False,2.0,116,78,67.24137931034483,820
separated,False,3.0,116,69,59.48275862068966,820
separated,False,4.0,116,84,72.41379310344827,820
separated,False,5.0,116,79,68.10344827586206,820
single_speaker,False,-4.0,116,88,75.86206896551724,820
single_speaker,False,-2.0,116,87,75.0,820
single_speaker,False,0.0,116,83,71.55172413793103,820
single_speaker,False,1.0,116,88,75.86206896551724,820
single_speaker,False,2.0,116,99,85.34482758620689,820
single_speaker,False,3.0,116,77,66.37931034482759,820
single_speaker,False,4.0,116,94,81.03448275862068,820
single_speaker,False,5.0,116,82,70.6896551724138,820
colocated,False,-4.0,116,62,53.44827586206896,821
colocated,False,-2.0,116,61,52.58620689655172,821
colocated,False,0.0,116,64,55.172413793103445,821
colocated,False,1.0,116,83,71.55172413793103,821
colocated,False,2.0,116,82,70.6896551724138,821
colocated,False,3.0,116,66,56.896551724137936,821
colocated,False,4.0,116,72,62.06896551724138,821
colocated,False,5.0,116,85,73.27586206896551,821
separated,False,-4.0,116,66,56.896551724137936,821
separated,False,-2.0,116,73,62.93103448275862,821
separated,False,0.0,116,68,58.620689655172406,821
separated,False,1.0,116,95,81.89655172413794,821
separated,False,2.0,116,78,67.24137931034483,821
separated,False,3.0,116,62,53.44827586206896,821
separated,False,4.0,116,77,66.37931034482759,821
separated,False,5.0,116,77,66.37931034482759,821
single_speaker,False,-4.0,116,91,78.44827586206897,821
single_speaker,False,-2.0,116,81,69.82758620689656,821
single_speaker,False,0.0,116,81,69.82758620689656,821
single_speaker,False,1.0,116,98,84.48275862068965,821
single_speaker,False,2.0,116,102,87.93103448275862,821
single_speaker,False,3.0,116,74,63.793103448275865,821
single_speaker,False,4.0,116,93,80.17241379310344,821
single_speaker,False,5.0,116,83,71.55172413793103,821
colocated,False,-4.0,116,67,57.758620689655174,822
colocated,False,-2.0,116,68,58.620689655172406,822
colocated,False,0.0,116,81,69.82758620689656,822
colocated,False,1.0,116,81,69.82758620689656,822
colocated,False,2.0,116,83,71.55172413793103,822
colocated,False,3.0,116,63,54.310344827586206,822
colocated,False,4.0,116,83,71.55172413793103,822
colocated,False,5.0,116,88,75.86206896551724,822
separated,False,-4.0,116,66,56.896551724137936,822
separated,False,-2.0,116,71,61.206896551724135,822
separated,False,0.0,116,81,69.82758620689656,822
separated,False,1.0,116,93,80.17241379310344,822
separated,False,2.0,116,72,62.06896551724138,822
separated,False,3.0,116,71,61.206896551724135,822
separated,False,4.0,116,88,75.86206896551724,822
separated,False,5.0,116,70,60.3448275862069,822
single_speaker,False,-4.0,116,88,75.86206896551724,822
single_speaker,False,-2.0,116,82,70.6896551724138,822
single_speaker,False,0.0,116,92,79.3103448275862,822
single_speaker,False,1.0,116,93,80.17241379310344,822
single_speaker,False,2.0,116,101,87.06896551724138,822
single_speaker,False,3.0,116,78,67.24137931034483,822
single_speaker,False,4.0,116,96,82.75862068965517,822
single_speaker,False,5.0,116,82,70.6896551724138,822
colocated,False,-4.0,116,71,61.206896551724135,823
colocated,False,-2.0,116,60,51.724137931034484,823
colocated,False,0.0,116,80,68.96551724137932,823
colocated,False,1.0,116,71,61.206896551724135,823
colocated,False,2.0,116,88,75.86206896551724,823
colocated,False,3.0,116,74,63.793103448275865,823
colocated,False,4.0,116,72,62.06896551724138,823
colocated,False,5.0,116,85,73.27586206896551,823
separated,False,-4.0,116,60,51.724137931034484,823
separated,False,-2.0,116,78,67.24137931034483,823
separated,False,0.0,116,76,65.51724137931035,823
separated,False,1.0,116,95,81.89655172413794,823
separated,False,2.0,116,70,60.3448275862069,823
separated,False,3.0,116,73,62.93103448275862,823
separated,False,4.0,116,86,74.13793103448276,823
separated,False,5.0,116,83,71.55172413793103,823
single_speaker,False,-4.0,116,87,75.0,823
single_speaker,False,-2.0,116,74,63.793103448275865,823
single_speaker,False,0.0,116,81,69.82758620689656,823
single_speaker,False,1.0,116,97,83.62068965517241,823
single_speaker,False,2.0,116,97,83.62068965517241,823
single_speaker,False,3.0,116,86,74.13793103448276,823
single_speaker,False,4.0,116,95,81.89655172413794,823
single_speaker,False,5.0,116,86,74.13793103448276,823
colocated,False,-4.0,116,69,59.48275862068966,824
colocated,False,-2.0,116,58,50.0,824
colocated,False,0.0,116,70,60.3448275862069,824
colocated,False,1.0,116,78,67.24137931034483,824
colocated,False,2.0,116,92,79.3103448275862,824
colocated,False,3.0,116,59,50.86206896551724,824
colocated,False,4.0,116,82,70.6896551724138,824
colocated,False,5.0,116,82,70.6896551724138,824
separated,False,-4.0,116,58,50.0,824
separated,False,-2.0,116,76,65.51724137931035,824
separated,False,0.0,116,70,60.3448275862069,824
separated,False,1.0,116,90,77.58620689655173,824
separated,False,2.0,116,73,62.93103448275862,824
separated,False,3.0,116,74,63.793103448275865,824
separated,False,4.0,116,82,70.6896551724138,824
separated,False,5.0,116,74,63.793103448275865,824
single_speaker,False,-4.0,116,84,72.41379310344827,824
single_speaker,False,-2.0,116,80,68.96551724137932,824
single_speaker,False,0.0,116,90,77.58620689655173,824
single_speaker,False,1.0,116,99,85.34482758620689,824
single_speaker,False,2.0,116,99,85.34482758620689,824
single_speaker,False,3.0,116,84,72.41379310344827,824
single_speaker,False,4.0,116,96,82.75862068965517,824
single_speaker,False,5.0,116,88,75.86206896551724,824
colocated,False,-4.0,116,63,54.310344827586206,825
colocated,False,-2.0,116,71,61.206896551724135,825
colocated,False,0.0,116,68,58.620689655172406,825
colocated,False,1.0,116,72,62.06896551724138,825
colocated,False,2.0,116,93,80.17241379310344,825
colocated,False,3.0,116,70,60.3448275862069,825
colocated,False,4.0,116,74,63.793103448275865,825
colocated,False,5.0,116,67,57.758620689655174,825
separated,False,-4.0,116,61,52.58620689655172,825
separated,False,-2.0,116,76,65.51724137931035,825
separated,False,0.0,116,81,69.82758620689656,825
separated,False,1.0,116,101,87.06896551724138,825
separated,False,2.0,116,82,70.6896551724138,825
separated,False,3.0,116,67,57.758620689655174,825
separated,False,4.0,116,79,68.10344827586206,825
separated,False,5.0,116,84,72.41379310344827,825
single_speaker,False,-4.0,116,90,77.58620689655173,825
single_speaker,False,-2.0,116,86,74.13793103448276,825
single_speaker,False,0.0,116,88,75.86206896551724,825
single_speaker,False,1.0,116,91,78.44827586206897,825
single_speaker,False,2.0,116,100,86.20689655172413,825
single_speaker,False,3.0,116,79,68.10344827586206,825
single_speaker,False,4.0,116,98,84.48275862068965,825
single_speaker,False,5.0,116,88,75.86206896551724,825
colocated,False,-4.0,116,74,63.793103448275865,826
colocated,False,-2.0,116,63,54.310344827586206,826
colocated,False,0.0,116,68,58.620689655172406,826
colocated,False,1.0,116,79,68.10344827586206,826
colocated,False,2.0,116,97,83.62068965517241,826
colocated,False,3.0,116,69,59.48275862068966,826
colocated,False,4.0,116,86,74.13793103448276,826
colocated,False,5.0,116,80,68.96551724137932,826
separated,False,-4.0,116,67,57.758620689655174,826
separated,False,-2.0,116,81,69.82758620689656,826
separated,False,0.0,116,79,68.10344827586206,826
separated,False,1.0,116,95,81.89655172413794,826
separated,False,2.0,116,77,66.37931034482759,826
separated,False,3.0,116,78,67.24137931034483,826
separated,False,4.0,116,76,65.51724137931035,826
separated,False,5.0,116,80,68.96551724137932,826
single_speaker,False,-4.0,116,84,72.41379310344827,826
single_speaker,False,-2.0,116,78,67.24137931034483,826
single_speaker,False,0.0,116,81,69.82758620689656,826
single_speaker,False,1.0,116,99,85.34482758620689,826
single_speaker,False,2.0,116,102,87.93103448275862,826
single_speaker,False,3.0,116,79,68.10344827586206,826
single_speaker,False,4.0,116,88,75.86206896551724,826
single_speaker,False,5.0,116,81,69.82758620689656,826
colocated,False,-4.0,116,63,54.310344827586206,827
colocated,False,-2.0,116,59,50.86206896551724,827
colocated,False,0.0,116,71,61.206896551724135,827
colocated,False,1.0,116,83,71.55172413793103,827
colocated,False,2.0,116,91,78.44827586206897,827
colocated,False,3.0,116,68,58.620689655172406,827
colocated,False,4.0,116,74,63.793103448275865,827
colocated,False,5.0,116,75,64.65517241379311,827
separated,False,-4.0,116,65,56.03448275862068,827
separated,False,-2.0,116,72,62.06896551724138,827
separated,False,0.0,116,64,55.172413793103445,827
separated,False,1.0,116,89,76.72413793103449,827
separated,False,2.0,116,71,61.206896551724135,827
separated,False,3.0,116,78,67.24137931034483,827
separated,False,4.0,116,84,72.41379310344827,827
separated,False,5.0,116,69,59.48275862068966,827
single_speaker,False,-4.0,116,84,72.41379310344827,827
single_speaker,False,-2.0,116,86,74.13793103448276,827
single_speaker,False,0.0,116,76,65.51724137931035,827
single_speaker,False,1.0,116,98,84.48275862068965,827
single_speaker,False,2.0,116,96,82.75862068965517,827
single_speaker,False,3.0,116,86,74.13793103448276,827
single_speaker,False,4.0,116,92,79.3103448275862,827
single_speaker,False,5.0,116,95,81.89655172413794,827
colocated,False,-4.0,116,69,59.48275862068966,828
colocated,False,-2.0,116,62,53.44827586206896,828
colocated,False,0.0,116,80,68.96551724137932,828
colocated,False,1.0,116,82,70.6896551724138,828
colocated,False,2.0,116,80,68.96551724137932,828
colocated,False,3.0,116,66,56.896551724137936,828
colocated,False,4.0,116,73,62.93103448275862,828
colocated,False,5.0,116,76,65.51724137931035,828
separated,False,-4.0,116,63,54.310344827586206,828
separated,False,-2.0,116,73,62.93103448275862,828
separated,False,0.0,116,66,56.896551724137936,828
separated,False,1.0,116,92,79.3103448275862,828
separated,False,2.0,116,68,58.620689655172406,828
separated,False,3.0,116,75,64.65517241379311,828
separated,False,4.0,116,79,68.10344827586206,828
separated,False,5.0,116,79,68.10344827586206,828
single_speaker,False,-4.0,116,88,75.86206896551724,828
single_speaker,False,-2.0,116,89,76.72413793103449,828
single_speaker,False,0.0,116,82,70.6896551724138,828
single_speaker,False,1.0,116,95,81.89655172413794,828
single_speaker,False,2.0,116,107,92.24137931034483,828
single_speaker,False,3.0,116,84,72.41379310344827,828
single_speaker,False,4.0,116,101,87.06896551724138,828
single_speaker,False,5.0,116,76,65.51724137931035,828
colocated,False,-4.0,116,69,59.48275862068966,829
colocated,False,-2.0,116,65,56.03448275862068,829
colocated,False,0.0,116,77,66.37931034482759,829
colocated,False,1.0,116,81,69.82758620689656,829
colocated,False,2.0,116,87,75.0,829
colocated,False,3.0,116,63,54.310344827586206,829
colocated,False,4.0,116,72,62.06896551724138,829
colocated,False,5.0,116,83,71.55172413793103,829
separated,False,-4.0,116,62,53.44827586206896,829
separated,False,-2.0,116,77,66.37931034482759,829
separated,False,0.0,116,76,65.51724137931035,829
separated,False,1.0,116,96,82.75862068965517,829
separated,False,2.0,116,83,71.55172413793103,829
separated,False,3.0,116,66,56.896551724137936,829
separated,False,4.0,116,90,77.58620689655173,829
separated,False,5.0,116,83,71.55172413793103,829
single_speaker,False,-4.0,116,84,72.41379310344827,829
single_speaker,False,-2.0,116,73,62.93103448275862,829
single_speaker,False,0.0,116,86,74.13793103448276,829
single_speaker,False,1.0,116,100,86.20689655172413,829
single_speaker,False,2.0,116,99,85.34482758620689,829
single_speaker,False,3.0,116,89,76.72413793103449,829
single_speaker,False,4.0,116,96,82.75862068965517,829
single_speaker,False,5.0,116,76,65.51724137931035,829
colocated,False,-4.0,116,64,55.172413793103445,830
colocated,False,-2.0,116,58,50.0,830
colocated,False,0.0,116,74,63.793103448275865,830
colocated,False,1.0,116,75,64.65517241379311,830
colocated,False,2.0,116,93,80.17241379310344,830
colocated,False,3.0,116,65,56.03448275862068,830
colocated,False,4.0,116,75,64.65517241379311,830
colocated,False,5.0,116,76,65.51724137931035,830
separated,False,-4.0,116,62,53.44827586206896,830
separated,False,-2.0,116,69,59.48275862068966,830
separated,False,0.0,116,81,69.82758620689656,830
separated,False,1.0,116,97,83.62068965517241,830
separated,False,2.0,116,73,62.93103448275862,830
separated,False,3.0,116,64,55.172413793103445,830
separated,False,4.0,116,90,77.58620689655173,830
separated,False,5.0,116,80,68.96551724137932,830
single_speaker,False,-4.0,116,86,74.13793103448276,830
single_speaker,False,-2.0,116,71,61.206896551724135,830
single_speaker,False,0.0,116,87,75.0,830
single_speaker,False,1.0,116,89,76.72413793103449,830
single_speaker,False,2.0,116,97,83.62068965517241,830
single_speaker,False,3.0,116,84,72.41379310344827,830
single_speaker,False,4.0,116,95,81.89655172413794,830
single_speaker,False,5.0,116,88,75.86206896551724,830
colocated,False,-4.0,116,69,59.48275862068966,831
colocated,False,-2.0,116,70,60.3448275862069,831
colocated,False,0.0,116,75,64.65517241379311,831
colocated,False,1.0,116,82,70.6896551724138,831
colocated,False,2.0,116,88,75.86206896551724,831
colocated,False,3.0,116,62,53.44827586206896,831
colocated,False,4.0,116,81,69.82758620689656,831
colocated,False,5.0,116,75,64.65517241379311,831
separated,False,-4.0,116,57,49.137931034482754,831
separated,False,-2.0,116,60,51.724137931034484,831
separated,False,0.0,116,72,62.06896551724138,831
separated,False,1.0,116,92,79.3103448275862,831
separated,False,2.0,116,76,65.51724137931035,831
separated,False,3.0,116,61,52.58620689655172,831
separated,False,4.0,116,82,70.6896551724138,831
separated,False,5.0,116,78,67.24137931034483,831
single_speaker,False,-4.0,116,76,65.51724137931035,831
single_speaker,False,-2.0,116,86,74.13793103448276,831
single_speaker,False,0.0,116,88,75.86206896551724,831
single_speaker,False,1.0,116,92,79.3103448275862,831
single_speaker,False,2.0,116,92,79.3103448275862,831
single_speaker,False,3.0,116,80,68.96551724137932,831
single_speaker,False,4.0,116,98,84.48275862068965,831
single_speaker,False,5.0,116,79,68.10344827586206,831
colocated,False,-4.0,116,72,62.06896551724138,832
colocated,False,-2.0,116,64,55.172413793103445,832
colocated,False,0.0,116,70,60.3448275862069,832
colocated,False,1.0,116,79,68.10344827586206,832
colocated,False,2.0,116,83,71.55172413793103,832
colocated,False,3.0,116,63,54.310344827586206,832
colocated,False,4.0,116,74,63.793103448275865,832
colocated,False,5.0,116,79,68.10344827586206,832
separated,False,-4.0,116,70,60.3448275862069,832
separated,False,-2.0,116,76,65.51724137931035,832
separated,False,0.0,116,82,70.6896551724138,832
separated,False,1.0,116,94,81.03448275862068,832
separated,False,2.0,116,79,68.10344827586206,832
separated,False,3.0,116,75,64.65517241379311,832
separated,False,4.0,116,81,69.82758620689656,832
separated,False,5.0,116,75,64.65517241379311,832
single_speaker,False,-4.0,116,86,74.13793103448276,832
single_speaker,False,-2.0,116,91,78.44827586206897,832
single_speaker,False,0.0,116,89,76.72413793103449,832
single_speaker,False,1.0,116,88,75.86206896551724,832
single_speaker,False,2.0,116,99,85.34482758620689,832
single_speaker,False,3.0,116,82,70.6896551724138,832
single_speaker,False,4.0,116,96,82.75862068965517,832
single_speaker,False,5.0,116,76,65.51724137931035,832
colocated,False,-4.0,116,66,56.896551724137936,833
colocated,False,-2.0,116,63,54.310344827586206,833
colocated,False,0.0,116,76,65.51724137931035,833
colocated,False,1.0,116,73,62.93103448275862,833
colocated,False,2.0,116,85,73.27586206896551,833
colocated,False,3.0,116,57,49.137931034482754,833
colocated,False,4.0,116,74,63.793103448275865,833
colocated,False,5.0,116,75,64.65517241379311,833
separated,False,-4.0,116,61,52.58620689655172,833
separated,False,-2.0,116,73,62.93103448275862,833
separated,False,0.0,116,83,71.55172413793103,833
separated,False,1.0,116,92,79.3103448275862,833
separated,False,2.0,116,79,68.10344827586206,833
separated,False,3.0,116,73,62.93103448275862,833
separated,False,4.0,116,88,75.86206896551724,833
separated,False,5.0,116,77,66.37931034482759,833
single_speaker,False,-4.0,116,87,75.0,833
single_speaker,False,-2.0,116,77,66.37931034482759,833
single_speaker,False,0.0,116,89,76.72413793103449,833
single_speaker,False,1.0,116,96,82.75862068965517,833
single_speaker,False,2.0,116,104,89.65517241379311,833
single_speaker,False,3.0,116,86,74.13793103448276,833
single_speaker,False,4.0,116,90,77.58620689655173,833
single_speaker,False,5.0,116,84,72.41379310344827,833
colocated,False,-4.0,116,70,60.3448275862069,834
colocated,False,-2.0,116,73,62.93103448275862,834
colocated,False,0.0,116,66,56.896551724137936,834
colocated,False,1.0,116,80,68.96551724137932,834
colocated,False,2.0,116,90,77.58620689655173,834
colocated,False,3.0,116,70,60.3448275862069,834
colocated,False,4.0,116,73,62.93103448275862,834
colocated,False,5.0,116,84,72.41379310344827,834
separated,False,-4.0,116,64,55.172413793103445,834
separated,False,-2.0,116,76,65.51724137931035,834
separated,False,0.0,116,81,69.82758620689656,834
separated,False,1.0,116,97,83.62068965517241,834
separated,False,2.0,116,78,67.24137931034483,834
separated,False,3.0,116,77,66.37931034482759,834
separated,False,4.0,116,83,71.55172413793103,834
separated,False,5.0,116,76,65.51724137931035,834
single_speaker,False,-4.0,116,82,70.6896551724138,834
single_speaker,False,-2.0,116,84,72.41379310344827,834
single_speaker,False,0.0,116,89,76.72413793103449,834
single_speaker,False,1.0,116,98,84.48275862068965,834
single_speaker,False,2.0,116,97,83.62068965517241,834
single_speaker,False,3.0,116,82,70.6896551724138,834
single_speaker,False,4.0,116,95,81.89655172413794,834
single_speaker,False,5.0,116,76,65.51724137931035,834
colocated,False,-4.0,116,71,61.206896551724135,835
colocated,False,-2.0,116,70,60.3448275862069,835
colocated,False,0.0,116,72,62.06896551724138,835
colocated,False,1.0,116,80,68.96551724137932,835
colocated,False,2.0,116,93,80.17241379310344,835
colocated,False,3.0,116,58,50.0,835
colocated,False,4.0,116,73,62.93103448275862,835
colocated,False,5.0,116,77,66.37931034482759,835
separated,False,-4.0,116,63,54.310344827586206,835
separated,False,-2.0,116,72,62.06896551724138,835
separated,False,0.0,116,77,66.37931034482759,835
separated,False,1.0,116,93,80.17241379310344,835
separated,False,2.0,116,82,70.6896551724138,835
separated,False,3.0,116,71,61.206896551724135,835
separated,False,4.0,116,90,77.58620689655173,835
separated,False,5.0,116,73,62.93103448275862,835
single_speaker,False,-4.0,116,86,74.13793103448276,835
single_speaker,False,-2.0,116,77,66.37931034482759,835
single_speaker,False,0.0,116,71,61.206896551724135,835
single_speaker,False,1.0,116,91,78.44827586206897,835
single_speaker,False,2.0,116,92,79.3103448275862,835
single_speaker,False,3.0,116,76,65.51724137931035,835
single_speaker,False,4.0,116,91,78.44827586206897,835
single_speaker,False,5.0,116,88,75.86206896551724,835
colocated,False,-4.0,116,66,56.896551724137936,836
colocated,False,-2.0,116,62,53.44827586206896,836
colocated,False,0.0,116,74,63.793103448275865,836
colocated,False,1.0,116,78,67.24137931034483,836
colocated,False,2.0,116,89,76.72413793103449,836
colocated,False,3.0,116,65,56.03448275862068,836
colocated,False,4.0,116,83,71.55172413793103,836
colocated,False,5.0,116,77,66.37931034482759,836
separated,False,-4.0,116,59,50.86206896551724,836
separated,False,-2.0,116,75,64.65517241379311,836
separated,False,0.0,116,74,63.793103448275865,836
separated,False,1.0,116,96,82.75862068965517,836
separated,False,2.0,116,85,73.27586206896551,836
separated,False,3.0,116,75,64.65517241379311,836
separated,False,4.0,116,71,61.206896551724135,836
separated,False,5.0,116,70,60.3448275862069,836
single_speaker,False,-4.0,116,76,65.51724137931035,836
single_speaker,False,-2.0,116,80,68.96551724137932,836
single_speaker,False,0.0,116,78,67.24137931034483,836
single_speaker,False,1.0,116,92,79.3103448275862,836
single_speaker,False,2.0,116,100,86.20689655172413,836
single_speaker,False,3.0,116,81,69.82758620689656,836
single_speaker,False,4.0,116,100,86.20689655172413,836
single_speaker,False,5.0,116,86,74.13793103448276,836
colocated,False,-4.0,116,58,50.0,837
colocated,False,-2.0,116,59,50.86206896551724,837
colocated,False,0.0,116,71,61.206896551724135,837
colocated,False,1.0,116,78,67.24137931034483,837
colocated,False,2.0,116,82,70.6896551724138,837
colocated,False,3.0,116,63,54.310344827586206,837
colocated,False,4.0,116,77,66.37931034482759,837
colocated,False,5.0,116,78,67.24137931034483,837
separated,False,-4.0,116,67,57.758620689655174,837
separated,False,-2.0,116,69,59.48275862068966,837
separated,False,0.0,116,77,66.37931034482759,837
separated,False,1.0,116,96,82.75862068965517,837
separated,False,2.0,116,77,66.37931034482759,837
separated,False,3.0,116,61,52.58620689655172,837
separated,False,4.0,116,86,74.13793103448276,837
separated,False,5.0,116,80,68.96551724137932,837
single_speaker,False,-4.0,116,84,72.41379310344827,837
single_speaker,False,-2.0,116,73,62.93103448275862,837
single_speaker,False,0.0,116,79,68.10344827586206,837
single_speaker,False,1.0,116,92,79.3103448275862,837
single_speaker,False,2.0,116,103,88.79310344827587,837
single_speaker,False,3.0,116,85,73.27586206896551,837
single_speaker,False,4.0,116,94,81.03448275862068,837
single_speaker,False,5.0,116,88,75.86206896551724,837
colocated,False,-4.0,116,65,56.03448275862068,838
colocated,False,-2.0,116,63,54.310344827586206,838
colocated,False,0.0,116,73,62.93103448275862,838
colocated,False,1.0,116,74,63.793103448275865,838
colocated,False,2.0,116,82,70.6896551724138,838
colocated,False,3.0,116,58,50.0,838
colocated,False,4.0,116,72,62.06896551724138,838
colocated,False,5.0,116,83,71.55172413793103,838
separated,False,-4.0,116,57,49.137931034482754,838
separated,False,-2.0,116,70,60.3448275862069,838
separated,False,0.0,116,76,65.51724137931035,838
separated,False,1.0,116,98,84.48275862068965,838
separated,False,2.0,116,80,68.96551724137932,838
separated,False,3.0,116,59,50.86206896551724,838
separated,False,4.0,116,81,69.82758620689656,838
separated,False,5.0,116,82,70.6896551724138,838
single_speaker,False,-4.0,116,85,73.27586206896551,838
single_speaker,False,-2.0,116,76,65.51724137931035,838
single_speaker,False,0.0,116,85,73.27586206896551,838
single_speaker,False,1.0,116,89,76.72413793103449,838
single_speaker,False,2.0,116,104,89.65517241379311,838
single_speaker,False,3.0,116,91,78.44827586206897,838
single_speaker,False,4.0,116,97,83.62068965517241,838
single_speaker,False,5.0,116,72,62.06896551724138,838
colocated,False,-4.0,116,65,56.03448275862068,839
colocated,False,-2.0,116,64,55.172413793103445,839
colocated,False,0.0,116,79,68.10344827586206,839
colocated,False,1.0,116,77,66.37931034482759,839
colocated,False,2.0,116,80,68.96551724137932,839
colocated,False,3.0,116,65,56.03448275862068,839
colocated,False,4.0,116,77,66.37931034482759,839
colocated,False,5.0,116,75,64.65517241379311,839
separated,False,-4.0,116,59,50.86206896551724,839
separated,False,-2.0,116,76,65.51724137931035,839
separated,False,0.0,116,71,61.206896551724135,839
separated,False,1.0,116,84,72.41379310344827,839
separated,False,2.0,116,80,68.96551724137932,839
separated,False,3.0,116,59,50.86206896551724,839
separated,False,4.0,116,85,73.27586206896551,839
separated,False,5.0,116,78,67.24137931034483,839
single_speaker,False,-4.0,116,82,70.6896551724138,839
single_speaker,False,-2.0,116,78,67.24137931034483,839
single_speaker,False,0.0,116,84,72.41379310344827,839
single_speaker,False,1.0,116,91,78.44827586206897,839
single_speaker,False,2.0,116,103,88.79310344827587,839
single_speaker,False,3.0,116,72,62.06896551724138,839
single_speaker,False,4.0,116,98,84.48275862068965,839
single_speaker,False,5.0,116,89,76.72413793103449,839
colocated,False,-4.0,116,70,60.3448275862069,840
colocated,False,-2.0,116,67,57.758620689655174,840
colocated,False,0.0,116,68,58.620689655172406,840
colocated,False,1.0,116,86,74.13793103448276,840
colocated,False,2.0,116,89,76.72413793103449,840
colocated,False,3.0,116,62,53.44827586206896,840
colocated,False,4.0,116,79,68.10344827586206,840
colocated,False,5.0,116,79,68.10344827586206,840
separated,False,-4.0,116,64,55.172413793103445,840
separated,False,-2.0,116,77,66.37931034482759,840
separated,False,0.0,116,90,77.58620689655173,840
separated,False,1.0,116,92,79.3103448275862,840
separated,False,2.0,116,84,72.41379310344827,840
separated,False,3.0,116,70,60.3448275862069,840
separated,False,4.0,116,81,69.82758620689656,840
separated,False,5.0,116,84,72.41379310344827,840
single_speaker,False,-4.0,116,92,79.3103448275862,840
single_speaker,False,-2.0,116,75,64.65517241379311,840
single_speaker,False,0.0,116,81,69.82758620689656,840
single_speaker,False,1.0,116,91,78.44827586206897,840
single_speaker,False,2.0,116,102,87.93103448275862,840
single_speaker,False,3.0,116,87,75.0,840
single_speaker,False,4.0,116,89,76.72413793103449,840
single_speaker,False,5.0,116,83,71.55172413793103,840
colocated,False,-4.0,116,62,53.44827586206896,841
colocated,False,-2.0,116,67,57.758620689655174,841
colocated,False,0.0,116,72,62.06896551724138,841
colocated,False,1.0,116,74,63.793103448275865,841
colocated,False,2.0,116,93,80.17241379310344,841
colocated,False,3.0,116,67,57.758620689655174,841
colocated,False,4.0,116,74,63.793103448275865,841
colocated,False,5.0,116,85,73.27586206896551,841
separated,False,-4.0,116,56,48.275862068965516,841
separated,False,-2.0,116,79,68.10344827586206,841
separated,False,0.0,116,79,68.10344827586206,841
separated,False,1.0,116,95,81.89655172413794,841
separated,False,2.0,116,72,62.06896551724138,841
separated,False,3.0,116,70,60.3448275862069,841
separated,False,4.0,116,83,71.55172413793103,841
separated,False,5.0,116,75,64.65517241379311,841
single_speaker,False,-4.0,116,90,77.58620689655173,841
single_speaker,False,-2.0,116,90,77.58620689655173,841
single_speaker,False,0.0,116,86,74.13793103448276,841
single_speaker,False,1.0,116,94,81.03448275862068,841
single_speaker,False,2.0,116,97,83.62068965517241,841
single_speaker,False,3.0,116,85,73.27586206896551,841
single_speaker,False,4.0,116,94,81.03448275862068,841
single_speaker,False,5.0,116,78,67.24137931034483,841
colocated,False,-4.0,116,68,58.620689655172406,842
colocated,False,-2.0,116,71,61.206896551724135,842
colocated,False,0.0,116,65,56.03448275862068,842
colocated,False,1.0,116,76,65.51724137931035,842
colocated,False,2.0,116,92,79.3103448275862,842
colocated,False,3.0,116,76,65.51724137931035,842
colocated,False,4.0,116,84,72.41379310344827,842
colocated,False,5.0,116,82,70.6896551724138,842
separated,False,-4.0,116,69,59.48275862068966,842
separated,False,-2.0,116,80,68.96551724137932,842
separated,False,0.0,116,86,74.13793103448276,842
separated,False,1.0,116,94,81.03448275862068,842
separated,False,2.0,116,79,68.10344827586206,842
separated,False,3.0,116,67,57.758620689655174,842
separated,False,4.0,116,80,68.96551724137932,842
separated,False,5.0,116,71,61.206896551724135,842
single_speaker,False,-4.0,116,79,68.10344827586206,842
single_speaker,False,-2.0,116,82,70.6896551724138,842
single_speaker,False,0.0,116,77,66.37931034482759,842
single_speaker,False,1.0,116,95,81.89655172413794,842
single_speaker,False,2.0,116,99,85.34482758620689,842
single_speaker,False,3.0,116,88,75.86206896551724,842
single_speaker,False,4.0,116,92,79.3103448275862,842
single_speaker,False,5.0,116,89,76.72413793103449,842
colocated,False,-4.0,116,67,57.758620689655174,843
colocated,False,-2.0,116,71,61.206896551724135,843
colocated,False,0.0,116,70,60.3448275862069,843
colocated,False,1.0,116,84,72.41379310344827,843
colocated,False,2.0,116,90,77.58620689655173,843
colocated,False,3.0,116,55,47.41379310344828,843
colocated,False,4.0,116,69,59.48275862068966,843
colocated,False,5.0,116,75,64.65517241379311,843
separated,False,-4.0,116,61,52.58620689655172,843
separated,False,-2.0,116,70,60.3448275862069,843
separated,False,0.0,116,68,58.620689655172406,843
separated,False,1.0,116,93,80.17241379310344,843
separated,False,2.0,116,72,62.06896551724138,843
separated,False,3.0,116,72,62.06896551724138,843
separated,False,4.0,116,86,74.13793103448276,843
separated,False,5.0,116,78,67.24137931034483,843
single_speaker,False,-4.0,116,83,71.55172413793103,843
single_speaker,False,-2.0,116,83,71.55172413793103,843
single_speaker,False,0.0,116,88,75.86206896551724,843
single_speaker,False,1.0,116,90,77.58620689655173,843
single_speaker,False,2.0,116,107,92.24137931034483,843
single_speaker,False,3.0,116,90,77.58620689655173,843
single_speaker,False,4.0,116,91,78.44827586206897,843
single_speaker,False,5.0,116,78,67.24137931034483,843
colocated,False,-4.0,116,55,47.41379310344828,844
colocated,False,-2.0,116,65,56.03448275862068,844
colocated,False,0.0,116,77,66.37931034482759,844
colocated,False,1.0,116,83,71.55172413793103,844
colocated,False,2.0,116,87,75.0,844
colocated,False,3.0,116,69,59.48275862068966,844
colocated,False,4.0,116,82,70.6896551724138,844
colocated,False,5.0,116,74,63.793103448275865,844
separated,False,-4.0,116,69,59.48275862068966,844
separated,False,-2.0,116,80,68.96551724137932,844
separated,False,0.0,116,74,63.793103448275865,844
separated,False,1.0,116,93,80.17241379310344,844
separated,False,2.0,116,76,65.51724137931035,844
separated,False,3.0,116,72,62.06896551724138,844
separated,False,4.0,116,91,78.44827586206897,844
separated,False,5.0,116,77,66.37931034482759,844
single_speaker,False,-4.0,116,77,66.37931034482759,844
single_speaker,False,-2.0,116,73,62.93103448275862,844
single_speaker,False,0.0,116,89,76.72413793103449,844
single_speaker,False,1.0,116,92,79.3103448275862,844
single_speaker,False,2.0,116,100,86.20689655172413,844
single_speaker,False,3.0,116,77,66.37931034482759,844
single_speaker,False,4.0,116,96,82.75862068965517,844
single_speaker,False,5.0,116,84,72.41379310344827,844
colocated,False,-4.0,116,56,48.275862068965516,845
colocated,False,-2.0,116,67,57.758620689655174,845
colocated,False,0.0,116,80,68.96551724137932,845
colocated,False,1.0,116,82,70.6896551724138,845
colocated,False,2.0,116,80,68.96551724137932,845
colocated,False,3.0,116,69,59.48275862068966,845
colocated,False,4.0,116,79,68.10344827586206,845
colocated,False,5.0,116,75,64.65517241379311,845
separated,False,-4.0,116,49,42.241379310344826,845
separated,False,-2.0,116,72,62.06896551724138,845
separated,False,0.0,116,76,65.51724137931035,845
separated,False,1.0,116,91,78.44827586206897,845
separated,False,2.0,116,77,66.37931034482759,845
separated,False,3.0,116,72,62.06896551724138,845
separated,False,4.0,116,80,68.96551724137932,845
separated,False,5.0,116,82,70.6896551724138,845
single_speaker,False,-4.0,116,91,78.44827586206897,845
single_speaker,False,-2.0,116,96,82.75862068965517,845
single_speaker,False,0.0,116,75,64.65517241379311,845
single_speaker,False,1.0,116,101,87.06896551724138,845
single_speaker,False,2.0,116,99,85.34482758620689,845
single_speaker,False,3.0,116,82,70.6896551724138,845
single_speaker,False,4.0,116,93,80.17241379310344,845
single_speaker,False,5.0,116,87,75.0,845
colocated,False,-4.0,116,66,56.896551724137936,846
colocated,False,-2.0,116,52,44.827586206896555,846
colocated,False,0.0,116,76,65.51724137931035,846
colocated,False,1.0,116,77,66.37931034482759,846
colocated,False,2.0,116,90,77.58620689655173,846
colocated,False,3.0,116,66,56.896551724137936,846
colocated,False,4.0,116,83,71.55172413793103,846
colocated,False,5.0,116,81,69.82758620689656,846
separated,False,-4.0,116,57,49.137931034482754,846
separated,False,-2.0,116,73,62.93103448275862,846
separated,False,0.0,116,77,66.37931034482759,846
separated,False,1.0,116,99,85.34482758620689,846
separated,False,2.0,116,81,69.82758620689656,846
separated,False,3.0,116,75,64.65517241379311,846
separated,False,4.0,116,90,77.58620689655173,846
separated,False,5.0,116,75,64.65517241379311,846
single_speaker,False,-4.0,116,90,77.58620689655173,846
single_speaker,False,-2.0,116,81,69.82758620689656,846
single_speaker,False,0.0,116,83,71.55172413793103,846
single_speaker,False,1.0,116,95,81.89655172413794,846
single_speaker,False,2.0,116,104,89.65517241379311,846
single_speaker,False,3.0,116,89,76.72413793103449,846
single_speaker,False,4.0,116,91,78.44827586206897,846
single_speaker,False,5.0,116,85,73.27586206896551,846
colocated,False,-4.0,116,59,50.86206896551724,847
colocated,False,-2.0,116,63,54.310344827586206,847
colocated,False,0.0,116,75,64.65517241379311,847
colocated,False,1.0,116,75,64.65517241379311,847
colocated,False,2.0,116,87,75.0,847
colocated,False,3.0,116,59,50.86206896551724,847
colocated,False,4.0,116,83,71.55172413793103,847
colocated,False,5.0,116,83,71.55172413793103,847
separated,False,-4.0,116,67,57.758620689655174,847
separated,False,-2.0,116,74,63.793103448275865,847
separated,False,0.0,116,74,63.793103448275865,847
separated,False,1.0,116,96,82.75862068965517,847
separated,False,2.0,116,71,61.206896551724135,847
separated,False,3.0,116,81,69.82758620689656,847
separated,False,4.0,116,91,78.44827586206897,847
separated,False,5.0,116,85,73.27586206896551,847
single_speaker,False,-4.0,116,92,79.3103448275862,847
single_speaker,False,-2.0,116,76,65.51724137931035,847
single_speaker,False,0.0,116,88,75.86206896551724,847
single_speaker,False,1.0,116,101,87.06896551724138,847
single_speaker,False,2.0,116,98,84.48275862068965,847
single_speaker,False,3.0,116,80,68.96551724137932,847
single_speaker,False,4.0,116,95,81.89655172413794,847
single_speaker,False,5.0,116,84,72.41379310344827,847
colocated,False,-4.0,116,71,61.206896551724135,848
colocated,False,-2.0,116,62,53.44827586206896,848
colocated,False,0.0,116,72,62.06896551724138,848
colocated,False,1.0,116,85,73.27586206896551,848
colocated,False,2.0,116,85,73.27586206896551,848
colocated,False,3.0,116,62,53.44827586206896,848
colocated,False,4.0,116,85,73.27586206896551,848
colocated,False,5.0,116,74,63.793103448275865,848
separated,False,-4.0,116,60,51.724137931034484,848
separated,False,-2.0,116,65,56.03448275862068,848
separated,False,0.0,116,80,68.96551724137932,848
separated,False,1.0,116,91,78.44827586206897,848
separated,False,2.0,116,72,62.06896551724138,848
separated,False,3.0,116,68,58.620689655172406,848
separated,False,4.0,116,73,62.93103448275862,848
separated,False,5.0,116,76,65.51724137931035,848
single_speaker,False,-4.0,116,86,74.13793103448276,848
single_speaker,False,-2.0,116,73,62.93103448275862,848
single_speaker,False,0.0,116,91,78.44827586206897,848
single_speaker,False,1.0,116,93,80.17241379310344,848
single_speaker,False,2.0,116,100,86.20689655172413,848
single_speaker,False,3.0,116,81,69.82758620689656,848
single_speaker,False,4.0,116,91,78.44827586206897,848
single_speaker,False,5.0,116,82,70.6896551724138,848
colocated,False,-4.0,116,71,61.206896551724135,849
colocated,False,-2.0,116,62,53.44827586206896,849
colocated,False,0.0,116,70,60.3448275862069,849
colocated,False,1.0,116,78,67.24137931034483,849
colocated,False,2.0,116,84,72.41379310344827,849
colocated,False,3.0,116,65,56.03448275862068,849
colocated,False,4.0,116,81,69.82758620689656,849
colocated,False,5.0,116,79,68.10344827586206,849
separated,False,-4.0,116,61,52.58620689655172,849
separated,False,-2.0,116,75,64.65517241379311,849
separated,False,0.0,116,88,75.86206896551724,849
separated,False,1.0,116,90,77.58620689655173,849
separated,False,2.0,116,76,65.51724137931035,849
separated,False,3.0,116,65,56.03448275862068,849
separated,False,4.0,116,77,66.37931034482759,849
separated,False,5.0,116,76,65.51724137931035,849
single_speaker,False,-4.0,116,92,79.3103448275862,849
single_speaker,False,-2.0,116,82,70.6896551724138,849
single_speaker,False,0.0,116,85,73.27586206896551,849
single_speaker,False,1.0,116,86,74.13793103448276,849
single_speaker,False,2.0,116,98,84.48275862068965,849
single_speaker,False,3.0,116,79,68.10344827586206,849
single_speaker,False,4.0,116,95,81.89655172413794,849
single_speaker,False,5.0,116,68,58.620689655172406,849
colocated,False,-4.0,116,72,62.06896551724138,850
colocated,False,-2.0,116,68,58.620689655172406,850
colocated,False,0.0,116,69,59.48275862068966,850
colocated,False,1.0,116,84,72.41379310344827,850
colocated,False,2.0,116,88,75.86206896551724,850
colocated,False,3.0,116,60,51.724137931034484,850
colocated,False,4.0,116,79,68.10344827586206,850
colocated,False,5.0,116,80,68.96551724137932,850
separated,False,-4.0,116,63,54.310344827586206,850
separated,False,-2.0,116,61,52.58620689655172,850
separated,False,0.0,116,70,60.3448275862069,850
separated,False,1.0,116,93,80.17241379310344,850
separated,False,2.0,116,79,68.10344827586206,850
separated,False,3.0,116,74,63.793103448275865,850
separated,False,4.0,116,73,62.93103448275862,850
separated,False,5.0,116,83,71.55172413793103,850
single_speaker,False,-4.0,116,86,74.13793103448276,850
single_speaker,False,-2.0,116,79,68.10344827586206,850
single_speaker,False,0.0,116,81,69.82758620689656,850
single_speaker,False,1.0,116,88,75.86206896551724,850
single_speaker,False,2.0,116,92,79.3103448275862,850
single_speaker,False,3.0,116,87,75.0,850
single_speaker,False,4.0,116,89,76.72413793103449,850
single_speaker,False,5.0,116,84,72.41379310344827,850
colocated,False,-4.0,116,67,57.758620689655174,851
colocated,False,-2.0,116,59,50.86206896551724,851
colocated,False,0.0,116,68,58.620689655172406,851
colocated,False,1.0,116,78,67.24137931034483,851
colocated,False,2.0,116,75,64.65517241379311,851
colocated,False,3.0,116,66,56.896551724137936,851
colocated,False,4.0,116,75,64.65517241379311,851
colocated,False,5.0,116,80,68.96551724137932,851
separated,False,-4.0,116,66,56.896551724137936,851
separated,False,-2.0,116,74,63.793103448275865,851
separated,False,0.0,116,75,64.65517241379311,851
separated,False,1.0,116,93,80.17241379310344,851
separated,False,2.0,116,73,62.93103448275862,851
separated,False,3.0,116,69,59.48275862068966,851
separated,False,4.0,116,78,67.24137931034483,851
separated,False,5.0,116,77,66.37931034482759,851
single_speaker,False,-4.0,116,79,68.10344827586206,851
single_speaker,False,-2.0,116,79,68.10344827586206,851
single_speaker,False,0.0,116,77,66.37931034482759,851
single_speaker,False,1.0,116,90,77.58620689655173,851
single_speaker,False,2.0,116,98,84.48275862068965,851
single_speaker,False,3.0,116,84,72.41379310344827,851
single_speaker,False,4.0,116,95,81.89655172413794,851
single_speaker,False,5.0,116,83,71.55172413793103,851
colocated,False,-4.0,116,66,56.896551724137936,852
colocated,False,-2.0,116,68,58.620689655172406,852
colocated,False,0.0,116,66,56.896551724137936,852
colocated,False,1.0,116,78,67.24137931034483,852
colocated,False,2.0,116,81,69.82758620689656,852
colocated,False,3.0,116,65,56.03448275862068,852
colocated,False,4.0,116,83,71.55172413793103,852
colocated,False,5.0,116,83,71.55172413793103,852
separated,False,-4.0,116,54,46.55172413793103,852
separated,False,-2.0,116,78,67.24137931034483,852
separated,False,0.0,116,84,72.41379310344827,852
separated,False,1.0,116,94,81.03448275862068,852
separated,False,2.0,116,77,66.37931034482759,852
separated,False,3.0,116,76,65.51724137931035,852
separated,False,4.0,116,68,58.620689655172406,852
separated,False,5.0,116,88,75.86206896551724,852
single_speaker,False,-4.0,116,85,73.27586206896551,852
single_speaker,False,-2.0,116,85,73.27586206896551,852
single_speaker,False,0.0,116,88,75.86206896551724,852
single_speaker,False,1.0,116,97,83.62068965517241,852
single_speaker,False,2.0,116,107,92.24137931034483,852
single_speaker,False,3.0,116,84,72.41379310344827,852
single_speaker,False,4.0,116,90,77.58620689655173,852
single_speaker,False,5.0,116,82,70.6896551724138,852
colocated,False,-4.0,116,72,62.06896551724138,853
colocated,False,-2.0,116,64,55.172413793103445,853
colocated,False,0.0,116,82,70.6896551724138,853
colocated,False,1.0,116,87,75.0,853
colocated,False,2.0,116,90,77.58620689655173,853
colocated,False,3.0,116,62,53.44827586206896,853
colocated,False,4.0,116,77,66.37931034482759,853
colocated,False,5.0,116,79,68.10344827586206,853
separated,False,-4.0,116,61,52.58620689655172,853
separated,False,-2.0,116,64,55.172413793103445,853
separated,False,0.0,116,78,67.24137931034483,853
separated,False,1.0,116,88,75.86206896551724,853
separated,False,2.0,116,81,69.82758620689656,853
separated,False,3.0,116,65,56.03448275862068,853
separated,False,4.0,116,73,62.93103448275862,853
separated,False,5.0,116,69,59.48275862068966,853
single_speaker,False,-4.0,116,88,75.86206896551724,853
single_speaker,False,-2.0,116,79,68.10344827586206,853
single_speaker,False,0.0,116,87,75.0,853
single_speaker,False,1.0,116,88,75.86206896551724,853
single_speaker,False,2.0,116,105,90.51724137931035,853
single_speaker,False,3.0,116,86,74.13793103448276,853
single_speaker,False,4.0,116,90,77.58620689655173,853
single_speaker,False,5.0,116,78,67.24137931034483,853
colocated,False,-4.0,116,64,55.172413793103445,854
colocated,False,-2.0,116,71,61.206896551724135,854
colocated,False,0.0,116,77,66.37931034482759,854
colocated,False,1.0,116,77,66.37931034482759,854
colocated,False,2.0,116,89,76.72413793103449,854
colocated,False,3.0,116,63,54.310344827586206,854
colocated,False,4.0,116,70,60.3448275862069,854
colocated,False,5.0,116,75,64.65517241379311,854
separated,False,-4.0,116,69,59.48275862068966,854
separated,False,-2.0,116,81,69.82758620689656,854
separated,False,0.0,116,79,68.10344827586206,854
separated,False,1.0,116,94,81.03448275862068,854
separated,False,2.0,116,66,56.896551724137936,854
separated,False,3.0,116,67,57.758620689655174,854
separated,False,4.0,116,85,73.27586206896551,854
separated,False,5.0,116,74,63.793103448275865,854
single_speaker,False,-4.0,116,81,69.82758620689656,854
single_speaker,False,-2.0,116,86,74.13793103448276,854
single_speaker,False,0.0,116,79,68.10344827586206,854
single_speaker,False,1.0,116,97,83.62068965517241,854
single_speaker,False,2.0,116,100,86.20689655172413,854
single_speaker,False,3.0,116,87,75.0,854
single_speaker,False,4.0,116,91,78.44827586206897,854
single_speaker,False,5.0,116,85,73.27586206896551,854
colocated,False,-4.0,116,74,63.793103448275865,855
colocated,False,-2.0,116,64,55.172413793103445,855
colocated,False,0.0,116,79,68.10344827586206,855
colocated,False,1.0,116,79,68.10344827586206,855
colocated,False,2.0,116,88,75.86206896551724,855
colocated,False,3.0,116,64,55.172413793103445,855
colocated,False,4.0,116,80,68.96551724137932,855
colocated,False,5.0,116,76,65.51724137931035,855
separated,False,-4.0,116,57,49.137931034482754,855
separated,False,-2.0,116,74,63.793103448275865,855
separated,False,0.0,116,77,66.37931034482759,855
separated,False,1.0,116,96,82.75862068965517,855
separated,False,2.0,116,81,69.82758620689656,855
separated,False,3.0,116,71,61.206896551724135,855
separated,False,4.0,116,84,72.41379310344827,855
separated,False,5.0,116,81,69.82758620689656,855
single_speaker,False,-4.0,116,88,75.86206896551724,855
single_speaker,False,-2.0,116,75,64.65517241379311,855
single_speaker,False,0.0,116,85,73.27586206896551,855
single_speaker,False,1.0,116,97,83.62068965517241,855
single_speaker,False,2.0,116,99,85.34482758620689,855
single_speaker,False,3.0,116,83,71.55172413793103,855
single_speaker,False,4.0,116,95,81.89655172413794,855
single_speaker,False,5.0,116,82,70.6896551724138,855
colocated,False,-4.0,116,65,56.03448275862068,856
colocated,False,-2.0,116,71,61.206896551724135,856
colocated,False,0.0,116,80,68.96551724137932,856
colocated,False,1.0,116,85,73.27586206896551,856
colocated,False,2.0,116,84,72.41379310344827,856
colocated,False,3.0,116,73,62.93103448275862,856
colocated,False,4.0,116,80,68.96551724137932,856
colocated,False,5.0,116,78,67.24137931034483,856
separated,False,-4.0,116,60,51.724137931034484,856
separated,False,-2.0,116,76,65.51724137931035,856
separated,False,0.0,116,84,72.41379310344827,856
separated,False,1.0,116,90,77.58620689655173,856
separated,False,2.0,116,80,68.96551724137932,856
separated,False,3.0,116,76,65.51724137931035,856
separated,False,4.0,116,85,73.27586206896551,856
separated,False,5.0,116,82,70.6896551724138,856
single_speaker,False,-4.0,116,93,80.17241379310344,856
single_speaker,False,-2.0,116,77,66.37931034482759,856
single_speaker,False,0.0,116,83,71.55172413793103,856
single_speaker,False,1.0,116,84,72.41379310344827,856
single_speaker,False,2.0,116,99,85.34482758620689,856
single_speaker,False,3.0,116,78,67.24137931034483,856
single_speaker,False,4.0,116,90,77.58620689655173,856
single_speaker,False,5.0,116,85,73.27586206896551,856
colocated,False,-4.0,116,69,59.48275862068966,857
colocated,False,-2.0,116,71,61.206896551724135,857
colocated,False,0.0,116,70,60.3448275862069,857
colocated,False,1.0,116,80,68.96551724137932,857
colocated,False,2.0,116,89,76.72413793103449,857
colocated,False,3.0,116,57,49.137931034482754,857
colocated,False,4.0,116,87,75.0,857
colocated,False,5.0,116,86,74.13793103448276,857
separated,False,-4.0,116,57,49.137931034482754,857
separated,False,-2.0,116,73,62.93103448275862,857
separated,False,0.0,116,88,75.86206896551724,857
separated,False,1.0,116,88,75.86206896551724,857
separated,False,2.0,116,70,60.3448275862069,857
separated,False,3.0,116,65,56.03448275862068,857
separated,False,4.0,116,85,73.27586206896551,857
separated,False,5.0,116,77,66.37931034482759,857
single_speaker,False,-4.0,116,87,75.0,857
single_speaker,False,-2.0,116,81,69.82758620689656,857
single_speaker,False,0.0,116,84,72.41379310344827,857
single_speaker,False,1.0,116,93,80.17241379310344,857
single_speaker,False,2.0,116,100,86.20689655172413,857
single_speaker,False,3.0,116,93,80.17241379310344,857
single_speaker,False,4.0,116,94,81.03448275862068,857
single_speaker,False,5.0,116,76,65.51724137931035,857
colocated,False,-4.0,116,72,62.06896551724138,858
colocated,False,-2.0,116,65,56.03448275862068,858
colocated,False,0.0,116,71,61.206896551724135,858
colocated,False,1.0,116,73,62.93103448275862,858
colocated,False,2.0,116,91,78.44827586206897,858
colocated,False,3.0,116,69,59.48275862068966,858
colocated,False,4.0,116,79,68.10344827586206,858
colocated,False,5.0,116,85,73.27586206896551,858
separated,False,-4.0,116,70,60.3448275862069,858
separated,False,-2.0,116,78,67.24137931034483,858
separated,False,0.0,116,71,61.206896551724135,858
separated,False,1.0,116,95,81.89655172413794,858
separated,False,2.0,116,80,68.96551724137932,858
separated,False,3.0,116,72,62.06896551724138,858
separated,False,4.0,116,92,79.3103448275862,858
separated,False,5.0,116,82,70.6896551724138,858
single_speaker,False,-4.0,116,90,77.58620689655173,858
single_speaker,False,-2.0,116,72,62.06896551724138,858
single_speaker,False,0.0,116,85,73.27586206896551,858
single_speaker,False,1.0,116,95,81.89655172413794,858
single_speaker,False,2.0,116,100,86.20689655172413,858
single_speaker,False,3.0,116,80,68.96551724137932,858
single_speaker,False,4.0,116,92,79.3103448275862,858
single_speaker,False,5.0,116,83,71.55172413793103,858
colocated,False,-4.0,116,65,56.03448275862068,859
colocated,False,-2.0,116,65,56.03448275862068,859
colocated,False,0.0,116,67,57.758620689655174,859
colocated,False,1.0,116,81,69.82758620689656,859
colocated,False,2.0,116,93,80.17241379310344,859
colocated,False,3.0,116,66,56.896551724137936,859
colocated,False,4.0,116,74,63.793103448275865,859
colocated,False,5.0,116,85,73.27586206896551,859
separated,False,-4.0,116,61,52.58620689655172,859
separated,False,-2.0,116,75,64.65517241379311,859
separated,False,0.0,116,76,65.51724137931035,859
separated,False,1.0,116,94,81.03448275862068,859
separated,False,2.0,116,68,58.620689655172406,859
separated,False,3.0,116,65,56.03448275862068,859
separated,False,4.0,116,79,68.10344827586206,859
separated,False,5.0,116,74,63.793103448275865,859
single_speaker,False,-4.0,116,86,74.13793103448276,859
single_speaker,False,-2.0,116,73,62.93103448275862,859
single_speaker,False,0.0,116,83,71.55172413793103,859
single_speaker,False,1.0,116,92,79.3103448275862,859
single_speaker,False,2.0,116,99,85.34482758620689,859
single_speaker,False,3.0,116,81,69.82758620689656,859
single_speaker,False,4.0,116,95,81.89655172413794,859
single_speaker,False,5.0,116,81,69.82758620689656,859
colocated,False,-4.0,116,62,53.44827586206896,860
colocated,False,-2.0,116,65,56.03448275862068,860
colocated,False,0.0,116,81,69.82758620689656,860
colocated,False,1.0,116,72,62.06896551724138,860
colocated,False,2.0,116,90,77.58620689655173,860
colocated,False,3.0,116,66,56.896551724137936,860
colocated,False,4.0,116,82,70.6896551724138,860
colocated,False,5.0,116,79,68.10344827586206,860
separated,False,-4.0,116,59,50.86206896551724,860
separated,False,-2.0,116,65,56.03448275862068,860
separated,False,0.0,116,76,65.51724137931035,860
separated,False,1.0,116,96,82.75862068965517,860
separated,False,2.0,116,70,60.3448275862069,860
separated,False,3.0,116,68,58.620689655172406,860
separated,False,4.0,116,89,76.72413793103449,860
separated,False,5.0,116,83,71.55172413793103,860
single_speaker,False,-4.0,116,85,73.27586206896551,860
single_speaker,False,-2.0,116,81,69.82758620689656,860
single_speaker,False,0.0,116,86,74.13793103448276,860
single_speaker,False,1.0,116,88,75.86206896551724,860
single_speaker,False,2.0,116,100,86.20689655172413,860
single_speaker,False,3.0,116,81,69.82758620689656,860
single_speaker,False,4.0,116,97,83.62068965517241,860
single_speaker,False,5.0,116,74,63.793103448275865,860
colocated,False,-4.0,116,64,55.172413793103445,861
colocated,False,-2.0,116,62,53.44827586206896,861
colocated,False,0.0,116,75,64.65517241379311,861
colocated,False,1.0,116,87,75.0,861
colocated,False,2.0,116,85,73.27586206896551,861
colocated,False,3.0,116,61,52.58620689655172,861
colocated,False,4.0,116,70,60.3448275862069,861
colocated,False,5.0,116,80,68.96551724137932,861
separated,False,-4.0,116,60,51.724137931034484,861
separated,False,-2.0,116,71,61.206896551724135,861
separated,False,0.0,116,92,79.3103448275862,861
separated,False,1.0,116,90,77.58620689655173,861
separated,False,2.0,116,69,59.48275862068966,861
separated,False,3.0,116,75,64.65517241379311,861
separated,False,4.0,116,96,82.75862068965517,861
separated,False,5.0,116,82,70.6896551724138,861
single_speaker,False,-4.0,116,84,72.41379310344827,861
single_speaker,False,-2.0,116,72,62.06896551724138,861
single_speaker,False,0.0,116,83,71.55172413793103,861
single_speaker,False,1.0,116,87,75.0,861
single_speaker,False,2.0,116,108,93.10344827586206,861
single_speaker,False,3.0,116,81,69.82758620689656,861
single_speaker,False,4.0,116,96,82.75862068965517,861
single_speaker,False,5.0,116,82,70.6896551724138,861
colocated,False,-4.0,116,69,59.48275862068966,862
colocated,False,-2.0,116,58,50.0,862
colocated,False,0.0,116,77,66.37931034482759,862
colocated,False,1.0,116,76,65.51724137931035,862
colocated,False,2.0,116,89,76.72413793103449,862
colocated,False,3.0,116,59,50.86206896551724,862
colocated,False,4.0,116,76,65.51724137931035,862
colocated,False,5.0,116,77,66.37931034482759,862
separated,False,-4.0,116,55,47.41379310344828,862
separated,False,-2.0,116,73,62.93103448275862,862
separated,False,0.0,116,77,66.37931034482759,862
separated,False,1.0,116,84,72.41379310344827,862
separated,False,2.0,116,73,62.93103448275862,862
separated,False,3.0,116,73,62.93103448275862,862
separated,False,4.0,116,91,78.44827586206897,862
separated,False,5.0,116,79,68.10344827586206,862
single_speaker,False,-4.0,116,93,80.17241379310344,862
single_speaker,False,-2.0,116,75,64.65517241379311,862
single_speaker,False,0.0,116,90,77.58620689655173,862
single_speaker,False,1.0,116,92,79.3103448275862,862
single_speaker,False,2.0,116,99,85.34482758620689,862
single_speaker,False,3.0,116,81,69.82758620689656,862
single_speaker,False,4.0,116,93,80.17241379310344,862
single_speaker,False,5.0,116,84,72.41379310344827,862
colocated,False,-4.0,116,64,55.172413793103445,863
colocated,False,-2.0,116,65,56.03448275862068,863
colocated,False,0.0,116,77,66.37931034482759,863
colocated,False,1.0,116,82,70.6896551724138,863
colocated,False,2.0,116,81,69.82758620689656,863
colocated,False,3.0,116,76,65.51724137931035,863
colocated,False,4.0,116,87,75.0,863
colocated,False,5.0,116,79,68.10344827586206,863
separated,False,-4.0,116,59,50.86206896551724,863
separated,False,-2.0,116,74,63.793103448275865,863
separated,False,0.0,116,78,67.24137931034483,863
separated,False,1.0,116,94,81.03448275862068,863
separated,False,2.0,116,81,69.82758620689656,863
separated,False,3.0,116,75,64.65517241379311,863
separated,False,4.0,116,79,68.10344827586206,863
separated,False,5.0,116,84,72.41379310344827,863
single_speaker,False,-4.0,116,84,72.41379310344827,863
single_speaker,False,-2.0,116,84,72.41379310344827,863
single_speaker,False,0.0,116,92,79.3103448275862,863
single_speaker,False,1.0,116,93,80.17241379310344,863
single_speaker,False,2.0,116,95,81.89655172413794,863
single_speaker,False,3.0,116,78,67.24137931034483,863
single_speaker,False,4.0,116,98,84.48275862068965,863
single_speaker,False,5.0,116,80,68.96551724137932,863
colocated,False,-4.0,116,61,52.58620689655172,864
colocated,False,-2.0,116,54,46.55172413793103,864
colocated,False,0.0,116,77,66.37931034482759,864
colocated,False,1.0,116,78,67.24137931034483,864
colocated,False,2.0,116,84,72.41379310344827,864
colocated,False,3.0,116,68,58.620689655172406,864
colocated,False,4.0,116,70,60.3448275862069,864
colocated,False,5.0,116,77,66.37931034482759,864
separated,False,-4.0,116,67,57.758620689655174,864
separated,False,-2.0,116,69,59.48275862068966,864
separated,False,0.0,116,78,67.24137931034483,864
separated,False,1.0,116,92,79.3103448275862,864
separated,False,2.0,116,85,73.27586206896551,864
separated,False,3.0,116,70,60.3448275862069,864
separated,False,4.0,116,86,74.13793103448276,864
separated,False,5.0,116,75,64.65517241379311,864
single_speaker,False,-4.0,116,82,70.6896551724138,864
single_speaker,False,-2.0,116,90,77.58620689655173,864
single_speaker,False,0.0,116,82,70.6896551724138,864
single_speaker,False,1.0,116,93,80.17241379310344,864
single_speaker,False,2.0,116,91,78.44827586206897,864
single_speaker,False,3.0,116,80,68.96551724137932,864
single_speaker,False,4.0,116,85,73.27586206896551,864
single_speaker,False,5.0,116,81,69.82758620689656,864
colocated,False,-4.0,116,64,55.172413793103445,865
colocated,False,-2.0,116,72,62.06896551724138,865
colocated,False,0.0,116,68,58.620689655172406,865
colocated,False,1.0,116,81,69.82758620689656,865
colocated,False,2.0,116,85,73.27586206896551,865
colocated,False,3.0,116,62,53.44827586206896,865
colocated,False,4.0,116,79,68.10344827586206,865
colocated,False,5.0,116,78,67.24137931034483,865
separated,False,-4.0,116,66,56.896551724137936,865
separated,False,-2.0,116,67,57.758620689655174,865
separated,False,0.0,116,78,67.24137931034483,865
separated,False,1.0,116,95,81.89655172413794,865
separated,False,2.0,116,76,65.51724137931035,865
separated,False,3.0,116,59,50.86206896551724,865
separated,False,4.0,116,77,66.37931034482759,865
separated,False,5.0,116,83,71.55172413793103,865
single_speaker,False,-4.0,116,85,73.27586206896551,865
single_speaker,False,-2.0,116,88,75.86206896551724,865
single_speaker,False,0.0,116,86,74.13793103448276,865
single_speaker,False,1.0,116,92,79.3103448275862,865
single_speaker,False,2.0,116,102,87.93103448275862,865
single_speaker,False,3.0,116,76,65.51724137931035,865
single_speaker,False,4.0,116,102,87.93103448275862,865
single_speaker,False,5.0,116,83,71.55172413793103,865
colocated,False,-4.0,116,61,52.58620689655172,866
colocated,False,-2.0,116,65,56.03448275862068,866
colocated,False,0.0,116,66,56.896551724137936,866
colocated,False,1.0,116,69,59.48275862068966,866
colocated,False,2.0,116,91,78.44827586206897,866
colocated,False,3.0,116,65,56.03448275862068,866
colocated,False,4.0,116,73,62.93103448275862,866
colocated,False,5.0,116,80,68.96551724137932,866
separated,False,-4.0,116,68,58.620689655172406,866
separated,False,-2.0,116,74,63.793103448275865,866
separated,False,0.0,116,74,63.793103448275865,866
separated,False,1.0,116,95,81.89655172413794,866
separated,False,2.0,116,77,66.37931034482759,866
separated,False,3.0,116,68,58.620689655172406,866
separated,False,4.0,116,84,72.41379310344827,866
separated,False,5.0,116,76,65.51724137931035,866
single_speaker,False,-4.0,116,91,78.44827586206897,866
single_speaker,False,-2.0,116,82,70.6896551724138,866
single_speaker,False,0.0,116,85,73.27586206896551,866
single_speaker,False,1.0,116,100,86.20689655172413,866
single_speaker,False,2.0,116,100,86.20689655172413,866
single_speaker,False,3.0,116,86,74.13793103448276,866
single_speaker,False,4.0,116,86,74.13793103448276,866
single_speaker,False,5.0,116,79,68.10344827586206,866
colocated,False,-4.0,116,65,56.03448275862068,867
colocated,False,-2.0,116,77,66.37931034482759,867
colocated,False,0.0,116,78,67.24137931034483,867
colocated,False,1.0,116,84,72.41379310344827,867
colocated,False,2.0,116,86,74.13793103448276,867
colocated,False,3.0,116,71,61.206896551724135,867
colocated,False,4.0,116,75,64.65517241379311,867
colocated,False,5.0,116,78,67.24137931034483,867
separated,False,-4.0,116,59,50.86206896551724,867
separated,False,-2.0,116,70,60.3448275862069,867
separated,False,0.0,116,78,67.24137931034483,867
separated,False,1.0,116,100,86.20689655172413,867
separated,False,2.0,116,79,68.10344827586206,867
separated,False,3.0,116,69,59.48275862068966,867
separated,False,4.0,116,82,70.6896551724138,867
separated,False,5.0,116,73,62.93103448275862,867
single_speaker,False,-4.0,116,83,71.55172413793103,867
single_speaker,False,-2.0,116,83,71.55172413793103,867
single_speaker,False,0.0,116,83,71.55172413793103,867
single_speaker,False,1.0,116,99,85.34482758620689,867
single_speaker,False,2.0,116,102,87.93103448275862,867
single_speaker,False,3.0,116,85,73.27586206896551,867
single_speaker,False,4.0,116,85,73.27586206896551,867
single_speaker,False,5.0,116,85,73.27586206896551,867
colocated,False,-4.0,116,74,63.793103448275865,868
colocated,False,-2.0,116,63,54.310344827586206,868
colocated,False,0.0,116,64,55.172413793103445,868
colocated,False,1.0,116,72,62.06896551724138,868
colocated,False,2.0,116,80,68.96551724137932,868
colocated,False,3.0,116,67,57.758620689655174,868
colocated,False,4.0,116,79,68.10344827586206,868
colocated,False,5.0,116,84,72.41379310344827,868
separated,False,-4.0,116,65,56.03448275862068,868
separated,False,-2.0,116,87,75.0,868
separated,False,0.0,116,58,50.0,868
separated,False,1.0,116,89,76.72413793103449,868
separated,False,2.0,116,80,68.96551724137932,868
separated,False,3.0,116,62,53.44827586206896,868
separated,False,4.0,116,80,68.96551724137932,868
separated,False,5.0,116,85,73.27586206896551,868
single_speaker,False,-4.0,116,96,82.75862068965517,868
single_speaker,False,-2.0,116,76,65.51724137931035,868
single_speaker,False,0.0,116,81,69.82758620689656,868
single_speaker,False,1.0,116,86,74.13793103448276,868
single_speaker,False,2.0,116,100,86.20689655172413,868
single_speaker,False,3.0,116,81,69.82758620689656,868
single_speaker,False,4.0,116,86,74.13793103448276,868
single_speaker,False,5.0,116,87,75.0,868
colocated,False,-4.0,116,65,56.03448275862068,869
colocated,False,-2.0,116,66,56.896551724137936,869
colocated,False,0.0,116,72,62.06896551724138,869
colocated,False,1.0,116,85,73.27586206896551,869
colocated,False,2.0,116,92,79.3103448275862,869
colocated,False,3.0,116,65,56.03448275862068,869
colocated,False,4.0,116,80,68.96551724137932,869
colocated,False,5.0,116,80,68.96551724137932,869
separated,False,-4.0,116,62,53.44827586206896,869
separated,False,-2.0,116,81,69.82758620689656,869
separated,False,0.0,116,64,55.172413793103445,869
separated,False,1.0,116,91,78.44827586206897,869
separated,False,2.0,116,74,63.793103448275865,869
separated,False,3.0,116,79,68.10344827586206,869
separated,False,4.0,116,79,68.10344827586206,869
separated,False,5.0,116,73,62.93103448275862,869
single_speaker,False,-4.0,116,86,74.13793103448276,869
single_speaker,False,-2.0,116,73,62.93103448275862,869
single_speaker,False,0.0,116,94,81.03448275862068,869
single_speaker,False,1.0,116,96,82.75862068965517,869
single_speaker,False,2.0,116,103,88.79310344827587,869
single_speaker,False,3.0,116,87,75.0,869
single_speaker,False,4.0,116,90,77.58620689655173,869
single_speaker,False,5.0,116,83,71.55172413793103,869
colocated,False,-4.0,116,65,56.03448275862068,870
colocated,False,-2.0,116,67,57.758620689655174,870
colocated,False,0.0,116,69,59.48275862068966,870
colocated,False,1.0,116,77,66.37931034482759,870
colocated,False,2.0,116,82,70.6896551724138,870
colocated,False,3.0,116,57,49.137931034482754,870
colocated,False,4.0,116,76,65.51724137931035,870
colocated,False,5.0,116,78,67.24137931034483,870
separated,False,-4.0,116,63,54.310344827586206,870
separated,False,-2.0,116,73,62.93103448275862,870
separated,False,0.0,116,76,65.51724137931035,870
separated,False,1.0,116,93,80.17241379310344,870
separated,False,2.0,116,75,64.65517241379311,870
separated,False,3.0,116,68,58.620689655172406,870
separated,False,4.0,116,86,74.13793103448276,870
separated,False,5.0,116,72,62.06896551724138,870
single_speaker,False,-4.0,116,81,69.82758620689656,870
single_speaker,False,-2.0,116,73,62.93103448275862,870
single_speaker,False,0.0,116,82,70.6896551724138,870
single_speaker,False,1.0,116,90,77.58620689655173,870
single_speaker,False,2.0,116,97,83.62068965517241,870
single_speaker,False,3.0,116,91,78.44827586206897,870
single_speaker,False,4.0,116,89,76.72413793103449,870
single_speaker,False,5.0,116,86,74.13793103448276,870
colocated,False,-4.0,116,67,57.758620689655174,871
colocated,False,-2.0,116,63,54.310344827586206,871
colocated,False,0.0,116,74,63.793103448275865,871
colocated,False,1.0,116,78,67.24137931034483,871
colocated,False,2.0,116,87,75.0,871
colocated,False,3.0,116,71,61.206896551724135,871
colocated,False,4.0,116,83,71.55172413793103,871
colocated,False,5.0,116,78,67.24137931034483,871
separated,False,-4.0,116,66,56.896551724137936,871
separated,False,-2.0,116,73,62.93103448275862,871
separated,False,0.0,116,73,62.93103448275862,871
separated,False,1.0,116,87,75.0,871
separated,False,2.0,116,76,65.51724137931035,871
separated,False,3.0,116,67,57.758620689655174,871
separated,False,4.0,116,72,62.06896551724138,871
separated,False,5.0,116,73,62.93103448275862,871
single_speaker,False,-4.0,116,100,86.20689655172413,871
single_speaker,False,-2.0,116,79,68.10344827586206,871
single_speaker,False,0.0,116,88,75.86206896551724,871
single_speaker,False,1.0,116,87,75.0,871
single_speaker,False,2.0,116,101,87.06896551724138,871
single_speaker,False,3.0,116,87,75.0,871
single_speaker,False,4.0,116,98,84.48275862068965,871
single_speaker,False,5.0,116,84,72.41379310344827,871
colocated,False,-4.0,116,64,55.172413793103445,872
colocated,False,-2.0,116,69,59.48275862068966,872
colocated,False,0.0,116,79,68.10344827586206,872
colocated,False,1.0,116,79,68.10344827586206,872
colocated,False,2.0,116,91,78.44827586206897,872
colocated,False,3.0,116,74,63.793103448275865,872
colocated,False,4.0,116,80,68.96551724137932,872
colocated,False,5.0,116,78,67.24137931034483,872
separated,False,-4.0,116,61,52.58620689655172,872
separated,False,-2.0,116,70,60.3448275862069,872
separated,False,0.0,116,69,59.48275862068966,872
separated,False,1.0,116,93,80.17241379310344,872
separated,False,2.0,116,74,63.793103448275865,872
separated,False,3.0,116,79,68.10344827586206,872
separated,False,4.0,116,93,80.17241379310344,872
separated,False,5.0,116,82,70.6896551724138,872
single_speaker,False,-4.0,116,92,79.3103448275862,872
single_speaker,False,-2.0,116,81,69.82758620689656,872
single_speaker,False,0.0,116,88,75.86206896551724,872
single_speaker,False,1.0,116,87,75.0,872
single_speaker,False,2.0,116,106,91.37931034482759,872
single_speaker,False,3.0,116,85,73.27586206896551,872
single_speaker,False,4.0,116,92,79.3103448275862,872
single_speaker,False,5.0,116,84,72.41379310344827,872
colocated,False,-4.0,116,64,55.172413793103445,873
colocated,False,-2.0,116,66,56.896551724137936,873
colocated,False,0.0,116,75,64.65517241379311,873
colocated,False,1.0,116,86,74.13793103448276,873
colocated,False,2.0,116,85,73.27586206896551,873
colocated,False,3.0,116,63,54.310344827586206,873
colocated,False,4.0,116,78,67.24137931034483,873
colocated,False,5.0,116,84,72.41379310344827,873
separated,False,-4.0,116,59,50.86206896551724,873
separated,False,-2.0,116,71,61.206896551724135,873
separated,False,0.0,116,84,72.41379310344827,873
separated,False,1.0,116,93,80.17241379310344,873
separated,False,2.0,116,75,64.65517241379311,873
separated,False,3.0,116,64,55.172413793103445,873
separated,False,4.0,116,89,76.72413793103449,873
separated,False,5.0,116,79,68.10344827586206,873
single_speaker,False,-4.0,116,83,71.55172413793103,873
single_speaker,False,-2.0,116,80,68.96551724137932,873
single_speaker,False,0.0,116,87,75.0,873
single_speaker,False,1.0,116,90,77.58620689655173,873
single_speaker,False,2.0,116,98,84.48275862068965,873
single_speaker,False,3.0,116,85,73.27586206896551,873
single_speaker,False,4.0,116,96,82.75862068965517,873
single_speaker,False,5.0,116,85,73.27586206896551,873
colocated,False,-4.0,116,65,56.03448275862068,874
colocated,False,-2.0,116,70,60.3448275862069,874
colocated,False,0.0,116,64,55.172413793103445,874
colocated,False,1.0,116,79,68.10344827586206,874
colocated,False,2.0,116,87,75.0,874
colocated,False,3.0,116,58,50.0,874
colocated,False,4.0,116,76,65.51724137931035,874
colocated,False,5.0,116,86,74.13793103448276,874
separated,False,-4.0,116,70,60.3448275862069,874
separated,False,-2.0,116,68,58.620689655172406,874
separated,False,0.0,116,75,64.65517241379311,874
separated,False,1.0,116,90,77.58620689655173,874
separated,False,2.0,116,72,62.06896551724138,874
separated,False,3.0,116,71,61.206896551724135,874
separated,False,4.0,116,78,67.24137931034483,874
separated,False,5.0,116,77,66.37931034482759,874
single_speaker,False,-4.0,116,82,70.6896551724138,874
single_speaker,False,-2.0,116,78,67.24137931034483,874
single_speaker,False,0.0,116,76,65.51724137931035,874
single_speaker,False,1.0,116,94,81.03448275862068,874
single_speaker,False,2.0,116,98,84.48275862068965,874
single_speaker,False,3.0,116,82,70.6896551724138,874
single_speaker,False,4.0,116,96,82.75862068965517,874
single_speaker,False,5.0,116,80,68.96551724137932,874
colocated,False,-4.0,116,67,57.758620689655174,875
colocated,False,-2.0,116,54,46.55172413793103,875
colocated,False,0.0,116,64,55.172413793103445,875
colocated,False,1.0,116,67,57.758620689655174,875
colocated,False,2.0,116,90,77.58620689655173,875
colocated,False,3.0,116,69,59.48275862068966,875
colocated,False,4.0,116,78,67.24137931034483,875
colocated,False,5.0,116,79,68.10344827586206,875
separated,False,-4.0,116,68,58.620689655172406,875
separated,False,-2.0,116,68,58.620689655172406,875
separated,False,0.0,116,74,63.793103448275865,875
separated,False,1.0,116,92,79.3103448275862,875
separated,False,2.0,116,73,62.93103448275862,875
separated,False,3.0,116,76,65.51724137931035,875
separated,False,4.0,116,83,71.55172413793103,875
separated,False,5.0,116,72,62.06896551724138,875
single_speaker,False,-4.0,116,86,74.13793103448276,875
single_speaker,False,-2.0,116,73,62.93103448275862,875
single_speaker,False,0.0,116,83,71.55172413793103,875
single_speaker,False,1.0,116,97,83.62068965517241,875
single_speaker,False,2.0,116,101,87.06896551724138,875
single_speaker,False,3.0,116,89,76.72413793103449,875
single_speaker,False,4.0,116,95,81.89655172413794,875
single_speaker,False,5.0,116,85,73.27586206896551,875
colocated,False,-4.0,116,59,50.86206896551724,876
colocated,False,-2.0,116,60,51.724137931034484,876
colocated,False,0.0,116,75,64.65517241379311,876
colocated,False,1.0,116,80,68.96551724137932,876
colocated,False,2.0,116,91,78.44827586206897,876
colocated,False,3.0,116,73,62.93103448275862,876
colocated,False,4.0,116,78,67.24137931034483,876
colocated,False,5.0,116,85,73.27586206896551,876
separated,False,-4.0,116,61,52.58620689655172,876
separated,False,-2.0,116,73,62.93103448275862,876
separated,False,0.0,116,87,75.0,876
separated,False,1.0,116,93,80.17241379310344,876
separated,False,2.0,116,63,54.310344827586206,876
separated,False,3.0,116,70,60.3448275862069,876
separated,False,4.0,116,78,67.24137931034483,876
separated,False,5.0,116,79,68.10344827586206,876
single_speaker,False,-4.0,116,89,76.72413793103449,876
single_speaker,False,-2.0,116,89,76.72413793103449,876
single_speaker,False,0.0,116,87,75.0,876
single_speaker,False,1.0,116,95,81.89655172413794,876
single_speaker,False,2.0,116,95,81.89655172413794,876
single_speaker,False,3.0,116,88,75.86206896551724,876
single_speaker,False,4.0,116,91,78.44827586206897,876
single_speaker,False,5.0,116,86,74.13793103448276,876
colocated,False,-4.0,116,58,50.0,877
colocated,False,-2.0,116,62,53.44827586206896,877
colocated,False,0.0,116,74,63.793103448275865,877
colocated,False,1.0,116,78,67.24137931034483,877
colocated,False,2.0,116,85,73.27586206896551,877
colocated,False,3.0,116,55,47.41379310344828,877
colocated,False,4.0,116,77,66.37931034482759,877
colocated,False,5.0,116,77,66.37931034482759,877
separated,False,-4.0,116,55,47.41379310344828,877
separated,False,-2.0,116,71,61.206896551724135,877
separated,False,0.0,116,80,68.96551724137932,877
separated,False,1.0,116,96,82.75862068965517,877
separated,False,2.0,116,85,73.27586206896551,877
separated,False,3.0,116,66,56.896551724137936,877
separated,False,4.0,116,84,72.41379310344827,877
separated,False,5.0,116,85,73.27586206896551,877
single_speaker,False,-4.0,116,86,74.13793103448276,877
single_speaker,False,-2.0,116,81,69.82758620689656,877
single_speaker,False,0.0,116,80,68.96551724137932,877
single_speaker,False,1.0,116,96,82.75862068965517,877
single_speaker,False,2.0,116,106,91.37931034482759,877
single_speaker,False,3.0,116,84,72.41379310344827,877
single_speaker,False,4.0,116,96,82.75862068965517,877
single_speaker,False,5.0,116,91,78.44827586206897,877
colocated,False,-4.0,116,62,53.44827586206896,878
colocated,False,-2.0,116,71,61.206896551724135,878
colocated,False,0.0,116,75,64.65517241379311,878
colocated,False,1.0,116,77,66.37931034482759,878
colocated,False,2.0,116,98,84.48275862068965,878
colocated,False,3.0,116,66,56.896551724137936,878
colocated,False,4.0,116,71,61.206896551724135,878
colocated,False,5.0,116,81,69.82758620689656,878
separated,False,-4.0,116,58,50.0,878
separated,False,-2.0,116,78,67.24137931034483,878
separated,False,0.0,116,80,68.96551724137932,878
separated,False,1.0,116,92,79.3103448275862,878
separated,False,2.0,116,82,70.6896551724138,878
separated,False,3.0,116,77,66.37931034482759,878
separated,False,4.0,116,84,72.41379310344827,878
separated,False,5.0,116,76,65.51724137931035,878
single_speaker,False,-4.0,116,84,72.41379310344827,878
single_speaker,False,-2.0,116,80,68.96551724137932,878
single_speaker,False,0.0,116,81,69.82758620689656,878
single_speaker,False,1.0,116,86,74.13793103448276,878
single_speaker,False,2.0,116,106,91.37931034482759,878
single_speaker,False,3.0,116,87,75.0,878
single_speaker,False,4.0,116,97,83.62068965517241,878
single_speaker,False,5.0,116,82,70.6896551724138,878
colocated,False,-4.0,116,66,56.896551724137936,879
colocated,False,-2.0,116,71,61.206896551724135,879
colocated,False,0.0,116,67,57.758620689655174,879
colocated,False,1.0,116,80,68.96551724137932,879
colocated,False,2.0,116,81,69.82758620689656,879
colocated,False,3.0,116,66,56.896551724137936,879
colocated,False,4.0,116,78,67.24137931034483,879
colocated,False,5.0,116,80,68.96551724137932,879
separated,False,-4.0,116,69,59.48275862068966,879
separated,False,-2.0,116,77,66.37931034482759,879
separated,False,0.0,116,79,68.10344827586206,879
separated,False,1.0,116,94,81.03448275862068,879
separated,False,2.0,116,78,67.24137931034483,879
separated,False,3.0,116,63,54.310344827586206,879
separated,False,4.0,116,93,80.17241379310344,879
separated,False,5.0,116,76,65.51724137931035,879
single_speaker,False,-4.0,116,96,82.75862068965517,879
single_speaker,False,-2.0,116,90,77.58620689655173,879
single_speaker,False,0.0,116,92,79.3103448275862,879
single_speaker,False,1.0,116,90,77.58620689655173,879
single_speaker,False,2.0,116,95,81.89655172413794,879
single_speaker,False,3.0,116,79,68.10344827586206,879
single_speaker,False,4.0,116,94,81.03448275862068,879
single_speaker,False,5.0,116,77,66.37931034482759,879
colocated,False,-4.0,116,76,65.51724137931035,880
colocated,False,-2.0,116,66,56.896551724137936,880
colocated,False,0.0,116,62,53.44827586206896,880
colocated,False,1.0,116,83,71.55172413793103,880
colocated,False,2.0,116,75,64.65517241379311,880
colocated,False,3.0,116,67,57.758620689655174,880
colocated,False,4.0,116,82,70.6896551724138,880
colocated,False,5.0,116,85,73.27586206896551,880
separated,False,-4.0,116,61,52.58620689655172,880
separated,False,-2.0,116,75,64.65517241379311,880
separated,False,0.0,116,75,64.65517241379311,880
separated,False,1.0,116,96,82.75862068965517,880
separated,False,2.0,116,79,68.10344827586206,880
separated,False,3.0,116,70,60.3448275862069,880
separated,False,4.0,116,87,75.0,880
separated,False,5.0,116,70,60.3448275862069,880
single_speaker,False,-4.0,116,78,67.24137931034483,880
single_speaker,False,-2.0,116,74,63.793103448275865,880
single_speaker,False,0.0,116,88,75.86206896551724,880
single_speaker,False,1.0,116,90,77.58620689655173,880
single_speaker,False,2.0,116,96,82.75862068965517,880
single_speaker,False,3.0,116,82,70.6896551724138,880
single_speaker,False,4.0,116,83,71.55172413793103,880
single_speaker,False,5.0,116,81,69.82758620689656,880
colocated,False,-4.0,116,62,53.44827586206896,881
colocated,False,-2.0,116,67,57.758620689655174,881
colocated,False,0.0,116,70,60.3448275862069,881
colocated,False,1.0,116,81,69.82758620689656,881
colocated,False,2.0,116,89,76.72413793103449,881
colocated,False,3.0,116,61,52.58620689655172,881
colocated,False,4.0,116,84,72.41379310344827,881
colocated,False,5.0,116,79,68.10344827586206,881
separated,False,-4.0,116,69,59.48275862068966,881
separated,False,-2.0,116,79,68.10344827586206,881
separated,False,0.0,116,68,58.620689655172406,881
separated,False,1.0,116,97,83.62068965517241,881
separated,False,2.0,116,74,63.793103448275865,881
separated,False,3.0,116,65,56.03448275862068,881
separated,False,4.0,116,76,65.51724137931035,881
separated,False,5.0,116,77,66.37931034482759,881
single_speaker,False,-4.0,116,87,75.0,881
single_speaker,False,-2.0,116,77,66.37931034482759,881
single_speaker,False,0.0,116,83,71.55172413793103,881
single_speaker,False,1.0,116,94,81.03448275862068,881
single_speaker,False,2.0,116,109,93.96551724137932,881
single_speaker,False,3.0,116,76,65.51724137931035,881
single_speaker,False,4.0,116,93,80.17241379310344,881
single_speaker,False,5.0,116,83,71.55172413793103,881
colocated,False,-4.0,116,65,56.03448275862068,882
colocated,False,-2.0,116,56,48.275862068965516,882
colocated,False,0.0,116,68,58.620689655172406,882
colocated,False,1.0,116,77,66.37931034482759,882
colocated,False,2.0,116,84,72.41379310344827,882
colocated,False,3.0,116,69,59.48275862068966,882
colocated,False,4.0,116,74,63.793103448275865,882
colocated,False,5.0,116,80,68.96551724137932,882
separated,False,-4.0,116,66,56.896551724137936,882
separated,False,-2.0,116,69,59.48275862068966,882
separated,False,0.0,116,74,63.793103448275865,882
separated,False,1.0,116,83,71.55172413793103,882
separated,False,2.0,116,77,66.37931034482759,882
separated,False,3.0,116,72,62.06896551724138,882
separated,False,4.0,116,83,71.55172413793103,882
separated,False,5.0,116,79,68.10344827586206,882
single_speaker,False,-4.0,116,91,78.44827586206897,882
single_speaker,False,-2.0,116,85,73.27586206896551,882
single_speaker,False,0.0,116,83,71.55172413793103,882
single_speaker,False,1.0,116,92,79.3103448275862,882
single_speaker,False,2.0,116,103,88.79310344827587,882
single_speaker,False,3.0,116,86,74.13793103448276,882
single_speaker,False,4.0,116,91,78.44827586206897,882
single_speaker,False,5.0,116,80,68.96551724137932,882
colocated,False,-4.0,116,62,53.44827586206896,883
colocated,False,-2.0,116,74,63.793103448275865,883
colocated,False,0.0,116,76,65.51724137931035,883
colocated,False,1.0,116,79,68.10344827586206,883
colocated,False,2.0,116,85,73.27586206896551,883
colocated,False,3.0,116,62,53.44827586206896,883
colocated,False,4.0,116,80,68.96551724137932,883
colocated,False,5.0,116,87,75.0,883
separated,False,-4.0,116,62,53.44827586206896,883
separated,False,-2.0,116,72,62.06896551724138,883
separated,False,0.0,116,74,63.793103448275865,883
separated,False,1.0,116,94,81.03448275862068,883
separated,False,2.0,116,78,67.24137931034483,883
separated,False,3.0,116,71,61.206896551724135,883
separated,False,4.0,116,87,75.0,883
separated,False,5.0,116,78,67.24137931034483,883
single_speaker,False,-4.0,116,89,76.72413793103449,883
single_speaker,False,-2.0,116,72,62.06896551724138,883
single_speaker,False,0.0,116,81,69.82758620689656,883
single_speaker,False,1.0,116,92,79.3103448275862,883
single_speaker,False,2.0,116,104,89.65517241379311,883
single_speaker,False,3.0,116,79,68.10344827586206,883
single_speaker,False,4.0,116,89,76.72413793103449,883
single_speaker,False,5.0,116,85,73.27586206896551,883
colocated,False,-4.0,116,70,60.3448275862069,884
colocated,False,-2.0,116,61,52.58620689655172,884
colocated,False,0.0,116,72,62.06896551724138,884
colocated,False,1.0,116,84,72.41379310344827,884
colocated,False,2.0,116,85,73.27586206896551,884
colocated,False,3.0,116,77,66.37931034482759,884
colocated,False,4.0,116,84,72.41379310344827,884
colocated,False,5.0,116,80,68.96551724137932,884
separated,False,-4.0,116,61,52.58620689655172,884
separated,False,-2.0,116,79,68.10344827586206,884
separated,False,0.0,116,83,71.55172413793103,884
separated,False,1.0,116,93,80.17241379310344,884
separated,False,2.0,116,71,61.206896551724135,884
separated,False,3.0,116,64,55.172413793103445,884
separated,False,4.0,116,86,74.13793103448276,884
separated,False,5.0,116,84,72.41379310344827,884
single_speaker,False,-4.0,116,86,74.13793103448276,884
single_speaker,False,-2.0,116,67,57.758620689655174,884
single_speaker,False,0.0,116,76,65.51724137931035,884
single_speaker,False,1.0,116,92,79.3103448275862,884
single_speaker,False,2.0,116,96,82.75862068965517,884
single_speaker,False,3.0,116,83,71.55172413793103,884
single_speaker,False,4.0,116,99,85.34482758620689,884
single_speaker,False,5.0,116,83,71.55172413793103,884
colocated,False,-4.0,116,57,49.137931034482754,885
colocated,False,-2.0,116,72,62.06896551724138,885
colocated,False,0.0,116,68,58.620689655172406,885
colocated,False,1.0,116,80,68.96551724137932,885
colocated,False,2.0,116,92,79.3103448275862,885
colocated,False,3.0,116,74,63.793103448275865,885
colocated,False,4.0,116,78,67.24137931034483,885
colocated,False,5.0,116,81,69.82758620689656,885
separated,False,-4.0,116,59,50.86206896551724,885
separated,False,-2.0,116,79,68.10344827586206,885
separated,False,0.0,116,77,66.37931034482759,885
separated,False,1.0,116,86,74.13793103448276,885
separated,False,2.0,116,75,64.65517241379311,885
separated,False,3.0,116,76,65.51724137931035,885
separated,False,4.0,116,86,74.13793103448276,885
separated,False,5.0,116,71,61.206896551724135,885
single_speaker,False,-4.0,116,87,75.0,885
single_speaker,False,-2.0,116,86,74.13793103448276,885
single_speaker,False,0.0,116,88,75.86206896551724,885
single_speaker,False,1.0,116,92,79.3103448275862,885
single_speaker,False,2.0,116,96,82.75862068965517,885
single_speaker,False,3.0,116,77,66.37931034482759,885
single_speaker,False,4.0,116,93,80.17241379310344,885
single_speaker,False,5.0,116,89,76.72413793103449,885
colocated,False,-4.0,116,68,58.620689655172406,886
colocated,False,-2.0,116,68,58.620689655172406,886
colocated,False,0.0,116,75,64.65517241379311,886
colocated,False,1.0,116,84,72.41379310344827,886
colocated,False,2.0,116,85,73.27586206896551,886
colocated,False,3.0,116,66,56.896551724137936,886
colocated,False,4.0,116,78,67.24137931034483,886
colocated,False,5.0,116,80,68.96551724137932,886
separated,False,-4.0,116,63,54.310344827586206,886
separated,False,-2.0,116,75,64.65517241379311,886
separated,False,0.0,116,75,64.65517241379311,886
separated,False,1.0,116,91,78.44827586206897,886
separated,False,2.0,116,72,62.06896551724138,886
separated,False,3.0,116,74,63.793103448275865,886
separated,False,4.0,116,86,74.13793103448276,886
separated,False,5.0,116,81,69.82758620689656,886
single_speaker,False,-4.0,116,88,75.86206896551724,886
single_speaker,False,-2.0,116,81,69.82758620689656,886
single_speaker,False,0.0,116,80,68.96551724137932,886
single_speaker,False,1.0,116,97,83.62068965517241,886
single_speaker,False,2.0,116,98,84.48275862068965,886
single_speaker,False,3.0,116,83,71.55172413793103,886
single_speaker,False,4.0,116,91,78.44827586206897,886
single_speaker,False,5.0,116,83,71.55172413793103,886
colocated,False,-4.0,116,57,49.137931034482754,887
colocated,False,-2.0,116,70,60.3448275862069,887
colocated,False,0.0,116,61,52.58620689655172,887
colocated,False,1.0,116,80,68.96551724137932,887
colocated,False,2.0,116,84,72.41379310344827,887
colocated,False,3.0,116,59,50.86206896551724,887
colocated,False,4.0,116,78,67.24137931034483,887
colocated,False,5.0,116,80,68.96551724137932,887
separated,False,-4.0,116,53,45.689655172413794,887
separated,False,-2.0,116,64,55.172413793103445,887
separated,False,0.0,116,74,63.793103448275865,887
separated,False,1.0,116,95,81.89655172413794,887
separated,False,2.0,116,71,61.206896551724135,887
separated,False,3.0,116,75,64.65517241379311,887
separated,False,4.0,116,85,73.27586206896551,887
separated,False,5.0,116,85,73.27586206896551,887
single_speaker,False,-4.0,116,76,65.51724137931035,887
single_speaker,False,-2.0,116,81,69.82758620689656,887
single_speaker,False,0.0,116,83,71.55172413793103,887
single_speaker,False,1.0,116,94,81.03448275862068,887
single_speaker,False,2.0,116,99,85.34482758620689,887
single_speaker,False,3.0,116,78,67.24137931034483,887
single_speaker,False,4.0,116,89,76.72413793103449,887
single_speaker,False,5.0,116,84,72.41379310344827,887
colocated,False,-4.0,116,65,56.03448275862068,888
colocated,False,-2.0,116,60,51.724137931034484,888
colocated,False,0.0,116,74,63.793103448275865,888
colocated,False,1.0,116,85,73.27586206896551,888
colocated,False,2.0,116,92,79.3103448275862,888
colocated,False,3.0,116,75,64.65517241379311,888
colocated,False,4.0,116,84,72.41379310344827,888
colocated,False,5.0,116,81,69.82758620689656,888
separated,False,-4.0,116,66,56.896551724137936,888
separated,False,-2.0,116,80,68.96551724137932,888
separated,False,0.0,116,86,74.13793103448276,888
separated,False,1.0,116,92,79.3103448275862,888
separated,False,2.0,116,78,67.24137931034483,888
separated,False,3.0,116,66,56.896551724137936,888
separated,False,4.0,116,84,72.41379310344827,888
separated,False,5.0,116,72,62.06896551724138,888
single_speaker,False,-4.0,116,82,70.6896551724138,888
single_speaker,False,-2.0,116,77,66.37931034482759,888
single_speaker,False,0.0,116,81,69.82758620689656,888
single_speaker,False,1.0,116,100,86.20689655172413,888
single_speaker,False,2.0,116,103,88.79310344827587,888
single_speaker,False,3.0,116,86,74.13793103448276,888
single_speaker,False,4.0,116,97,83.62068965517241,888
single_speaker,False,5.0,116,88,75.86206896551724,888
colocated,False,-4.0,116,74,63.793103448275865,889
colocated,False,-2.0,116,56,48.275862068965516,889
colocated,False,0.0,116,71,61.206896551724135,889
colocated,False,1.0,116,84,72.41379310344827,889
colocated,False,2.0,116,84,72.41379310344827,889
colocated,False,3.0,116,61,52.58620689655172,889
colocated,False,4.0,116,85,73.27586206896551,889
colocated,False,5.0,116,78,67.24137931034483,889
separated,False,-4.0,116,61,52.58620689655172,889
separated,False,-2.0,116,80,68.96551724137932,889
separated,False,0.0,116,66,56.896551724137936,889
separated,False,1.0,116,96,82.75862068965517,889
separated,False,2.0,116,78,67.24137931034483,889
separated,False,3.0,116,71,61.206896551724135,889
separated,False,4.0,116,77,66.37931034482759,889
separated,False,5.0,116,75,64.65517241379311,889
single_speaker,False,-4.0,116,85,73.27586206896551,889
single_speaker,False,-2.0,116,72,62.06896551724138,889
single_speaker,False,0.0,116,83,71.55172413793103,889
single_speaker,False,1.0,116,93,80.17241379310344,889
single_speaker,False,2.0,116,93,80.17241379310344,889
single_speaker,False,3.0,116,78,67.24137931034483,889
single_speaker,False,4.0,116,95,81.89655172413794,889
single_speaker,False,5.0,116,88,75.86206896551724,889
colocated,False,-4.0,116,61,52.58620689655172,890
colocated,False,-2.0,116,68,58.620689655172406,890
colocated,False,0.0,116,78,67.24137931034483,890
colocated,False,1.0,116,70,60.3448275862069,890
colocated,False,2.0,116,84,72.41379310344827,890
colocated,False,3.0,116,62,53.44827586206896,890
colocated,False,4.0,116,75,64.65517241379311,890
colocated,False,5.0,116,76,65.51724137931035,890
separated,False,-4.0,116,60,51.724137931034484,890
separated,False,-2.0,116,80,68.96551724137932,890
separated,False,0.0,116,77,66.37931034482759,890
separated,False,1.0,116,101,87.06896551724138,890
separated,False,2.0,116,70,60.3448275862069,890
separated,False,3.0,116,67,57.758620689655174,890
separated,False,4.0,116,77,66.37931034482759,890
separated,False,5.0,116,70,60.3448275862069,890
single_speaker,False,-4.0,116,81,69.82758620689656,890
single_speaker,False,-2.0,116,81,69.82758620689656,890
single_speaker,False,0.0,116,81,69.82758620689656,890
single_speaker,False,1.0,116,91,78.44827586206897,890
single_speaker,False,2.0,116,100,86.20689655172413,890
single_speaker,False,3.0,116,79,68.10344827586206,890
single_speaker,False,4.0,116,87,75.0,890
single_speaker,False,5.0,116,79,68.10344827586206,890
colocated,False,-4.0,116,57,49.137931034482754,891
colocated,False,-2.0,116,60,51.724137931034484,891
colocated,False,0.0,116,69,59.48275862068966,891
colocated,False,1.0,116,83,71.55172413793103,891
colocated,False,2.0,116,77,66.37931034482759,891
colocated,False,3.0,116,61,52.58620689655172,891
colocated,False,4.0,116,77,66.37931034482759,891
colocated,False,5.0,116,77,66.37931034482759,891
separated,False,-4.0,116,61,52.58620689655172,891
separated,False,-2.0,116,65,56.03448275862068,891
separated,False,0.0,116,78,67.24137931034483,891
separated,False,1.0,116,98,84.48275862068965,891
separated,False,2.0,116,75,64.65517241379311,891
separated,False,3.0,116,67,57.758620689655174,891
separated,False,4.0,116,85,73.27586206896551,891
separated,False,5.0,116,69,59.48275862068966,891
single_speaker,False,-4.0,116,84,72.41379310344827,891
single_speaker,False,-2.0,116,87,75.0,891
single_speaker,False,0.0,116,78,67.24137931034483,891
single_speaker,False,1.0,116,101,87.06896551724138,891
single_speaker,False,2.0,116,99,85.34482758620689,891
single_speaker,False,3.0,116,84,72.41379310344827,891
single_speaker,False,4.0,116,90,77.58620689655173,891
single_speaker,False,5.0,116,82,70.6896551724138,891
colocated,False,-4.0,116,60,51.724137931034484,892
colocated,False,-2.0,116,68,58.620689655172406,892
colocated,False,0.0,116,65,56.03448275862068,892
colocated,False,1.0,116,80,68.96551724137932,892
colocated,False,2.0,116,81,69.82758620689656,892
colocated,False,3.0,116,54,46.55172413793103,892
colocated,False,4.0,116,72,62.06896551724138,892
colocated,False,5.0,116,81,69.82758620689656,892
separated,False,-4.0,116,64,55.172413793103445,892
separated,False,-2.0,116,79,68.10344827586206,892
separated,False,0.0,116,80,68.96551724137932,892
separated,False,1.0,116,97,83.62068965517241,892
separated,False,2.0,116,83,71.55172413793103,892
separated,False,3.0,116,72,62.06896551724138,892
separated,False,4.0,116,79,68.10344827586206,892
separated,False,5.0,116,73,62.93103448275862,892
single_speaker,False,-4.0,116,86,74.13793103448276,892
single_speaker,False,-2.0,116,77,66.37931034482759,892
single_speaker,False,0.0,116,90,77.58620689655173,892
single_speaker,False,1.0,116,95,81.89655172413794,892
single_speaker,False,2.0,116,101,87.06896551724138,892
single_speaker,False,3.0,116,78,67.24137931034483,892
single_speaker,False,4.0,116,90,77.58620689655173,892
single_speaker,False,5.0,116,74,63.793103448275865,892
colocated,False,-4.0,116,65,56.03448275862068,893
colocated,False,-2.0,116,69,59.48275862068966,893
colocated,False,0.0,116,70,60.3448275862069,893
colocated,False,1.0,116,81,69.82758620689656,893
colocated,False,2.0,116,87,75.0,893
colocated,False,3.0,116,67,57.758620689655174,893
colocated,False,4.0,116,73,62.93103448275862,893
colocated,False,5.0,116,80,68.96551724137932,893
separated,False,-4.0,116,62,53.44827586206896,893
separated,False,-2.0,116,74,63.793103448275865,893
separated,False,0.0,116,80,68.96551724137932,893
separated,False,1.0,116,95,81.89655172413794,893
separated,False,2.0,116,73,62.93103448275862,893
separated,False,3.0,116,68,58.620689655172406,893
separated,False,4.0,116,82,70.6896551724138,893
separated,False,5.0,116,85,73.27586206896551,893
single_speaker,False,-4.0,116,87,75.0,893
single_speaker,False,-2.0,116,80,68.96551724137932,893
single_speaker,False,0.0,116,85,73.27586206896551,893
single_speaker,False,1.0,116,95,81.89655172413794,893
single_speaker,False,2.0,116,105,90.51724137931035,893
single_speaker,False,3.0,116,85,73.27586206896551,893
single_speaker,False,4.0,116,94,81.03448275862068,893
single_speaker,False,5.0,116,87,75.0,893
colocated,False,-4.0,116,68,58.620689655172406,894
colocated,False,-2.0,116,66,56.896551724137936,894
colocated,False,0.0,116,70,60.3448275862069,894
colocated,False,1.0,116,75,64.65517241379311,894
colocated,False,2.0,116,94,81.03448275862068,894
colocated,False,3.0,116,59,50.86206896551724,894
colocated,False,4.0,116,83,71.55172413793103,894
colocated,False,5.0,116,82,70.6896551724138,894
separated,False,-4.0,116,50,43.103448275862064,894
separated,False,-2.0,116,72,62.06896551724138,894
separated,False,0.0,116,75,64.65517241379311,894
separated,False,1.0,116,89,76.72413793103449,894
separated,False,2.0,116,67,57.758620689655174,894
separated,False,3.0,116,70,60.3448275862069,894
separated,False,4.0,116,81,69.82758620689656,894
separated,False,5.0,116,72,62.06896551724138,894
single_speaker,False,-4.0,116,83,71.55172413793103,894
single_speaker,False,-2.0,116,89,76.72413793103449,894
single_speaker,False,0.0,116,78,67.24137931034483,894
single_speaker,False,1.0,116,87,75.0,894
single_speaker,False,2.0,116,94,81.03448275862068,894
single_speaker,False,3.0,116,87,75.0,894
single_speaker,False,4.0,116,85,73.27586206896551,894
single_speaker,False,5.0,116,97,83.62068965517241,894
colocated,False,-4.0,116,63,54.310344827586206,895
colocated,False,-2.0,116,57,49.137931034482754,895
colocated,False,0.0,116,72,62.06896551724138,895
colocated,False,1.0,116,79,68.10344827586206,895
colocated,False,2.0,116,85,73.27586206896551,895
colocated,False,3.0,116,68,58.620689655172406,895
colocated,False,4.0,116,88,75.86206896551724,895
colocated,False,5.0,116,83,71.55172413793103,895
separated,False,-4.0,116,72,62.06896551724138,895
separated,False,-2.0,116,79,68.10344827586206,895
separated,False,0.0,116,79,68.10344827586206,895
separated,False,1.0,116,92,79.3103448275862,895
separated,False,2.0,116,76,65.51724137931035,895
separated,False,3.0,116,77,66.37931034482759,895
separated,False,4.0,116,81,69.82758620689656,895
separated,False,5.0,116,81,69.82758620689656,895
single_speaker,False,-4.0,116,83,71.55172413793103,895
single_speaker,False,-2.0,116,77,66.37931034482759,895
single_speaker,False,0.0,116,91,78.44827586206897,895
single_speaker,False,1.0,116,76,65.51724137931035,895
single_speaker,False,2.0,116,94,81.03448275862068,895
single_speaker,False,3.0,116,84,72.41379310344827,895
single_speaker,False,4.0,116,90,77.58620689655173,895
single_speaker,False,5.0,116,86,74.13793103448276,895
colocated,False,-4.0,116,64,55.172413793103445,896
colocated,False,-2.0,116,74,63.793103448275865,896
colocated,False,0.0,116,72,62.06896551724138,896
colocated,False,1.0,116,85,73.27586206896551,896
colocated,False,2.0,116,87,75.0,896
colocated,False,3.0,116,63,54.310344827586206,896
colocated,False,4.0,116,87,75.0,896
colocated,False,5.0,116,84,72.41379310344827,896
separated,False,-4.0,116,64,55.172413793103445,896
separated,False,-2.0,116,74,63.793103448275865,896
separated,False,0.0,116,84,72.41379310344827,896
separated,False,1.0,116,95,81.89655172413794,896
separated,False,2.0,116,78,67.24137931034483,896
separated,False,3.0,116,70,60.3448275862069,896
separated,False,4.0,116,94,81.03448275862068,896
separated,False,5.0,116,73,62.93103448275862,896
single_speaker,False,-4.0,116,80,68.96551724137932,896
single_speaker,False,-2.0,116,70,60.3448275862069,896
single_speaker,False,0.0,116,88,75.86206896551724,896
single_speaker,False,1.0,116,97,83.62068965517241,896
single_speaker,False,2.0,116,101,87.06896551724138,896
single_speaker,False,3.0,116,85,73.27586206896551,896
single_speaker,False,4.0,116,91,78.44827586206897,896
single_speaker,False,5.0,116,75,64.65517241379311,896
colocated,False,-4.0,116,68,58.620689655172406,897
colocated,False,-2.0,116,64,55.172413793103445,897
colocated,False,0.0,116,69,59.48275862068966,897
colocated,False,1.0,116,88,75.86206896551724,897
colocated,False,2.0,116,89,76.72413793103449,897
colocated,False,3.0,116,57,49.137931034482754,897
colocated,False,4.0,116,78,67.24137931034483,897
colocated,False,5.0,116,75,64.65517241379311,897
separated,False,-4.0,116,65,56.03448275862068,897
separated,False,-2.0,116,76,65.51724137931035,897
separated,False,0.0,116,77,66.37931034482759,897
separated,False,1.0,116,93,80.17241379310344,897
separated,False,2.0,116,75,64.65517241379311,897
separated,False,3.0,116,70,60.3448275862069,897
separated,False,4.0,116,86,74.13793103448276,897
separated,False,5.0,116,81,69.82758620689656,897
single_speaker,False,-4.0,116,76,65.51724137931035,897
single_speaker,False,-2.0,116,80,68.96551724137932,897
single_speaker,False,0.0,116,85,73.27586206896551,897
single_speaker,False,1.0,116,94,81.03448275862068,897
single_speaker,False,2.0,116,100,86.20689655172413,897
single_speaker,False,3.0,116,84,72.41379310344827,897
single_speaker,False,4.0,116,95,81.89655172413794,897
single_speaker,False,5.0,116,72,62.06896551724138,897
colocated,False,-4.0,116,71,61.206896551724135,898
colocated,False,-2.0,116,58,50.0,898
colocated,False,0.0,116,72,62.06896551724138,898
colocated,False,1.0,116,80,68.96551724137932,898
colocated,False,2.0,116,84,72.41379310344827,898
colocated,False,3.0,116,71,61.206896551724135,898
colocated,False,4.0,116,80,68.96551724137932,898
colocated,False,5.0,116,86,74.13793103448276,898
separated,False,-4.0,116,63,54.310344827586206,898
separated,False,-2.0,116,78,67.24137931034483,898
separated,False,0.0,116,63,54.310344827586206,898
separated,False,1.0,116,99,85.34482758620689,898
separated,False,2.0,116,76,65.51724137931035,898
separated,False,3.0,116,75,64.65517241379311,898
separated,False,4.0,116,82,70.6896551724138,898
separated,False,5.0,116,87,75.0,898
single_speaker,False,-4.0,116,81,69.82758620689656,898
single_speaker,False,-2.0,116,80,68.96551724137932,898
single_speaker,False,0.0,116,83,71.55172413793103,898
single_speaker,False,1.0,116,91,78.44827586206897,898
single_speaker,False,2.0,116,95,81.89655172413794,898
single_speaker,False,3.0,116,83,71.55172413793103,898
single_speaker,False,4.0,116,95,81.89655172413794,898
single_speaker,False,5.0,116,84,72.41379310344827,898
colocated,False,-4.0,116,64,55.172413793103445,899
colocated,False,-2.0,116,62,53.44827586206896,899
colocated,False,0.0,116,66,56.896551724137936,899
colocated,False,1.0,116,75,64.65517241379311,899
colocated,False,2.0,116,81,69.82758620689656,899
colocated,False,3.0,116,66,56.896551724137936,899
colocated,False,4.0,116,87,75.0,899
colocated,False,5.0,116,78,67.24137931034483,899
separated,False,-4.0,116,63,54.310344827586206,899
separated,False,-2.0,116,74,63.793103448275865,899
separated,False,0.0,116,74,63.793103448275865,899
separated,False,1.0,116,95,81.89655172413794,899
separated,False,2.0,116,72,62.06896551724138,899
separated,False,3.0,116,65,56.03448275862068,899
separated,False,4.0,116,77,66.37931034482759,899
separated,False,5.0,116,81,69.82758620689656,899
single_speaker,False,-4.0,116,88,75.86206896551724,899
single_speaker,False,-2.0,116,75,64.65517241379311,899
single_speaker,False,0.0,116,79,68.10344827586206,899
single_speaker,False,1.0,116,93,80.17241379310344,899
single_speaker,False,2.0,116,91,78.44827586206897,899
single_speaker,False,3.0,116,73,62.93103448275862,899
single_speaker,False,4.0,116,89,76.72413793103449,899
single_speaker,False,5.0,116,81,69.82758620689656,899
colocated,False,-4.0,116,68,58.620689655172406,900
colocated,False,-2.0,116,64,55.172413793103445,900
colocated,False,0.0,116,84,72.41379310344827,900
colocated,False,1.0,116,74,63.793103448275865,900
colocated,False,2.0,116,89,76.72413793103449,900
colocated,False,3.0,116,74,63.793103448275865,900
colocated,False,4.0,116,71,61.206896551724135,900
colocated,False,5.0,116,70,60.3448275862069,900
separated,False,-4.0,116,52,44.827586206896555,900
separated,False,-2.0,116,70,60.3448275862069,900
separated,False,0.0,116,74,63.793103448275865,900
separated,False,1.0,116,92,79.3103448275862,900
separated,False,2.0,116,77,66.37931034482759,900
separated,False,3.0,116,67,57.758620689655174,900
separated,False,4.0,116,94,81.03448275862068,900
separated,False,5.0,116,64,55.172413793103445,900
single_speaker,False,-4.0,116,88,75.86206896551724,900
single_speaker,False,-2.0,116,84,72.41379310344827,900
single_speaker,False,0.0,116,87,75.0,900
single_speaker,False,1.0,116,93,80.17241379310344,900
single_speaker,False,2.0,116,97,83.62068965517241,900
single_speaker,False,3.0,116,84,72.41379310344827,900
single_speaker,False,4.0,116,96,82.75862068965517,900
single_speaker,False,5.0,116,79,68.10344827586206,900
colocated,False,-4.0,116,69,59.48275862068966,901
colocated,False,-2.0,116,74,63.793103448275865,901
colocated,False,0.0,116,67,57.758620689655174,901
colocated,False,1.0,116,73,62.93103448275862,901
colocated,False,2.0,116,85,73.27586206896551,901
colocated,False,3.0,116,58,50.0,901
colocated,False,4.0,116,78,67.24137931034483,901
colocated,False,5.0,116,80,68.96551724137932,901
separated,False,-4.0,116,76,65.51724137931035,901
separated,False,-2.0,116,80,68.96551724137932,901
separated,False,0.0,116,71,61.206896551724135,901
separated,False,1.0,116,96,82.75862068965517,901
separated,False,2.0,116,81,69.82758620689656,901
separated,False,3.0,116,71,61.206896551724135,901
separated,False,4.0,116,89,76.72413793103449,901
separated,False,5.0,116,79,68.10344827586206,901
single_speaker,False,-4.0,116,84,72.41379310344827,901
single_speaker,False,-2.0,116,75,64.65517241379311,901
single_speaker,False,0.0,116,83,71.55172413793103,901
single_speaker,False,1.0,116,96,82.75862068965517,901
single_speaker,False,2.0,116,99,85.34482758620689,901
single_speaker,False,3.0,116,87,75.0,901
single_speaker,False,4.0,116,95,81.89655172413794,901
single_speaker,False,5.0,116,84,72.41379310344827,901
colocated,False,-4.0,116,70,60.3448275862069,902
colocated,False,-2.0,116,55,47.41379310344828,902
colocated,False,0.0,116,69,59.48275862068966,902
colocated,False,1.0,116,75,64.65517241379311,902
colocated,False,2.0,116,92,79.3103448275862,902
colocated,False,3.0,116,69,59.48275862068966,902
colocated,False,4.0,116,86,74.13793103448276,902
colocated,False,5.0,116,74,63.793103448275865,902
separated,False,-4.0,116,64,55.172413793103445,902
separated,False,-2.0,116,78,67.24137931034483,902
separated,False,0.0,116,71,61.206896551724135,902
separated,False,1.0,116,90,77.58620689655173,902
separated,False,2.0,116,75,64.65517241379311,902
separated,False,3.0,116,70,60.3448275862069,902
separated,False,4.0,116,79,68.10344827586206,902
separated,False,5.0,116,84,72.41379310344827,902
single_speaker,False,-4.0,116,87,75.0,902
single_speaker,False,-2.0,116,77,66.37931034482759,902
single_speaker,False,0.0,116,95,81.89655172413794,902
single_speaker,False,1.0,116,98,84.48275862068965,902
single_speaker,False,2.0,116,102,87.93103448275862,902
single_speaker,False,3.0,116,87,75.0,902
single_speaker,False,4.0,116,97,83.62068965517241,902
single_speaker,False,5.0,116,85,73.27586206896551,902
colocated,False,-4.0,116,66,56.896551724137936,903
colocated,False,-2.0,116,59,50.86206896551724,903
colocated,False,0.0,116,78,67.24137931034483,903
colocated,False,1.0,116,73,62.93103448275862,903
colocated,False,2.0,116,84,72.41379310344827,903
colocated,False,3.0,116,70,60.3448275862069,903
colocated,False,4.0,116,73,62.93103448275862,903
colocated,False,5.0,116,76,65.51724137931035,903
separated,False,-4.0,116,71,61.206896551724135,903
separated,False,-2.0,116,71,61.206896551724135,903
separated,False,0.0,116,70,60.3448275862069,903
separated,False,1.0,116,93,80.17241379310344,903
separated,False,2.0,116,75,64.65517241379311,903
separated,False,3.0,116,76,65.51724137931035,903
separated,False,4.0,116,81,69.82758620689656,903
separated,False,5.0,116,80,68.96551724137932,903
single_speaker,False,-4.0,116,84,72.41379310344827,903
single_speaker,False,-2.0,116,78,67.24137931034483,903
single_speaker,False,0.0,116,84,72.41379310344827,903
single_speaker,False,1.0,116,86,74.13793103448276,903
single_speaker,False,2.0,116,103,88.79310344827587,903
single_speaker,False,3.0,116,83,71.55172413793103,903
single_speaker,False,4.0,116,86,74.13793103448276,903
single_speaker,False,5.0,116,83,71.55172413793103,903
colocated,False,-4.0,116,60,51.724137931034484,904
colocated,False,-2.0,116,56,48.275862068965516,904
colocated,False,0.0,116,75,64.65517241379311,904
colocated,False,1.0,116,76,65.51724137931035,904
colocated,False,2.0,116,87,75.0,904
colocated,False,3.0,116,69,59.48275862068966,904
colocated,False,4.0,116,78,67.24137931034483,904
colocated,False,5.0,116,73,62.93103448275862,904
separated,False,-4.0,116,66,56.896551724137936,904
separated,False,-2.0,116,73,62.93103448275862,904
separated,False,0.0,116,76,65.51724137931035,904
separated,False,1.0,116,93,80.17241379310344,904
separated,False,2.0,116,82,70.6896551724138,904
separated,False,3.0,116,62,53.44827586206896,904
separated,False,4.0,116,78,67.24137931034483,904
separated,False,5.0,116,82,70.6896551724138,904
single_speaker,False,-4.0,116,86,74.13793103448276,904
single_speaker,False,-2.0,116,82,70.6896551724138,904
single_speaker,False,0.0,116,88,75.86206896551724,904
single_speaker,False,1.0,116,93,80.17241379310344,904
single_speaker,False,2.0,116,100,86.20689655172413,904
single_speaker,False,3.0,116,86,74.13793103448276,904
single_speaker,False,4.0,116,96,82.75862068965517,904
single_speaker,False,5.0,116,81,69.82758620689656,904
colocated,False,-4.0,116,62,53.44827586206896,905
colocated,False,-2.0,116,67,57.758620689655174,905
colocated,False,0.0,116,83,71.55172413793103,905
colocated,False,1.0,116,78,67.24137931034483,905
colocated,False,2.0,116,87,75.0,905
colocated,False,3.0,116,63,54.310344827586206,905
colocated,False,4.0,116,76,65.51724137931035,905
colocated,False,5.0,116,85,73.27586206896551,905
separated,False,-4.0,116,65,56.03448275862068,905
separated,False,-2.0,116,76,65.51724137931035,905
separated,False,0.0,116,74,63.793103448275865,905
separated,False,1.0,116,91,78.44827586206897,905
separated,False,2.0,116,71,61.206896551724135,905
separated,False,3.0,116,66,56.896551724137936,905
separated,False,4.0,116,77,66.37931034482759,905
separated,False,5.0,116,79,68.10344827586206,905
single_speaker,False,-4.0,116,90,77.58620689655173,905
single_speaker,False,-2.0,116,83,71.55172413793103,905
single_speaker,False,0.0,116,83,71.55172413793103,905
single_speaker,False,1.0,116,90,77.58620689655173,905
single_speaker,False,2.0,116,103,88.79310344827587,905
single_speaker,False,3.0,116,84,72.41379310344827,905
single_speaker,False,4.0,116,91,78.44827586206897,905
single_speaker,False,5.0,116,81,69.82758620689656,905
colocated,False,-4.0,116,70,60.3448275862069,906
colocated,False,-2.0,116,66,56.896551724137936,906
colocated,False,0.0,116,72,62.06896551724138,906
colocated,False,1.0,116,78,67.24137931034483,906
colocated,False,2.0,116,91,78.44827586206897,906
colocated,False,3.0,116,64,55.172413793103445,906
colocated,False,4.0,116,81,69.82758620689656,906
colocated,False,5.0,116,89,76.72413793103449,906
separated,False,-4.0,116,59,50.86206896551724,906
separated,False,-2.0,116,67,57.758620689655174,906
separated,False,0.0,116,76,65.51724137931035,906
separated,False,1.0,116,96,82.75862068965517,906
separated,False,2.0,116,70,60.3448275862069,906
separated,False,3.0,116,64,55.172413793103445,906
separated,False,4.0,116,86,74.13793103448276,906
separated,False,5.0,116,72,62.06896551724138,906
single_speaker,False,-4.0,116,89,76.72413793103449,906
single_speaker,False,-2.0,116,85,73.27586206896551,906
single_speaker,False,0.0,116,82,70.6896551724138,906
single_speaker,False,1.0,116,100,86.20689655172413,906
single_speaker,False,2.0,116,96,82.75862068965517,906
single_speaker,False,3.0,116,78,67.24137931034483,906
single_speaker,False,4.0,116,96,82.75862068965517,906
single_speaker,False,5.0,116,90,77.58620689655173,906
colocated,False,-4.0,116,71,61.206896551724135,907
colocated,False,-2.0,116,58,50.0,907
colocated,False,0.0,116,73,62.93103448275862,907
colocated,False,1.0,116,84,72.41379310344827,907
colocated,False,2.0,116,84,72.41379310344827,907
colocated,False,3.0,116,62,53.44827586206896,907
colocated,False,4.0,116,83,71.55172413793103,907
colocated,False,5.0,116,77,66.37931034482759,907
separated,False,-4.0,116,61,52.58620689655172,907
separated,False,-2.0,116,75,64.65517241379311,907
separated,False,0.0,116,74,63.793103448275865,907
separated,False,1.0,116,93,80.17241379310344,907
separated,False,2.0,116,75,64.65517241379311,907
separated,False,3.0,116,57,49.137931034482754,907
separated,False,4.0,116,74,63.793103448275865,907
separated,False,5.0,116,76,65.51724137931035,907
single_speaker,False,-4.0,116,78,67.24137931034483,907
single_speaker,False,-2.0,116,75,64.65517241379311,907
single_speaker,False,0.0,116,78,67.24137931034483,907
single_speaker,False,1.0,116,92,79.3103448275862,907
single_speaker,False,2.0,116,93,80.17241379310344,907
single_speaker,False,3.0,116,78,67.24137931034483,907
single_speaker,False,4.0,116,98,84.48275862068965,907
single_speaker,False,5.0,116,79,68.10344827586206,907
colocated,False,-4.0,116,59,50.86206896551724,908
colocated,False,-2.0,116,73,62.93103448275862,908
colocated,False,0.0,116,72,62.06896551724138,908
colocated,False,1.0,116,78,67.24137931034483,908
colocated,False,2.0,116,84,72.41379310344827,908
colocated,False,3.0,116,61,52.58620689655172,908
colocated,False,4.0,116,81,69.82758620689656,908
colocated,False,5.0,116,84,72.41379310344827,908
separated,False,-4.0,116,64,55.172413793103445,908
separated,False,-2.0,116,77,66.37931034482759,908
separated,False,0.0,116,69,59.48275862068966,908
separated,False,1.0,116,99,85.34482758620689,908
separated,False,2.0,116,80,68.96551724137932,908
separated,False,3.0,116,72,62.06896551724138,908
separated,False,4.0,116,85,73.27586206896551,908
separated,False,5.0,116,71,61.206896551724135,908
single_speaker,False,-4.0,116,89,76.72413793103449,908
single_speaker,False,-2.0,116,71,61.206896551724135,908
single_speaker,False,0.0,116,79,68.10344827586206,908
single_speaker,False,1.0,116,99,85.34482758620689,908
single_speaker,False,2.0,116,106,91.37931034482759,908
single_speaker,False,3.0,116,71,61.206896551724135,908
single_speaker,False,4.0,116,93,80.17241379310344,908
single_speaker,False,5.0,116,80,68.96551724137932,908
colocated,False,-4.0,116,66,56.896551724137936,909
colocated,False,-2.0,116,64,55.172413793103445,909
colocated,False,0.0,116,71,61.206896551724135,909
colocated,False,1.0,116,76,65.51724137931035,909
colocated,False,2.0,116,79,68.10344827586206,909
colocated,False,3.0,116,62,53.44827586206896,909
colocated,False,4.0,116,79,68.10344827586206,909
colocated,False,5.0,116,84,72.41379310344827,909
separated,False,-4.0,116,67,57.758620689655174,909
separated,False,-2.0,116,75,64.65517241379311,909
separated,False,0.0,116,81,69.82758620689656,909
separated,False,1.0,116,96,82.75862068965517,909
separated,False,2.0,116,75,64.65517241379311,909
separated,False,3.0,116,56,48.275862068965516,909
separated,False,4.0,116,88,75.86206896551724,909
separated,False,5.0,116,83,71.55172413793103,909
single_speaker,False,-4.0,116,86,74.13793103448276,909
single_speaker,False,-2.0,116,80,68.96551724137932,909
single_speaker,False,0.0,116,78,67.24137931034483,909
single_speaker,False,1.0,116,91,78.44827586206897,909
single_speaker,False,2.0,116,102,87.93103448275862,909
single_speaker,False,3.0,116,79,68.10344827586206,909
single_speaker,False,4.0,116,90,77.58620689655173,909
single_speaker,False,5.0,116,83,71.55172413793103,909
colocated,False,-4.0,116,64,55.172413793103445,910
colocated,False,-2.0,116,63,54.310344827586206,910
colocated,False,0.0,116,73,62.93103448275862,910
colocated,False,1.0,116,67,57.758620689655174,910
colocated,False,2.0,116,88,75.86206896551724,910
colocated,False,3.0,116,66,56.896551724137936,910
colocated,False,4.0,116,82,70.6896551724138,910
colocated,False,5.0,116,79,68.10344827586206,910
separated,False,-4.0,116,62,53.44827586206896,910
separated,False,-2.0,116,77,66.37931034482759,910
separated,False,0.0,116,71,61.206896551724135,910
separated,False,1.0,116,96,82.75862068965517,910
separated,False,2.0,116,80,68.96551724137932,910
separated,False,3.0,116,76,65.51724137931035,910
separated,False,4.0,116,85,73.27586206896551,910
separated,False,5.0,116,73,62.93103448275862,910
single_speaker,False,-4.0,116,85,73.27586206896551,910
single_speaker,False,-2.0,116,81,69.82758620689656,910
single_speaker,False,0.0,116,79,68.10344827586206,910
single_speaker,False,1.0,116,91,78.44827586206897,910
single_speaker,False,2.0,116,95,81.89655172413794,910
single_speaker,False,3.0,116,79,68.10344827586206,910
single_speaker,False,4.0,116,98,84.48275862068965,910
single_speaker,False,5.0,116,83,71.55172413793103,910
colocated,False,-4.0,116,76,65.51724137931035,911
colocated,False,-2.0,116,57,49.137931034482754,911
colocated,False,0.0,116,70,60.3448275862069,911
colocated,False,1.0,116,84,72.41379310344827,911
colocated,False,2.0,116,84,72.41379310344827,911
colocated,False,3.0,116,71,61.206896551724135,911
colocated,False,4.0,116,76,65.51724137931035,911
colocated,False,5.0,116,77,66.37931034482759,911
separated,False,-4.0,116,65,56.03448275862068,911
separated,False,-2.0,116,79,68.10344827586206,911
separated,False,0.0,116,80,68.96551724137932,911
separated,False,1.0,116,92,79.3103448275862,911
separated,False,2.0,116,69,59.48275862068966,911
separated,False,3.0,116,76,65.51724137931035,911
separated,False,4.0,116,79,68.10344827586206,911
separated,False,5.0,116,81,69.82758620689656,911
single_speaker,False,-4.0,116,86,74.13793103448276,911
single_speaker,False,-2.0,116,74,63.793103448275865,911
single_speaker,False,0.0,116,85,73.27586206896551,911
single_speaker,False,1.0,116,96,82.75862068965517,911
single_speaker,False,2.0,116,94,81.03448275862068,911
single_speaker,False,3.0,116,76,65.51724137931035,911
single_speaker,False,4.0,116,90,77.58620689655173,911
single_speaker,False,5.0,116,82,70.6896551724138,911
colocated,False,-4.0,116,64,55.172413793103445,912
colocated,False,-2.0,116,69,59.48275862068966,912
colocated,False,0.0,116,71,61.206896551724135,912
colocated,False,1.0,116,81,69.82758620689656,912
colocated,False,2.0,116,90,77.58620689655173,912
colocated,False,3.0,116,70,60.3448275862069,912
colocated,False,4.0,116,80,68.96551724137932,912
colocated,False,5.0,116,76,65.51724137931035,912
separated,False,-4.0,116,63,54.310344827586206,912
separated,False,-2.0,116,78,67.24137931034483,912
separated,False,0.0,116,84,72.41379310344827,912
separated,False,1.0,116,95,81.89655172413794,912
separated,False,2.0,116,76,65.51724137931035,912
separated,False,3.0,116,75,64.65517241379311,912
separated,False,4.0,116,82,70.6896551724138,912
separated,False,5.0,116,89,76.72413793103449,912
single_speaker,False,-4.0,116,81,69.82758620689656,912
single_speaker,False,-2.0,116,83,71.55172413793103,912
single_speaker,False,0.0,116,83,71.55172413793103,912
single_speaker,False,1.0,116,91,78.44827586206897,912
single_speaker,False,2.0,116,92,79.3103448275862,912
single_speaker,False,3.0,116,82,70.6896551724138,912
single_speaker,False,4.0,116,83,71.55172413793103,912
single_speaker,False,5.0,116,84,72.41379310344827,912
colocated,False,-4.0,116,68,58.620689655172406,913
colocated,False,-2.0,116,66,56.896551724137936,913
colocated,False,0.0,116,72,62.06896551724138,913
colocated,False,1.0,116,85,73.27586206896551,913
colocated,False,2.0,116,84,72.41379310344827,913
colocated,False,3.0,116,62,53.44827586206896,913
colocated,False,4.0,116,83,71.55172413793103,913
colocated,False,5.0,116,79,68.10344827586206,913
separated,False,-4.0,116,64,55.172413793103445,913
separated,False,-2.0,116,75,64.65517241379311,913
separated,False,0.0,116,67,57.758620689655174,913
separated,False,1.0,116,98,84.48275862068965,913
separated,False,2.0,116,70,60.3448275862069,913
separated,False,3.0,116,65,56.03448275862068,913
separated,False,4.0,116,83,71.55172413793103,913
separated,False,5.0,116,78,67.24137931034483,913
single_speaker,False,-4.0,116,88,75.86206896551724,913
single_speaker,False,-2.0,116,86,74.13793103448276,913
single_speaker,False,0.0,116,68,58.620689655172406,913
single_speaker,False,1.0,116,99,85.34482758620689,913
single_speaker,False,2.0,116,99,85.34482758620689,913
single_speaker,False,3.0,116,83,71.55172413793103,913
single_speaker,False,4.0,116,93,80.17241379310344,913
single_speaker,False,5.0,116,82,70.6896551724138,913
colocated,False,-4.0,116,68,58.620689655172406,914
colocated,False,-2.0,116,70,60.3448275862069,914
colocated,False,0.0,116,66,56.896551724137936,914
colocated,False,1.0,116,87,75.0,914
colocated,False,2.0,116,90,77.58620689655173,914
colocated,False,3.0,116,68,58.620689655172406,914
colocated,False,4.0,116,86,74.13793103448276,914
colocated,False,5.0,116,84,72.41379310344827,914
separated,False,-4.0,116,51,43.96551724137931,914
separated,False,-2.0,116,74,63.793103448275865,914
separated,False,0.0,116,81,69.82758620689656,914
separated,False,1.0,116,92,79.3103448275862,914
separated,False,2.0,116,79,68.10344827586206,914
separated,False,3.0,116,60,51.724137931034484,914
separated,False,4.0,116,91,78.44827586206897,914
separated,False,5.0,116,83,71.55172413793103,914
single_speaker,False,-4.0,116,86,74.13793103448276,914
single_speaker,False,-2.0,116,78,67.24137931034483,914
single_speaker,False,0.0,116,86,74.13793103448276,914
single_speaker,False,1.0,116,95,81.89655172413794,914
single_speaker,False,2.0,116,92,79.3103448275862,914
single_speaker,False,3.0,116,89,76.72413793103449,914
single_speaker,False,4.0,116,99,85.34482758620689,914
single_speaker,False,5.0,116,80,68.96551724137932,914
colocated,False,-4.0,116,64,55.172413793103445,915
colocated,False,-2.0,116,53,45.689655172413794,915
colocated,False,0.0,116,77,66.37931034482759,915
colocated,False,1.0,116,78,67.24137931034483,915
colocated,False,2.0,116,88,75.86206896551724,915
colocated,False,3.0,116,63,54.310344827586206,915
colocated,False,4.0,116,78,67.24137931034483,915
colocated,False,5.0,116,78,67.24137931034483,915
separated,False,-4.0,116,63,54.310344827586206,915
separated,False,-2.0,116,71,61.206896551724135,915
separated,False,0.0,116,74,63.793103448275865,915
separated,False,1.0,116,92,79.3103448275862,915
separated,False,2.0,116,76,65.51724137931035,915
separated,False,3.0,116,77,66.37931034482759,915
separated,False,4.0,116,86,74.13793103448276,915
separated,False,5.0,116,77,66.37931034482759,915
single_speaker,False,-4.0,116,88,75.86206896551724,915
single_speaker,False,-2.0,116,80,68.96551724137932,915
single_speaker,False,0.0,116,78,67.24137931034483,915
single_speaker,False,1.0,116,90,77.58620689655173,915
single_speaker,False,2.0,116,108,93.10344827586206,915
single_speaker,False,3.0,116,86,74.13793103448276,915
single_speaker,False,4.0,116,94,81.03448275862068,915
single_speaker,False,5.0,116,90,77.58620689655173,915
colocated,False,-4.0,116,69,59.48275862068966,916
colocated,False,-2.0,116,67,57.758620689655174,916
colocated,False,0.0,116,68,58.620689655172406,916
colocated,False,1.0,116,79,68.10344827586206,916
colocated,False,2.0,116,91,78.44827586206897,916
colocated,False,3.0,116,72,62.06896551724138,916
colocated,False,4.0,116,75,64.65517241379311,916
colocated,False,5.0,116,75,64.65517241379311,916
separated,False,-4.0,116,65,56.03448275862068,916
separated,False,-2.0,116,81,69.82758620689656,916
separated,False,0.0,116,77,66.37931034482759,916
separated,False,1.0,116,93,80.17241379310344,916
separated,False,2.0,116,78,67.24137931034483,916
separated,False,3.0,116,68,58.620689655172406,916
separated,False,4.0,116,89,76.72413793103449,916
separated,False,5.0,116,77,66.37931034482759,916
single_speaker,False,-4.0,116,93,80.17241379310344,916
single_speaker,False,-2.0,116,82,70.6896551724138,916
single_speaker,False,0.0,116,83,71.55172413793103,916
single_speaker,False,1.0,116,90,77.58620689655173,916
single_speaker,False,2.0,116,99,85.34482758620689,916
single_speaker,False,3.0,116,82,70.6896551724138,916
single_speaker,False,4.0,116,104,89.65517241379311,916
single_speaker,False,5.0,116,84,72.41379310344827,916
colocated,False,-4.0,116,61,52.58620689655172,917
colocated,False,-2.0,116,68,58.620689655172406,917
colocated,False,0.0,116,72,62.06896551724138,917
colocated,False,1.0,116,81,69.82758620689656,917
colocated,False,2.0,116,83,71.55172413793103,917
colocated,False,3.0,116,72,62.06896551724138,917
colocated,False,4.0,116,80,68.96551724137932,917
colocated,False,5.0,116,89,76.72413793103449,917
separated,False,-4.0,116,69,59.48275862068966,917
separated,False,-2.0,116,71,61.206896551724135,917
separated,False,0.0,116,81,69.82758620689656,917
separated,False,1.0,116,96,82.75862068965517,917
separated,False,2.0,116,71,61.206896551724135,917
separated,False,3.0,116,62,53.44827586206896,917
separated,False,4.0,116,91,78.44827586206897,917
separated,False,5.0,116,68,58.620689655172406,917
single_speaker,False,-4.0,116,86,74.13793103448276,917
single_speaker,False,-2.0,116,80,68.96551724137932,917
single_speaker,False,0.0,116,74,63.793103448275865,917
single_speaker,False,1.0,116,90,77.58620689655173,917
single_speaker,False,2.0,116,101,87.06896551724138,917
single_speaker,False,3.0,116,80,68.96551724137932,917
single_speaker,False,4.0,116,93,80.17241379310344,917
single_speaker,False,5.0,116,87,75.0,917
colocated,False,-4.0,116,61,52.58620689655172,918
colocated,False,-2.0,116,68,58.620689655172406,918
colocated,False,0.0,116,71,61.206896551724135,918
colocated,False,1.0,116,77,66.37931034482759,918
colocated,False,2.0,116,86,74.13793103448276,918
colocated,False,3.0,116,72,62.06896551724138,918
colocated,False,4.0,116,78,67.24137931034483,918
colocated,False,5.0,116,94,81.03448275862068,918
separated,False,-4.0,116,71,61.206896551724135,918
separated,False,-2.0,116,77,66.37931034482759,918
separated,False,0.0,116,81,69.82758620689656,918
separated,False,1.0,116,96,82.75862068965517,918
separated,False,2.0,116,77,66.37931034482759,918
separated,False,3.0,116,62,53.44827586206896,918
separated,False,4.0,116,79,68.10344827586206,918
separated,False,5.0,116,84,72.41379310344827,918
single_speaker,False,-4.0,116,83,71.55172413793103,918
single_speaker,False,-2.0,116,80,68.96551724137932,918
single_speaker,False,0.0,116,79,68.10344827586206,918
single_speaker,False,1.0,116,89,76.72413793103449,918
single_speaker,False,2.0,116,98,84.48275862068965,918
single_speaker,False,3.0,116,82,70.6896551724138,918
single_speaker,False,4.0,116,100,86.20689655172413,918
single_speaker,False,5.0,116,84,72.41379310344827,918
colocated,False,-4.0,116,72,62.06896551724138,919
colocated,False,-2.0,116,60,51.724137931034484,919
colocated,False,0.0,116,74,63.793103448275865,919
colocated,False,1.0,116,77,66.37931034482759,919
colocated,False,2.0,116,86,74.13793103448276,919
colocated,False,3.0,116,63,54.310344827586206,919
colocated,False,4.0,116,73,62.93103448275862,919
colocated,False,5.0,116,78,67.24137931034483,919
separated,False,-4.0,116,72,62.06896551724138,919
separated,False,-2.0,116,67,57.758620689655174,919
separated,False,0.0,116,79,68.10344827586206,919
separated,False,1.0,116,94,81.03448275862068,919
separated,False,2.0,116,76,65.51724137931035,919
separated,False,3.0,116,69,59.48275862068966,919
separated,False,4.0,116,86,74.13793103448276,919
separated,False,5.0,116,78,67.24137931034483,919
single_speaker,False,-4.0,116,88,75.86206896551724,919
single_speaker,False,-2.0,116,82,70.6896551724138,919
single_speaker,False,0.0,116,77,66.37931034482759,919
single_speaker,False,1.0,116,101,87.06896551724138,919
single_speaker,False,2.0,116,100,86.20689655172413,919
single_speaker,False,3.0,116,81,69.82758620689656,919
single_speaker,False,4.0,116,97,83.62068965517241,919
single_speaker,False,5.0,116,83,71.55172413793103,919
colocated,False,-4.0,116,65,56.03448275862068,920
colocated,False,-2.0,116,70,60.3448275862069,920
colocated,False,0.0,116,72,62.06896551724138,920
colocated,False,1.0,116,78,67.24137931034483,920
colocated,False,2.0,116,88,75.86206896551724,920
colocated,False,3.0,116,73,62.93103448275862,920
colocated,False,4.0,116,85,73.27586206896551,920
colocated,False,5.0,116,83,71.55172413793103,920
separated,False,-4.0,116,68,58.620689655172406,920
separated,False,-2.0,116,70,60.3448275862069,920
separated,False,0.0,116,81,69.82758620689656,920
separated,False,1.0,116,95,81.89655172413794,920
separated,False,2.0,116,85,73.27586206896551,920
separated,False,3.0,116,67,57.758620689655174,920
separated,False,4.0,116,78,67.24137931034483,920
separated,False,5.0,116,78,67.24137931034483,920
single_speaker,False,-4.0,116,85,73.27586206896551,920
single_speaker,False,-2.0,116,80,68.96551724137932,920
single_speaker,False,0.0,116,94,81.03448275862068,920
single_speaker,False,1.0,116,98,84.48275862068965,920
single_speaker,False,2.0,116,102,87.93103448275862,920
single_speaker,False,3.0,116,85,73.27586206896551,920
single_speaker,False,4.0,116,95,81.89655172413794,920
single_speaker,False,5.0,116,79,68.10344827586206,920
colocated,False,-4.0,116,60,51.724137931034484,921
colocated,False,-2.0,116,58,50.0,921
colocated,False,0.0,116,66,56.896551724137936,921
colocated,False,1.0,116,82,70.6896551724138,921
colocated,False,2.0,116,82,70.6896551724138,921
colocated,False,3.0,116,67,57.758620689655174,921
colocated,False,4.0,116,84,72.41379310344827,921
colocated,False,5.0,116,85,73.27586206896551,921
separated,False,-4.0,116,68,58.620689655172406,921
separated,False,-2.0,116,67,57.758620689655174,921
separated,False,0.0,116,79,68.10344827586206,921
separated,False,1.0,116,94,81.03448275862068,921
separated,False,2.0,116,75,64.65517241379311,921
separated,False,3.0,116,66,56.896551724137936,921
separated,False,4.0,116,83,71.55172413793103,921
separated,False,5.0,116,84,72.41379310344827,921
single_speaker,False,-4.0,116,90,77.58620689655173,921
single_speaker,False,-2.0,116,76,65.51724137931035,921
single_speaker,False,0.0,116,76,65.51724137931035,921
single_speaker,False,1.0,116,92,79.3103448275862,921
single_speaker,False,2.0,116,103,88.79310344827587,921
single_speaker,False,3.0,116,70,60.3448275862069,921
single_speaker,False,4.0,116,89,76.72413793103449,921
single_speaker,False,5.0,116,83,71.55172413793103,921
colocated,False,-4.0,116,71,61.206896551724135,922
colocated,False,-2.0,116,63,54.310344827586206,922
colocated,False,0.0,116,75,64.65517241379311,922
colocated,False,1.0,116,81,69.82758620689656,922
colocated,False,2.0,116,83,71.55172413793103,922
colocated,False,3.0,116,66,56.896551724137936,922
colocated,False,4.0,116,72,62.06896551724138,922
colocated,False,5.0,116,81,69.82758620689656,922
separated,False,-4.0,116,66,56.896551724137936,922
separated,False,-2.0,116,76,65.51724137931035,922
separated,False,0.0,116,74,63.793103448275865,922
separated,False,1.0,116,98,84.48275862068965,922
separated,False,2.0,116,74,63.793103448275865,922
separated,False,3.0,116,76,65.51724137931035,922
separated,False,4.0,116,82,70.6896551724138,922
separated,False,5.0,116,73,62.93103448275862,922
single_speaker,False,-4.0,116,85,73.27586206896551,922
single_speaker,False,-2.0,116,82,70.6896551724138,922
single_speaker,False,0.0,116,71,61.206896551724135,922
single_speaker,False,1.0,116,92,79.3103448275862,922
single_speaker,False,2.0,116,99,85.34482758620689,922
single_speaker,False,3.0,116,78,67.24137931034483,922
single_speaker,False,4.0,116,97,83.62068965517241,922
single_speaker,False,5.0,116,85,73.27586206896551,922
colocated,False,-4.0,116,70,60.3448275862069,923
colocated,False,-2.0,116,66,56.896551724137936,923
colocated,False,0.0,116,83,71.55172413793103,923
colocated,False,1.0,116,75,64.65517241379311,923
colocated,False,2.0,116,86,74.13793103448276,923
colocated,False,3.0,116,74,63.793103448275865,923
colocated,False,4.0,116,76,65.51724137931035,923
colocated,False,5.0,116,74,63.793103448275865,923
separated,False,-4.0,116,64,55.172413793103445,923
separated,False,-2.0,116,69,59.48275862068966,923
separated,False,0.0,116,76,65.51724137931035,923
separated,False,1.0,116,94,81.03448275862068,923
separated,False,2.0,116,83,71.55172413793103,923
separated,False,3.0,116,74,63.793103448275865,923
separated,False,4.0,116,85,73.27586206896551,923
separated,False,5.0,116,81,69.82758620689656,923
single_speaker,False,-4.0,116,91,78.44827586206897,923
single_speaker,False,-2.0,116,74,63.793103448275865,923
single_speaker,False,0.0,116,89,76.72413793103449,923
single_speaker,False,1.0,116,95,81.89655172413794,923
single_speaker,False,2.0,116,103,88.79310344827587,923
single_speaker,False,3.0,116,83,71.55172413793103,923
single_speaker,False,4.0,116,93,80.17241379310344,923
single_speaker,False,5.0,116,75,64.65517241379311,923
colocated,False,-4.0,116,68,58.620689655172406,924
colocated,False,-2.0,116,54,46.55172413793103,924
colocated,False,0.0,116,78,67.24137931034483,924
colocated,False,1.0,116,86,74.13793103448276,924
colocated,False,2.0,116,85,73.27586206896551,924
colocated,False,3.0,116,67,57.758620689655174,924
colocated,False,4.0,116,85,73.27586206896551,924
colocated,False,5.0,116,84,72.41379310344827,924
separated,False,-4.0,116,64,55.172413793103445,924
separated,False,-2.0,116,74,63.793103448275865,924
separated,False,0.0,116,78,67.24137931034483,924
separated,False,1.0,116,93,80.17241379310344,924
separated,False,2.0,116,78,67.24137931034483,924
separated,False,3.0,116,67,57.758620689655174,924
separated,False,4.0,116,94,81.03448275862068,924
separated,False,5.0,116,83,71.55172413793103,924
single_speaker,False,-4.0,116,88,75.86206896551724,924
single_speaker,False,-2.0,116,82,70.6896551724138,924
single_speaker,False,0.0,116,88,75.86206896551724,924
single_speaker,False,1.0,116,86,74.13793103448276,924
single_speaker,False,2.0,116,94,81.03448275862068,924
single_speaker,False,3.0,116,83,71.55172413793103,924
single_speaker,False,4.0,116,96,82.75862068965517,924
single_speaker,False,5.0,116,81,69.82758620689656,924
colocated,False,-4.0,116,64,55.172413793103445,925
colocated,False,-2.0,116,65,56.03448275862068,925
colocated,False,0.0,116,74,63.793103448275865,925
colocated,False,1.0,116,76,65.51724137931035,925
colocated,False,2.0,116,79,68.10344827586206,925
colocated,False,3.0,116,71,61.206896551724135,925
colocated,False,4.0,116,74,63.793103448275865,925
colocated,False,5.0,116,90,77.58620689655173,925
separated,False,-4.0,116,58,50.0,925
separated,False,-2.0,116,74,63.793103448275865,925
separated,False,0.0,116,76,65.51724137931035,925
separated,False,1.0,116,96,82.75862068965517,925
separated,False,2.0,116,71,61.206896551724135,925
separated,False,3.0,116,72,62.06896551724138,925
separated,False,4.0,116,89,76.72413793103449,925
separated,False,5.0,116,75,64.65517241379311,925
single_speaker,False,-4.0,116,81,69.82758620689656,925
single_speaker,False,-2.0,116,82,70.6896551724138,925
single_speaker,False,0.0,116,85,73.27586206896551,925
single_speaker,False,1.0,116,87,75.0,925
single_speaker,False,2.0,116,102,87.93103448275862,925
single_speaker,False,3.0,116,73,62.93103448275862,925
single_speaker,False,4.0,116,97,83.62068965517241,925
single_speaker,False,5.0,116,88,75.86206896551724,925
colocated,False,-4.0,116,60,51.724137931034484,926
colocated,False,-2.0,116,74,63.793103448275865,926
colocated,False,0.0,116,72,62.06896551724138,926
colocated,False,1.0,116,84,72.41379310344827,926
colocated,False,2.0,116,79,68.10344827586206,926
colocated,False,3.0,116,61,52.58620689655172,926
colocated,False,4.0,116,79,68.10344827586206,926
colocated,False,5.0,116,78,67.24137931034483,926
separated,False,-4.0,116,62,53.44827586206896,926
separated,False,-2.0,116,71,61.206896551724135,926
separated,False,0.0,116,81,69.82758620689656,926
separated,False,1.0,116,89,76.72413793103449,926
separated,False,2.0,116,73,62.93103448275862,926
separated,False,3.0,116,65,56.03448275862068,926
separated,False,4.0,116,86,74.13793103448276,926
separated,False,5.0,116,71,61.206896551724135,926
single_speaker,False,-4.0,116,86,74.13793103448276,926
single_speaker,False,-2.0,116,75,64.65517241379311,926
single_speaker,False,0.0,116,82,70.6896551724138,926
single_speaker,False,1.0,116,88,75.86206896551724,926
single_speaker,False,2.0,116,99,85.34482758620689,926
single_speaker,False,3.0,116,82,70.6896551724138,926
single_speaker,False,4.0,116,90,77.58620689655173,926
single_speaker,False,5.0,116,81,69.82758620689656,926
colocated,False,-4.0,116,64,55.172413793103445,927
colocated,False,-2.0,116,72,62.06896551724138,927
colocated,False,0.0,116,67,57.758620689655174,927
colocated,False,1.0,116,75,64.65517241379311,927
colocated,False,2.0,116,85,73.27586206896551,927
colocated,False,3.0,116,62,53.44827586206896,927
colocated,False,4.0,116,76,65.51724137931035,927
colocated,False,5.0,116,88,75.86206896551724,927
separated,False,-4.0,116,67,57.758620689655174,927
separated,False,-2.0,116,80,68.96551724137932,927
separated,False,0.0,116,76,65.51724137931035,927
separated,False,1.0,116,97,83.62068965517241,927
separated,False,2.0,116,76,65.51724137931035,927
separated,False,3.0,116,66,56.896551724137936,927
separated,False,4.0,116,87,75.0,927
separated,False,5.0,116,68,58.620689655172406,927
single_speaker,False,-4.0,116,79,68.10344827586206,927
single_speaker,False,-2.0,116,78,67.24137931034483,927
single_speaker,False,0.0,116,79,68.10344827586206,927
single_speaker,False,1.0,116,86,74.13793103448276,927
single_speaker,False,2.0,116,100,86.20689655172413,927
single_speaker,False,3.0,116,86,74.13793103448276,927
single_speaker,False,4.0,116,87,75.0,927
single_speaker,False,5.0,116,84,72.41379310344827,927
colocated,False,-4.0,116,61,52.58620689655172,928
colocated,False,-2.0,116,65,56.03448275862068,928
colocated,False,0.0,116,69,59.48275862068966,928
colocated,False,1.0,116,72,62.06896551724138,928
colocated,False,2.0,116,90,77.58620689655173,928
colocated,False,3.0,116,71,61.206896551724135,928
colocated,False,4.0,116,75,64.65517241379311,928
colocated,False,5.0,116,77,66.37931034482759,928
separated,False,-4.0,116,65,56.03448275862068,928
separated,False,-2.0,116,79,68.10344827586206,928
separated,False,0.0,116,82,70.6896551724138,928
separated,False,1.0,116,95,81.89655172413794,928
separated,False,2.0,116,80,68.96551724137932,928
separated,False,3.0,116,75,64.65517241379311,928
separated,False,4.0,116,83,71.55172413793103,928
separated,False,5.0,116,67,57.758620689655174,928
single_speaker,False,-4.0,116,85,73.27586206896551,928
single_speaker,False,-2.0,116,82,70.6896551724138,928
single_speaker,False,0.0,116,90,77.58620689655173,928
single_speaker,False,1.0,116,86,74.13793103448276,928
single_speaker,False,2.0,116,92,79.3103448275862,928
single_speaker,False,3.0,116,84,72.41379310344827,928
single_speaker,False,4.0,116,99,85.34482758620689,928
single_speaker,False,5.0,116,86,74.13793103448276,928
colocated,False,-4.0,116,70,60.3448275862069,929
colocated,False,-2.0,116,66,56.896551724137936,929
colocated,False,0.0,116,82,70.6896551724138,929
colocated,False,1.0,116,72,62.06896551724138,929
colocated,False,2.0,116,88,75.86206896551724,929
colocated,False,3.0,116,66,56.896551724137936,929
colocated,False,4.0,116,84,72.41379310344827,929
colocated,False,5.0,116,77,66.37931034482759,929
separated,False,-4.0,116,62,53.44827586206896,929
separated,False,-2.0,116,74,63.793103448275865,929
separated,False,0.0,116,84,72.41379310344827,929
separated,False,1.0,116,91,78.44827586206897,929
separated,False,2.0,116,75,64.65517241379311,929
separated,False,3.0,116,69,59.48275862068966,929
separated,False,4.0,116,82,70.6896551724138,929
separated,False,5.0,116,71,61.206896551724135,929
single_speaker,False,-4.0,116,94,81.03448275862068,929
single_speaker,False,-2.0,116,77,66.37931034482759,929
single_speaker,False,0.0,116,78,67.24137931034483,929
single_speaker,False,1.0,116,93,80.17241379310344,929
single_speaker,False,2.0,116,100,86.20689655172413,929
single_speaker,False,3.0,116,86,74.13793103448276,929
single_speaker,False,4.0,116,95,81.89655172413794,929
single_speaker,False,5.0,116,87,75.0,929
colocated,False,-4.0,116,67,57.758620689655174,930
colocated,False,-2.0,116,59,50.86206896551724,930
colocated,False,0.0,116,74,63.793103448275865,930
colocated,False,1.0,116,83,71.55172413793103,930
colocated,False,2.0,116,82,70.6896551724138,930
colocated,False,3.0,116,62,53.44827586206896,930
colocated,False,4.0,116,82,70.6896551724138,930
colocated,False,5.0,116,83,71.55172413793103,930
separated,False,-4.0,116,62,53.44827586206896,930
separated,False,-2.0,116,74,63.793103448275865,930
separated,False,0.0,116,76,65.51724137931035,930
separated,False,1.0,116,98,84.48275862068965,930
separated,False,2.0,116,74,63.793103448275865,930
separated,False,3.0,116,70,60.3448275862069,930
separated,False,4.0,116,75,64.65517241379311,930
separated,False,5.0,116,82,70.6896551724138,930
single_speaker,False,-4.0,116,88,75.86206896551724,930
single_speaker,False,-2.0,116,84,72.41379310344827,930
single_speaker,False,0.0,116,86,74.13793103448276,930
single_speaker,False,1.0,116,92,79.3103448275862,930
single_speaker,False,2.0,116,93,80.17241379310344,930
single_speaker,False,3.0,116,72,62.06896551724138,930
single_speaker,False,4.0,116,89,76.72413793103449,930
single_speaker,False,5.0,116,81,69.82758620689656,930
colocated,False,-4.0,116,68,58.620689655172406,931
colocated,False,-2.0,116,68,58.620689655172406,931
colocated,False,0.0,116,72,62.06896551724138,931
colocated,False,1.0,116,75,64.65517241379311,931
colocated,False,2.0,116,84,72.41379310344827,931
colocated,False,3.0,116,58,50.0,931
colocated,False,4.0,116,85,73.27586206896551,931
colocated,False,5.0,116,78,67.24137931034483,931
separated,False,-4.0,116,71,61.206896551724135,931
separated,False,-2.0,116,77,66.37931034482759,931
separated,False,0.0,116,83,71.55172413793103,931
separated,False,1.0,116,93,80.17241379310344,931
separated,False,2.0,116,79,68.10344827586206,931
separated,False,3.0,116,61,52.58620689655172,931
separated,False,4.0,116,80,68.96551724137932,931
separated,False,5.0,116,76,65.51724137931035,931
single_speaker,False,-4.0,116,85,73.27586206896551,931
single_speaker,False,-2.0,116,82,70.6896551724138,931
single_speaker,False,0.0,116,91,78.44827586206897,931
single_speaker,False,1.0,116,97,83.62068965517241,931
single_speaker,False,2.0,116,104,89.65517241379311,931
single_speaker,False,3.0,116,77,66.37931034482759,931
single_speaker,False,4.0,116,92,79.3103448275862,931
single_speaker,False,5.0,116,82,70.6896551724138,931
colocated,False,-4.0,116,62,53.44827586206896,932
colocated,False,-2.0,116,66,56.896551724137936,932
colocated,False,0.0,116,65,56.03448275862068,932
colocated,False,1.0,116,73,62.93103448275862,932
colocated,False,2.0,116,84,72.41379310344827,932
colocated,False,3.0,116,58,50.0,932
colocated,False,4.0,116,83,71.55172413793103,932
colocated,False,5.0,116,79,68.10344827586206,932
separated,False,-4.0,116,69,59.48275862068966,932
separated,False,-2.0,116,71,61.206896551724135,932
separated,False,0.0,116,74,63.793103448275865,932
separated,False,1.0,116,93,80.17241379310344,932
separated,False,2.0,116,72,62.06896551724138,932
separated,False,3.0,116,71,61.206896551724135,932
separated,False,4.0,116,79,68.10344827586206,932
separated,False,5.0,116,79,68.10344827586206,932
single_speaker,False,-4.0,116,96,82.75862068965517,932
single_speaker,False,-2.0,116,88,75.86206896551724,932
single_speaker,False,0.0,116,80,68.96551724137932,932
single_speaker,False,1.0,116,89,76.72413793103449,932
single_speaker,False,2.0,116,101,87.06896551724138,932
single_speaker,False,3.0,116,88,75.86206896551724,932
single_speaker,False,4.0,116,93,80.17241379310344,932
single_speaker,False,5.0,116,88,75.86206896551724,932
colocated,False,-4.0,116,67,57.758620689655174,933
colocated,False,-2.0,116,69,59.48275862068966,933
colocated,False,0.0,116,79,68.10344827586206,933
colocated,False,1.0,116,75,64.65517241379311,933
colocated,False,2.0,116,82,70.6896551724138,933
colocated,False,3.0,116,72,62.06896551724138,933
colocated,False,4.0,116,76,65.51724137931035,933
colocated,False,5.0,116,76,65.51724137931035,933
separated,False,-4.0,116,62,53.44827586206896,933
separated,False,-2.0,116,75,64.65517241379311,933
separated,False,0.0,116,68,58.620689655172406,933
separated,False,1.0,116,100,86.20689655172413,933
separated,False,2.0,116,78,67.24137931034483,933
separated,False,3.0,116,74,63.793103448275865,933
separated,False,4.0,116,87,75.0,933
separated,False,5.0,116,77,66.37931034482759,933
single_speaker,False,-4.0,116,85,73.27586206896551,933
single_speaker,False,-2.0,116,81,69.82758620689656,933
single_speaker,False,0.0,116,81,69.82758620689656,933
single_speaker,False,1.0,116,87,75.0,933
single_speaker,False,2.0,116,100,86.20689655172413,933
single_speaker,False,3.0,116,81,69.82758620689656,933
single_speaker,False,4.0,116,88,75.86206896551724,933
single_speaker,False,5.0,116,79,68.10344827586206,933
colocated,False,-4.0,116,57,49.137931034482754,934
colocated,False,-2.0,116,73,62.93103448275862,934
colocated,False,0.0,116,81,69.82758620689656,934
colocated,False,1.0,116,81,69.82758620689656,934
colocated,False,2.0,116,84,72.41379310344827,934
colocated,False,3.0,116,66,56.896551724137936,934
colocated,False,4.0,116,79,68.10344827586206,934
colocated,False,5.0,116,76,65.51724137931035,934
separated,False,-4.0,116,64,55.172413793103445,934
separated,False,-2.0,116,78,67.24137931034483,934
separated,False,0.0,116,77,66.37931034482759,934
separated,False,1.0,116,97,83.62068965517241,934
separated,False,2.0,116,82,70.6896551724138,934
separated,False,3.0,116,67,57.758620689655174,934
separated,False,4.0,116,80,68.96551724137932,934
separated,False,5.0,116,78,67.24137931034483,934
single_speaker,False,-4.0,116,91,78.44827586206897,934
single_speaker,False,-2.0,116,77,66.37931034482759,934
single_speaker,False,0.0,116,87,75.0,934
single_speaker,False,1.0,116,94,81.03448275862068,934
single_speaker,False,2.0,116,97,83.62068965517241,934
single_speaker,False,3.0,116,77,66.37931034482759,934
single_speaker,False,4.0,116,87,75.0,934
single_speaker,False,5.0,116,84,72.41379310344827,934
colocated,False,-4.0,116,68,58.620689655172406,935
colocated,False,-2.0,116,68,58.620689655172406,935
colocated,False,0.0,116,62,53.44827586206896,935
colocated,False,1.0,116,75,64.65517241379311,935
colocated,False,2.0,116,87,75.0,935
colocated,False,3.0,116,76,65.51724137931035,935
colocated,False,4.0,116,75,64.65517241379311,935
colocated,False,5.0,116,83,71.55172413793103,935
separated,False,-4.0,116,58,50.0,935
separated,False,-2.0,116,64,55.172413793103445,935
separated,False,0.0,116,72,62.06896551724138,935
separated,False,1.0,116,91,78.44827586206897,935
separated,False,2.0,116,74,63.793103448275865,935
separated,False,3.0,116,78,67.24137931034483,935
separated,False,4.0,116,87,75.0,935
separated,False,5.0,116,85,73.27586206896551,935
single_speaker,False,-4.0,116,91,78.44827586206897,935
single_speaker,False,-2.0,116,76,65.51724137931035,935
single_speaker,False,0.0,116,85,73.27586206896551,935
single_speaker,False,1.0,116,92,79.3103448275862,935
single_speaker,False,2.0,116,104,89.65517241379311,935
single_speaker,False,3.0,116,86,74.13793103448276,935
single_speaker,False,4.0,116,100,86.20689655172413,935
single_speaker,False,5.0,116,77,66.37931034482759,935
colocated,False,-4.0,116,66,56.896551724137936,936
colocated,False,-2.0,116,60,51.724137931034484,936
colocated,False,0.0,116,77,66.37931034482759,936
colocated,False,1.0,116,85,73.27586206896551,936
colocated,False,2.0,116,89,76.72413793103449,936
colocated,False,3.0,116,73,62.93103448275862,936
colocated,False,4.0,116,83,71.55172413793103,936
colocated,False,5.0,116,80,68.96551724137932,936
separated,False,-4.0,116,58,50.0,936
separated,False,-2.0,116,71,61.206896551724135,936
separated,False,0.0,116,81,69.82758620689656,936
separated,False,1.0,116,89,76.72413793103449,936
separated,False,2.0,116,69,59.48275862068966,936
separated,False,3.0,116,74,63.793103448275865,936
separated,False,4.0,116,80,68.96551724137932,936
separated,False,5.0,116,71,61.206896551724135,936
single_speaker,False,-4.0,116,87,75.0,936
single_speaker,False,-2.0,116,76,65.51724137931035,936
single_speaker,False,0.0,116,81,69.82758620689656,936
single_speaker,False,1.0,116,96,82.75862068965517,936
single_speaker,False,2.0,116,101,87.06896551724138,936
single_speaker,False,3.0,116,87,75.0,936
single_speaker,False,4.0,116,92,79.3103448275862,936
single_speaker,False,5.0,116,90,77.58620689655173,936
colocated,False,-4.0,116,55,47.41379310344828,937
colocated,False,-2.0,116,65,56.03448275862068,937
colocated,False,0.0,116,80,68.96551724137932,937
colocated,False,1.0,116,75,64.65517241379311,937
colocated,False,2.0,116,89,76.72413793103449,937
colocated,False,3.0,116,70,60.3448275862069,937
colocated,False,4.0,116,72,62.06896551724138,937
colocated,False,5.0,116,76,65.51724137931035,937
separated,False,-4.0,116,63,54.310344827586206,937
separated,False,-2.0,116,70,60.3448275862069,937
separated,False,0.0,116,80,68.96551724137932,937
separated,False,1.0,116,93,80.17241379310344,937
separated,False,2.0,116,67,57.758620689655174,937
separated,False,3.0,116,60,51.724137931034484,937
separated,False,4.0,116,67,57.758620689655174,937
separated,False,5.0,116,72,62.06896551724138,937
single_speaker,False,-4.0,116,85,73.27586206896551,937
single_speaker,False,-2.0,116,79,68.10344827586206,937
single_speaker,False,0.0,116,78,67.24137931034483,937
single_speaker,False,1.0,116,92,79.3103448275862,937
single_speaker,False,2.0,116,103,88.79310344827587,937
single_speaker,False,3.0,116,79,68.10344827586206,937
single_speaker,False,4.0,116,97,83.62068965517241,937
single_speaker,False,5.0,116,80,68.96551724137932,937
colocated,False,-4.0,116,64,55.172413793103445,938
colocated,False,-2.0,116,70,60.3448275862069,938
colocated,False,0.0,116,75,64.65517241379311,938
colocated,False,1.0,116,75,64.65517241379311,938
colocated,False,2.0,116,86,74.13793103448276,938
colocated,False,3.0,116,65,56.03448275862068,938
colocated,False,4.0,116,88,75.86206896551724,938
colocated,False,5.0,116,84,72.41379310344827,938
separated,False,-4.0,116,61,52.58620689655172,938
separated,False,-2.0,116,82,70.6896551724138,938
separated,False,0.0,116,80,68.96551724137932,938
separated,False,1.0,116,89,76.72413793103449,938
separated,False,2.0,116,69,59.48275862068966,938
separated,False,3.0,116,77,66.37931034482759,938
separated,False,4.0,116,84,72.41379310344827,938
separated,False,5.0,116,77,66.37931034482759,938
single_speaker,False,-4.0,116,92,79.3103448275862,938
single_speaker,False,-2.0,116,73,62.93103448275862,938
single_speaker,False,0.0,116,83,71.55172413793103,938
single_speaker,False,1.0,116,89,76.72413793103449,938
single_speaker,False,2.0,116,103,88.79310344827587,938
single_speaker,False,3.0,116,91,78.44827586206897,938
single_speaker,False,4.0,116,96,82.75862068965517,938
single_speaker,False,5.0,116,76,65.51724137931035,938
colocated,False,-4.0,116,62,53.44827586206896,939
colocated,False,-2.0,116,59,50.86206896551724,939
colocated,False,0.0,116,71,61.206896551724135,939
colocated,False,1.0,116,81,69.82758620689656,939
colocated,False,2.0,116,82,70.6896551724138,939
colocated,False,3.0,116,71,61.206896551724135,939
colocated,False,4.0,116,81,69.82758620689656,939
colocated,False,5.0,116,71,61.206896551724135,939
separated,False,-4.0,116,63,54.310344827586206,939
separated,False,-2.0,116,67,57.758620689655174,939
separated,False,0.0,116,78,67.24137931034483,939
separated,False,1.0,116,99,85.34482758620689,939
separated,False,2.0,116,77,66.37931034482759,939
separated,False,3.0,116,73,62.93103448275862,939
separated,False,4.0,116,91,78.44827586206897,939
separated,False,5.0,116,79,68.10344827586206,939
single_speaker,False,-4.0,116,93,80.17241379310344,939
single_speaker,False,-2.0,116,86,74.13793103448276,939
single_speaker,False,0.0,116,86,74.13793103448276,939
single_speaker,False,1.0,116,82,70.6896551724138,939
single_speaker,False,2.0,116,104,89.65517241379311,939
single_speaker,False,3.0,116,83,71.55172413793103,939
single_speaker,False,4.0,116,89,76.72413793103449,939
single_speaker,False,5.0,116,86,74.13793103448276,939
colocated,False,-4.0,116,76,65.51724137931035,940
colocated,False,-2.0,116,65,56.03448275862068,940
colocated,False,0.0,116,72,62.06896551724138,940
colocated,False,1.0,116,86,74.13793103448276,940
colocated,False,2.0,116,89,76.72413793103449,940
colocated,False,3.0,116,60,51.724137931034484,940
colocated,False,4.0,116,80,68.96551724137932,940
colocated,False,5.0,116,87,75.0,940
separated,False,-4.0,116,68,58.620689655172406,940
separated,False,-2.0,116,73,62.93103448275862,940
separated,False,0.0,116,80,68.96551724137932,940
separated,False,1.0,116,97,83.62068965517241,940
separated,False,2.0,116,76,65.51724137931035,940
separated,False,3.0,116,64,55.172413793103445,940
separated,False,4.0,116,76,65.51724137931035,940
separated,False,5.0,116,75,64.65517241379311,940
single_speaker,False,-4.0,116,80,68.96551724137932,940
single_speaker,False,-2.0,116,81,69.82758620689656,940
single_speaker,False,0.0,116,83,71.55172413793103,940
single_speaker,False,1.0,116,91,78.44827586206897,940
single_speaker,False,2.0,116,97,83.62068965517241,940
single_speaker,False,3.0,116,76,65.51724137931035,940
single_speaker,False,4.0,116,100,86.20689655172413,940
single_speaker,False,5.0,116,91,78.44827586206897,940
colocated,False,-4.0,116,75,64.65517241379311,941
colocated,False,-2.0,116,66,56.896551724137936,941
colocated,False,0.0,116,71,61.206896551724135,941
colocated,False,1.0,116,80,68.96551724137932,941
colocated,False,2.0,116,84,72.41379310344827,941
colocated,False,3.0,116,68,58.620689655172406,941
colocated,False,4.0,116,67,57.758620689655174,941
colocated,False,5.0,116,83,71.55172413793103,941
separated,False,-4.0,116,65,56.03448275862068,941
separated,False,-2.0,116,74,63.793103448275865,941
separated,False,0.0,116,75,64.65517241379311,941
separated,False,1.0,116,87,75.0,941
separated,False,2.0,116,78,67.24137931034483,941
separated,False,3.0,116,70,60.3448275862069,941
separated,False,4.0,116,80,68.96551724137932,941
separated,False,5.0,116,68,58.620689655172406,941
single_speaker,False,-4.0,116,89,76.72413793103449,941
single_speaker,False,-2.0,116,77,66.37931034482759,941
single_speaker,False,0.0,116,83,71.55172413793103,941
single_speaker,False,1.0,116,93,80.17241379310344,941
single_speaker,False,2.0,116,108,93.10344827586206,941
single_speaker,False,3.0,116,86,74.13793103448276,941
single_speaker,False,4.0,116,93,80.17241379310344,941
single_speaker,False,5.0,116,82,70.6896551724138,941
colocated,False,-4.0,116,66,56.896551724137936,942
colocated,False,-2.0,116,62,53.44827586206896,942
colocated,False,0.0,116,65,56.03448275862068,942
colocated,False,1.0,116,81,69.82758620689656,942
colocated,False,2.0,116,83,71.55172413793103,942
colocated,False,3.0,116,63,54.310344827586206,942
colocated,False,4.0,116,82,70.6896551724138,942
colocated,False,5.0,116,69,59.48275862068966,942
separated,False,-4.0,116,57,49.137931034482754,942
separated,False,-2.0,116,76,65.51724137931035,942
separated,False,0.0,116,81,69.82758620689656,942
separated,False,1.0,116,94,81.03448275862068,942
separated,False,2.0,116,75,64.65517241379311,942
separated,False,3.0,116,70,60.3448275862069,942
separated,False,4.0,116,77,66.37931034482759,942
separated,False,5.0,116,82,70.6896551724138,942
single_speaker,False,-4.0,116,83,71.55172413793103,942
single_speaker,False,-2.0,116,76,65.51724137931035,942
single_speaker,False,0.0,116,79,68.10344827586206,942
single_speaker,False,1.0,116,94,81.03448275862068,942
single_speaker,False,2.0,116,97,83.62068965517241,942
single_speaker,False,3.0,116,92,79.3103448275862,942
single_speaker,False,4.0,116,88,75.86206896551724,942
single_speaker,False,5.0,116,79,68.10344827586206,942
colocated,False,-4.0,116,56,48.275862068965516,943
colocated,False,-2.0,116,69,59.48275862068966,943
colocated,False,0.0,116,72,62.06896551724138,943
colocated,False,1.0,116,70,60.3448275862069,943
colocated,False,2.0,116,86,74.13793103448276,943
colocated,False,3.0,116,71,61.206896551724135,943
colocated,False,4.0,116,84,72.41379310344827,943
colocated,False,5.0,116,81,69.82758620689656,943
separated,False,-4.0,116,63,54.310344827586206,943
separated,False,-2.0,116,63,54.310344827586206,943
separated,False,0.0,116,84,72.41379310344827,943
separated,False,1.0,116,101,87.06896551724138,943
separated,False,2.0,116,81,69.82758620689656,943
separated,False,3.0,116,73,62.93103448275862,943
separated,False,4.0,116,81,69.82758620689656,943
separated,False,5.0,116,72,62.06896551724138,943
single_speaker,False,-4.0,116,89,76.72413793103449,943
single_speaker,False,-2.0,116,80,68.96551724137932,943
single_speaker,False,0.0,116,93,80.17241379310344,943
single_speaker,False,1.0,116,100,86.20689655172413,943
single_speaker,False,2.0,116,94,81.03448275862068,943
single_speaker,False,3.0,116,79,68.10344827586206,943
single_speaker,False,4.0,116,97,83.62068965517241,943
single_speaker,False,5.0,116,81,69.82758620689656,943
colocated,False,-4.0,116,62,53.44827586206896,944
colocated,False,-2.0,116,62,53.44827586206896,944
colocated,False,0.0,116,70,60.3448275862069,944
colocated,False,1.0,116,82,70.6896551724138,944
colocated,False,2.0,116,91,78.44827586206897,944
colocated,False,3.0,116,59,50.86206896551724,944
colocated,False,4.0,116,76,65.51724137931035,944
colocated,False,5.0,116,84,72.41379310344827,944
separated,False,-4.0,116,65,56.03448275862068,944
separated,False,-2.0,116,70,60.3448275862069,944
separated,False,0.0,116,74,63.793103448275865,944
separated,False,1.0,116,93,80.17241379310344,944
separated,False,2.0,116,74,63.793103448275865,944
separated,False,3.0,116,75,64.65517241379311,944
separated,False,4.0,116,81,69.82758620689656,944
separated,False,5.0,116,85,73.27586206896551,944
single_speaker,False,-4.0,116,86,74.13793103448276,944
single_speaker,False,-2.0,116,75,64.65517241379311,944
single_speaker,False,0.0,116,86,74.13793103448276,944
single_speaker,False,1.0,116,92,79.3103448275862,944
single_speaker,False,2.0,116,99,85.34482758620689,944
single_speaker,False,3.0,116,87,75.0,944
single_speaker,False,4.0,116,95,81.89655172413794,944
single_speaker,False,5.0,116,78,67.24137931034483,944
colocated,False,-4.0,116,60,51.724137931034484,945
colocated,False,-2.0,116,65,56.03448275862068,945
colocated,False,0.0,116,71,61.206896551724135,945
colocated,False,1.0,116,80,68.96551724137932,945
colocated,False,2.0,116,85,73.27586206896551,945
colocated,False,3.0,116,77,66.37931034482759,945
colocated,False,4.0,116,79,68.10344827586206,945
colocated,False,5.0,116,83,71.55172413793103,945
separated,False,-4.0,116,62,53.44827586206896,945
separated,False,-2.0,116,81,69.82758620689656,945
separated,False,0.0,116,79,68.10344827586206,945
separated,False,1.0,116,101,87.06896551724138,945
separated,False,2.0,116,72,62.06896551724138,945
separated,False,3.0,116,68,58.620689655172406,945
separated,False,4.0,116,86,74.13793103448276,945
separated,False,5.0,116,78,67.24137931034483,945
single_speaker,False,-4.0,116,78,67.24137931034483,945
single_speaker,False,-2.0,116,79,68.10344827586206,945
single_speaker,False,0.0,116,83,71.55172413793103,945
single_speaker,False,1.0,116,94,81.03448275862068,945
single_speaker,False,2.0,116,98,84.48275862068965,945
single_speaker,False,3.0,116,88,75.86206896551724,945
single_speaker,False,4.0,116,92,79.3103448275862,945
single_speaker,False,5.0,116,86,74.13793103448276,945
colocated,False,-4.0,116,68,58.620689655172406,946
colocated,False,-2.0,116,61,52.58620689655172,946
colocated,False,0.0,116,74,63.793103448275865,946
colocated,False,1.0,116,83,71.55172413793103,946
colocated,False,2.0,116,88,75.86206896551724,946
colocated,False,3.0,116,58,50.0,946
colocated,False,4.0,116,80,68.96551724137932,946
colocated,False,5.0,116,81,69.82758620689656,946
separated,False,-4.0,116,61,52.58620689655172,946
separated,False,-2.0,116,71,61.206896551724135,946
separated,False,0.0,116,76,65.51724137931035,946
separated,False,1.0,116,87,75.0,946
separated,False,2.0,116,77,66.37931034482759,946
separated,False,3.0,116,75,64.65517241379311,946
separated,False,4.0,116,82,70.6896551724138,946
separated,False,5.0,116,78,67.24137931034483,946
single_speaker,False,-4.0,116,81,69.82758620689656,946
single_speaker,False,-2.0,116,82,70.6896551724138,946
single_speaker,False,0.0,116,88,75.86206896551724,946
single_speaker,False,1.0,116,96,82.75862068965517,946
single_speaker,False,2.0,116,97,83.62068965517241,946
single_speaker,False,3.0,116,80,68.96551724137932,946
single_speaker,False,4.0,116,90,77.58620689655173,946
single_speaker,False,5.0,116,77,66.37931034482759,946
colocated,False,-4.0,116,51,43.96551724137931,947
colocated,False,-2.0,116,63,54.310344827586206,947
colocated,False,0.0,116,71,61.206896551724135,947
colocated,False,1.0,116,74,63.793103448275865,947
colocated,False,2.0,116,87,75.0,947
colocated,False,3.0,116,64,55.172413793103445,947
colocated,False,4.0,116,72,62.06896551724138,947
colocated,False,5.0,116,75,64.65517241379311,947
separated,False,-4.0,116,63,54.310344827586206,947
separated,False,-2.0,116,76,65.51724137931035,947
separated,False,0.0,116,70,60.3448275862069,947
separated,False,1.0,116,96,82.75862068965517,947
separated,False,2.0,116,74,63.793103448275865,947
separated,False,3.0,116,74,63.793103448275865,947
separated,False,4.0,116,80,68.96551724137932,947
separated,False,5.0,116,79,68.10344827586206,947
single_speaker,False,-4.0,116,93,80.17241379310344,947
single_speaker,False,-2.0,116,81,69.82758620689656,947
single_speaker,False,0.0,116,79,68.10344827586206,947
single_speaker,False,1.0,116,94,81.03448275862068,947
single_speaker,False,2.0,116,96,82.75862068965517,947
single_speaker,False,3.0,116,74,63.793103448275865,947
single_speaker,False,4.0,116,94,81.03448275862068,947
single_speaker,False,5.0,116,82,70.6896551724138,947
colocated,False,-4.0,116,68,58.620689655172406,948
colocated,False,-2.0,116,68,58.620689655172406,948
colocated,False,0.0,116,74,63.793103448275865,948
colocated,False,1.0,116,85,73.27586206896551,948
colocated,False,2.0,116,94,81.03448275862068,948
colocated,False,3.0,116,67,57.758620689655174,948
colocated,False,4.0,116,79,68.10344827586206,948
colocated,False,5.0,116,71,61.206896551724135,948
separated,False,-4.0,116,70,60.3448275862069,948
separated,False,-2.0,116,75,64.65517241379311,948
separated,False,0.0,116,70,60.3448275862069,948
separated,False,1.0,116,97,83.62068965517241,948
separated,False,2.0,116,82,70.6896551724138,948
separated,False,3.0,116,65,56.03448275862068,948
separated,False,4.0,116,79,68.10344827586206,948
separated,False,5.0,116,73,62.93103448275862,948
single_speaker,False,-4.0,116,82,70.6896551724138,948
single_speaker,False,-2.0,116,68,58.620689655172406,948
single_speaker,False,0.0,116,83,71.55172413793103,948
single_speaker,False,1.0,116,92,79.3103448275862,948
single_speaker,False,2.0,116,95,81.89655172413794,948
single_speaker,False,3.0,116,84,72.41379310344827,948
single_speaker,False,4.0,116,98,84.48275862068965,948
single_speaker,False,5.0,116,79,68.10344827586206,948
colocated,False,-4.0,116,60,51.724137931034484,949
colocated,False,-2.0,116,65,56.03448275862068,949
colocated,False,0.0,116,71,61.206896551724135,949
colocated,False,1.0,116,74,63.793103448275865,949
colocated,False,2.0,116,90,77.58620689655173,949
colocated,False,3.0,116,54,46.55172413793103,949
colocated,False,4.0,116,72,62.06896551724138,949
colocated,False,5.0,116,77,66.37931034482759,949
separated,False,-4.0,116,62,53.44827586206896,949
separated,False,-2.0,116,69,59.48275862068966,949
separated,False,0.0,116,86,74.13793103448276,949
separated,False,1.0,116,92,79.3103448275862,949
separated,False,2.0,116,75,64.65517241379311,949
separated,False,3.0,116,63,54.310344827586206,949
separated,False,4.0,116,89,76.72413793103449,949
separated,False,5.0,116,74,63.793103448275865,949
single_speaker,False,-4.0,116,81,69.82758620689656,949
single_speaker,False,-2.0,116,73,62.93103448275862,949
single_speaker,False,0.0,116,72,62.06896551724138,949
single_speaker,False,1.0,116,98,84.48275862068965,949
single_speaker,False,2.0,116,99,85.34482758620689,949
single_speaker,False,3.0,116,82,70.6896551724138,949
single_speaker,False,4.0,116,93,80.17241379310344,949
single_speaker,False,5.0,116,80,68.96551724137932,949
colocated,False,-4.0,116,72,62.06896551724138,950
colocated,False,-2.0,116,73,62.93103448275862,950
colocated,False,0.0,116,66,56.896551724137936,950
colocated,False,1.0,116,75,64.65517241379311,950
colocated,False,2.0,116,89,76.72413793103449,950
colocated,False,3.0,116,75,64.65517241379311,950
colocated,False,4.0,116,81,69.82758620689656,950
colocated,False,5.0,116,76,65.51724137931035,950
separated,False,-4.0,116,63,54.310344827586206,950
separated,False,-2.0,116,67,57.758620689655174,950
separated,False,0.0,116,81,69.82758620689656,950
separated,False,1.0,116,90,77.58620689655173,950
separated,False,2.0,116,91,78.44827586206897,950
separated,False,3.0,116,70,60.3448275862069,950
separated,False,4.0,116,78,67.24137931034483,950
separated,False,5.0,116,76,65.51724137931035,950
single_speaker,False,-4.0,116,85,73.27586206896551,950
single_speaker,False,-2.0,116,76,65.51724137931035,950
single_speaker,False,0.0,116,83,71.55172413793103,950
single_speaker,False,1.0,116,94,81.03448275862068,950
single_speaker,False,2.0,116,98,84.48275862068965,950
single_speaker,False,3.0,116,94,81.03448275862068,950
single_speaker,False,4.0,116,97,83.62068965517241,950
single_speaker,False,5.0,116,91,78.44827586206897,950
colocated,False,-4.0,116,64,55.172413793103445,951
colocated,False,-2.0,116,55,47.41379310344828,951
colocated,False,0.0,116,67,57.758620689655174,951
colocated,False,1.0,116,82,70.6896551724138,951
colocated,False,2.0,116,90,77.58620689655173,951
colocated,False,3.0,116,61,52.58620689655172,951
colocated,False,4.0,116,82,70.6896551724138,951
colocated,False,5.0,116,72,62.06896551724138,951
separated,False,-4.0,116,73,62.93103448275862,951
separated,False,-2.0,116,75,64.65517241379311,951
separated,False,0.0,116,85,73.27586206896551,951
separated,False,1.0,116,90,77.58620689655173,951
separated,False,2.0,116,74,63.793103448275865,951
separated,False,3.0,116,71,61.206896551724135,951
separated,False,4.0,116,86,74.13793103448276,951
separated,False,5.0,116,80,68.96551724137932,951
single_speaker,False,-4.0,116,93,80.17241379310344,951
single_speaker,False,-2.0,116,75,64.65517241379311,951
single_speaker,False,0.0,116,92,79.3103448275862,951
single_speaker,False,1.0,116,100,86.20689655172413,951
single_speaker,False,2.0,116,101,87.06896551724138,951
single_speaker,False,3.0,116,86,74.13793103448276,951
single_speaker,False,4.0,116,97,83.62068965517241,951
single_speaker,False,5.0,116,89,76.72413793103449,951
colocated,False,-4.0,116,69,59.48275862068966,952
colocated,False,-2.0,116,57,49.137931034482754,952
colocated,False,0.0,116,66,56.896551724137936,952
colocated,False,1.0,116,80,68.96551724137932,952
colocated,False,2.0,116,90,77.58620689655173,952
colocated,False,3.0,116,61,52.58620689655172,952
colocated,False,4.0,116,78,67.24137931034483,952
colocated,False,5.0,116,81,69.82758620689656,952
separated,False,-4.0,116,62,53.44827586206896,952
separated,False,-2.0,116,85,73.27586206896551,952
separated,False,0.0,116,73,62.93103448275862,952
separated,False,1.0,116,94,81.03448275862068,952
separated,False,2.0,116,74,63.793103448275865,952
separated,False,3.0,116,67,57.758620689655174,952
separated,False,4.0,116,82,70.6896551724138,952
separated,False,5.0,116,80,68.96551724137932,952
single_speaker,False,-4.0,116,92,79.3103448275862,952
single_speaker,False,-2.0,116,77,66.37931034482759,952
single_speaker,False,0.0,116,84,72.41379310344827,952
single_speaker,False,1.0,116,96,82.75862068965517,952
single_speaker,False,2.0,116,95,81.89655172413794,952
single_speaker,False,3.0,116,87,75.0,952
single_speaker,False,4.0,116,98,84.48275862068965,952
single_speaker,False,5.0,116,92,79.3103448275862,952
colocated,False,-4.0,116,66,56.896551724137936,953
colocated,False,-2.0,116,68,58.620689655172406,953
colocated,False,0.0,116,66,56.896551724137936,953
colocated,False,1.0,116,85,73.27586206896551,953
colocated,False,2.0,116,93,80.17241379310344,953
colocated,False,3.0,116,66,56.896551724137936,953
colocated,False,4.0,116,78,67.24137931034483,953
colocated,False,5.0,116,79,68.10344827586206,953
separated,False,-4.0,116,65,56.03448275862068,953
separated,False,-2.0,116,76,65.51724137931035,953
separated,False,0.0,116,74,63.793103448275865,953
separated,False,1.0,116,98,84.48275862068965,953
separated,False,2.0,116,63,54.310344827586206,953
separated,False,3.0,116,70,60.3448275862069,953
separated,False,4.0,116,92,79.3103448275862,953
separated,False,5.0,116,81,69.82758620689656,953
single_speaker,False,-4.0,116,89,76.72413793103449,953
single_speaker,False,-2.0,116,83,71.55172413793103,953
single_speaker,False,0.0,116,88,75.86206896551724,953
single_speaker,False,1.0,116,92,79.3103448275862,953
single_speaker,False,2.0,116,101,87.06896551724138,953
single_speaker,False,3.0,116,76,65.51724137931035,953
single_speaker,False,4.0,116,92,79.3103448275862,953
single_speaker,False,5.0,116,73,62.93103448275862,953
colocated,False,-4.0,116,65,56.03448275862068,954
colocated,False,-2.0,116,57,49.137931034482754,954
colocated,False,0.0,116,70,60.3448275862069,954
colocated,False,1.0,116,76,65.51724137931035,954
colocated,False,2.0,116,87,75.0,954
colocated,False,3.0,116,60,51.724137931034484,954
colocated,False,4.0,116,80,68.96551724137932,954
colocated,False,5.0,116,77,66.37931034482759,954
separated,False,-4.0,116,61,52.58620689655172,954
separated,False,-2.0,116,73,62.93103448275862,954
separated,False,0.0,116,77,66.37931034482759,954
separated,False,1.0,116,94,81.03448275862068,954
separated,False,2.0,116,81,69.82758620689656,954
separated,False,3.0,116,63,54.310344827586206,954
separated,False,4.0,116,87,75.0,954
separated,False,5.0,116,77,66.37931034482759,954
single_speaker,False,-4.0,116,83,71.55172413793103,954
single_speaker,False,-2.0,116,72,62.06896551724138,954
single_speaker,False,0.0,116,86,74.13793103448276,954
single_speaker,False,1.0,116,91,78.44827586206897,954
single_speaker,False,2.0,116,96,82.75862068965517,954
single_speaker,False,3.0,116,82,70.6896551724138,954
single_speaker,False,4.0,116,94,81.03448275862068,954
single_speaker,False,5.0,116,87,75.0,954
colocated,False,-4.0,116,67,57.758620689655174,955
colocated,False,-2.0,116,59,50.86206896551724,955
colocated,False,0.0,116,76,65.51724137931035,955
colocated,False,1.0,116,80,68.96551724137932,955
colocated,False,2.0,116,95,81.89655172413794,955
colocated,False,3.0,116,69,59.48275862068966,955
colocated,False,4.0,116,86,74.13793103448276,955
colocated,False,5.0,116,71,61.206896551724135,955
separated,False,-4.0,116,65,56.03448275862068,955
separated,False,-2.0,116,73,62.93103448275862,955
separated,False,0.0,116,67,57.758620689655174,955
separated,False,1.0,116,91,78.44827586206897,955
separated,False,2.0,116,81,69.82758620689656,955
separated,False,3.0,116,73,62.93103448275862,955
separated,False,4.0,116,82,70.6896551724138,955
separated,False,5.0,116,80,68.96551724137932,955
single_speaker,False,-4.0,116,94,81.03448275862068,955
single_speaker,False,-2.0,116,80,68.96551724137932,955
single_speaker,False,0.0,116,87,75.0,955
single_speaker,False,1.0,116,87,75.0,955
single_speaker,False,2.0,116,105,90.51724137931035,955
single_speaker,False,3.0,116,78,67.24137931034483,955
single_speaker,False,4.0,116,95,81.89655172413794,955
single_speaker,False,5.0,116,82,70.6896551724138,955
colocated,False,-4.0,116,75,64.65517241379311,956
colocated,False,-2.0,116,59,50.86206896551724,956
colocated,False,0.0,116,67,57.758620689655174,956
colocated,False,1.0,116,73,62.93103448275862,956
colocated,False,2.0,116,92,79.3103448275862,956
colocated,False,3.0,116,65,56.03448275862068,956
colocated,False,4.0,116,80,68.96551724137932,956
colocated,False,5.0,116,77,66.37931034482759,956
separated,False,-4.0,116,66,56.896551724137936,956
separated,False,-2.0,116,70,60.3448275862069,956
separated,False,0.0,116,79,68.10344827586206,956
separated,False,1.0,116,96,82.75862068965517,956
separated,False,2.0,116,74,63.793103448275865,956
separated,False,3.0,116,67,57.758620689655174,956
separated,False,4.0,116,89,76.72413793103449,956
separated,False,5.0,116,78,67.24137931034483,956
single_speaker,False,-4.0,116,84,72.41379310344827,956
single_speaker,False,-2.0,116,75,64.65517241379311,956
single_speaker,False,0.0,116,79,68.10344827586206,956
single_speaker,False,1.0,116,93,80.17241379310344,956
single_speaker,False,2.0,116,101,87.06896551724138,956
single_speaker,False,3.0,116,74,63.793103448275865,956
single_speaker,False,4.0,116,102,87.93103448275862,956
single_speaker,False,5.0,116,85,73.27586206896551,956
colocated,False,-4.0,116,70,60.3448275862069,957
colocated,False,-2.0,116,66,56.896551724137936,957
colocated,False,0.0,116,75,64.65517241379311,957
colocated,False,1.0,116,77,66.37931034482759,957
colocated,False,2.0,116,78,67.24137931034483,957
colocated,False,3.0,116,59,50.86206896551724,957
colocated,False,4.0,116,82,70.6896551724138,957
colocated,False,5.0,116,85,73.27586206896551,957
separated,False,-4.0,116,67,57.758620689655174,957
separated,False,-2.0,116,78,67.24137931034483,957
separated,False,0.0,116,72,62.06896551724138,957
separated,False,1.0,116,88,75.86206896551724,957
separated,False,2.0,116,75,64.65517241379311,957
separated,False,3.0,116,74,63.793103448275865,957
separated,False,4.0,116,82,70.6896551724138,957
separated,False,5.0,116,79,68.10344827586206,957
single_speaker,False,-4.0,116,79,68.10344827586206,957
single_speaker,False,-2.0,116,83,71.55172413793103,957
single_speaker,False,0.0,116,86,74.13793103448276,957
single_speaker,False,1.0,116,105,90.51724137931035,957
single_speaker,False,2.0,116,103,88.79310344827587,957
single_speaker,False,3.0,116,87,75.0,957
single_speaker,False,4.0,116,89,76.72413793103449,957
single_speaker,False,5.0,116,84,72.41379310344827,957
colocated,False,-4.0,116,65,56.03448275862068,958
colocated,False,-2.0,116,60,51.724137931034484,958
colocated,False,0.0,116,72,62.06896551724138,958
colocated,False,1.0,116,85,73.27586206896551,958
colocated,False,2.0,116,87,75.0,958
colocated,False,3.0,116,70,60.3448275862069,958
colocated,False,4.0,116,71,61.206896551724135,958
colocated,False,5.0,116,78,67.24137931034483,958
separated,False,-4.0,116,66,56.896551724137936,958
separated,False,-2.0,116,72,62.06896551724138,958
separated,False,0.0,116,82,70.6896551724138,958
separated,False,1.0,116,93,80.17241379310344,958
separated,False,2.0,116,77,66.37931034482759,958
separated,False,3.0,116,65,56.03448275862068,958
separated,False,4.0,116,79,68.10344827586206,958
separated,False,5.0,116,87,75.0,958
single_speaker,False,-4.0,116,77,66.37931034482759,958
single_speaker,False,-2.0,116,83,71.55172413793103,958
single_speaker,False,0.0,116,94,81.03448275862068,958
single_speaker,False,1.0,116,96,82.75862068965517,958
single_speaker,False,2.0,116,100,86.20689655172413,958
single_speaker,False,3.0,116,79,68.10344827586206,958
single_speaker,False,4.0,116,87,75.0,958
single_speaker,False,5.0,116,80,68.96551724137932,958
colocated,False,-4.0,116,64,55.172413793103445,959
colocated,False,-2.0,116,72,62.06896551724138,959
colocated,False,0.0,116,73,62.93103448275862,959
colocated,False,1.0,116,80,68.96551724137932,959
colocated,False,2.0,116,88,75.86206896551724,959
colocated,False,3.0,116,65,56.03448275862068,959
colocated,False,4.0,116,75,64.65517241379311,959
colocated,False,5.0,116,83,71.55172413793103,959
separated,False,-4.0,116,63,54.310344827586206,959
separated,False,-2.0,116,82,70.6896551724138,959
separated,False,0.0,116,75,64.65517241379311,959
separated,False,1.0,116,96,82.75862068965517,959
separated,False,2.0,116,75,64.65517241379311,959
separated,False,3.0,116,72,62.06896551724138,959
separated,False,4.0,116,74,63.793103448275865,959
separated,False,5.0,116,77,66.37931034482759,959
single_speaker,False,-4.0,116,82,70.6896551724138,959
single_speaker,False,-2.0,116,82,70.6896551724138,959
single_speaker,False,0.0,116,85,73.27586206896551,959
single_speaker,False,1.0,116,98,84.48275862068965,959
single_speaker,False,2.0,116,100,86.20689655172413,959
single_speaker,False,3.0,116,84,72.41379310344827,959
single_speaker,False,4.0,116,99,85.34482758620689,959
single_speaker,False,5.0,116,80,68.96551724137932,959
colocated,False,-4.0,116,60,51.724137931034484,960
colocated,False,-2.0,116,63,54.310344827586206,960
colocated,False,0.0,116,65,56.03448275862068,960
colocated,False,1.0,116,78,67.24137931034483,960
colocated,False,2.0,116,80,68.96551724137932,960
colocated,False,3.0,116,65,56.03448275862068,960
colocated,False,4.0,116,78,67.24137931034483,960
colocated,False,5.0,116,90,77.58620689655173,960
separated,False,-4.0,116,58,50.0,960
separated,False,-2.0,116,74,63.793103448275865,960
separated,False,0.0,116,76,65.51724137931035,960
separated,False,1.0,116,107,92.24137931034483,960
separated,False,2.0,116,73,62.93103448275862,960
separated,False,3.0,116,72,62.06896551724138,960
separated,False,4.0,116,83,71.55172413793103,960
separated,False,5.0,116,77,66.37931034482759,960
single_speaker,False,-4.0,116,90,77.58620689655173,960
single_speaker,False,-2.0,116,80,68.96551724137932,960
single_speaker,False,0.0,116,83,71.55172413793103,960
single_speaker,False,1.0,116,98,84.48275862068965,960
single_speaker,False,2.0,116,100,86.20689655172413,960
single_speaker,False,3.0,116,85,73.27586206896551,960
single_speaker,False,4.0,116,94,81.03448275862068,960
single_speaker,False,5.0,116,90,77.58620689655173,960
colocated,False,-4.0,116,71,61.206896551724135,961
colocated,False,-2.0,116,61,52.58620689655172,961
colocated,False,0.0,116,77,66.37931034482759,961
colocated,False,1.0,116,81,69.82758620689656,961
colocated,False,2.0,116,86,74.13793103448276,961
colocated,False,3.0,116,76,65.51724137931035,961
colocated,False,4.0,116,75,64.65517241379311,961
colocated,False,5.0,116,76,65.51724137931035,961
separated,False,-4.0,116,45,38.793103448275865,961
separated,False,-2.0,116,67,57.758620689655174,961
separated,False,0.0,116,81,69.82758620689656,961
separated,False,1.0,116,93,80.17241379310344,961
separated,False,2.0,116,78,67.24137931034483,961
separated,False,3.0,116,74,63.793103448275865,961
separated,False,4.0,116,96,82.75862068965517,961
separated,False,5.0,116,71,61.206896551724135,961
single_speaker,False,-4.0,116,87,75.0,961
single_speaker,False,-2.0,116,73,62.93103448275862,961
single_speaker,False,0.0,116,87,75.0,961
single_speaker,False,1.0,116,91,78.44827586206897,961
single_speaker,False,2.0,116,94,81.03448275862068,961
single_speaker,False,3.0,116,86,74.13793103448276,961
single_speaker,False,4.0,116,90,77.58620689655173,961
single_speaker,False,5.0,116,85,73.27586206896551,961
colocated,False,-4.0,116,66,56.896551724137936,962
colocated,False,-2.0,116,66,56.896551724137936,962
colocated,False,0.0,116,64,55.172413793103445,962
colocated,False,1.0,116,73,62.93103448275862,962
colocated,False,2.0,116,88,75.86206896551724,962
colocated,False,3.0,116,77,66.37931034482759,962
colocated,False,4.0,116,70,60.3448275862069,962
colocated,False,5.0,116,85,73.27586206896551,962
separated,False,-4.0,116,68,58.620689655172406,962
separated,False,-2.0,116,70,60.3448275862069,962
separated,False,0.0,116,84,72.41379310344827,962
separated,False,1.0,116,95,81.89655172413794,962
separated,False,2.0,116,72,62.06896551724138,962
separated,False,3.0,116,72,62.06896551724138,962
separated,False,4.0,116,86,74.13793103448276,962
separated,False,5.0,116,77,66.37931034482759,962
single_speaker,False,-4.0,116,85,73.27586206896551,962
single_speaker,False,-2.0,116,84,72.41379310344827,962
single_speaker,False,0.0,116,84,72.41379310344827,962
single_speaker,False,1.0,116,96,82.75862068965517,962
single_speaker,False,2.0,116,101,87.06896551724138,962
single_speaker,False,3.0,116,78,67.24137931034483,962
single_speaker,False,4.0,116,88,75.86206896551724,962
single_speaker,False,5.0,116,82,70.6896551724138,962
colocated,False,-4.0,116,69,59.48275862068966,963
colocated,False,-2.0,116,61,52.58620689655172,963
colocated,False,0.0,116,76,65.51724137931035,963
colocated,False,1.0,116,81,69.82758620689656,963
colocated,False,2.0,116,89,76.72413793103449,963
colocated,False,3.0,116,76,65.51724137931035,963
colocated,False,4.0,116,76,65.51724137931035,963
colocated,False,5.0,116,85,73.27586206896551,963
separated,False,-4.0,116,70,60.3448275862069,963
separated,False,-2.0,116,75,64.65517241379311,963
separated,False,0.0,116,73,62.93103448275862,963
separated,False,1.0,116,99,85.34482758620689,963
separated,False,2.0,116,85,73.27586206896551,963
separated,False,3.0,116,63,54.310344827586206,963
separated,False,4.0,116,86,74.13793103448276,963
separated,False,5.0,116,76,65.51724137931035,963
single_speaker,False,-4.0,116,83,71.55172413793103,963
single_speaker,False,-2.0,116,76,65.51724137931035,963
single_speaker,False,0.0,116,80,68.96551724137932,963
single_speaker,False,1.0,116,88,75.86206896551724,963
single_speaker,False,2.0,116,99,85.34482758620689,963
single_speaker,False,3.0,116,84,72.41379310344827,963
single_speaker,False,4.0,116,88,75.86206896551724,963
single_speaker,False,5.0,116,83,71.55172413793103,963
colocated,False,-4.0,116,71,61.206896551724135,964
colocated,False,-2.0,116,68,58.620689655172406,964
colocated,False,0.0,116,73,62.93103448275862,964
colocated,False,1.0,116,65,56.03448275862068,964
colocated,False,2.0,116,88,75.86206896551724,964
colocated,False,3.0,116,62,53.44827586206896,964
colocated,False,4.0,116,73,62.93103448275862,964
colocated,False,5.0,116,76,65.51724137931035,964
separated,False,-4.0,116,65,56.03448275862068,964
separated,False,-2.0,116,74,63.793103448275865,964
separated,False,0.0,116,74,63.793103448275865,964
separated,False,1.0,116,97,83.62068965517241,964
separated,False,2.0,116,64,55.172413793103445,964
separated,False,3.0,116,71,61.206896551724135,964
separated,False,4.0,116,94,81.03448275862068,964
separated,False,5.0,116,71,61.206896551724135,964
single_speaker,False,-4.0,116,92,79.3103448275862,964
single_speaker,False,-2.0,116,80,68.96551724137932,964
single_speaker,False,0.0,116,85,73.27586206896551,964
single_speaker,False,1.0,116,97,83.62068965517241,964
single_speaker,False,2.0,116,98,84.48275862068965,964
single_speaker,False,3.0,116,76,65.51724137931035,964
single_speaker,False,4.0,116,100,86.20689655172413,964
single_speaker,False,5.0,116,83,71.55172413793103,964
colocated,False,-4.0,116,68,58.620689655172406,965
colocated,False,-2.0,116,60,51.724137931034484,965
colocated,False,0.0,116,71,61.206896551724135,965
colocated,False,1.0,116,85,73.27586206896551,965
colocated,False,2.0,116,81,69.82758620689656,965
colocated,False,3.0,116,77,66.37931034482759,965
colocated,False,4.0,116,80,68.96551724137932,965
colocated,False,5.0,116,76,65.51724137931035,965
separated,False,-4.0,116,61,52.58620689655172,965
separated,False,-2.0,116,71,61.206896551724135,965
separated,False,0.0,116,74,63.793103448275865,965
separated,False,1.0,116,95,81.89655172413794,965
separated,False,2.0,116,83,71.55172413793103,965
separated,False,3.0,116,72,62.06896551724138,965
separated,False,4.0,116,88,75.86206896551724,965
separated,False,5.0,116,61,52.58620689655172,965
single_speaker,False,-4.0,116,83,71.55172413793103,965
single_speaker,False,-2.0,116,76,65.51724137931035,965
single_speaker,False,0.0,116,79,68.10344827586206,965
single_speaker,False,1.0,116,85,73.27586206896551,965
single_speaker,False,2.0,116,93,80.17241379310344,965
single_speaker,False,3.0,116,79,68.10344827586206,965
single_speaker,False,4.0,116,94,81.03448275862068,965
single_speaker,False,5.0,116,77,66.37931034482759,965
colocated,False,-4.0,116,63,54.310344827586206,966
colocated,False,-2.0,116,67,57.758620689655174,966
colocated,False,0.0,116,73,62.93103448275862,966
colocated,False,1.0,116,85,73.27586206896551,966
colocated,False,2.0,116,86,74.13793103448276,966
colocated,False,3.0,116,65,56.03448275862068,966
colocated,False,4.0,116,85,73.27586206896551,966
colocated,False,5.0,116,77,66.37931034482759,966
separated,False,-4.0,116,63,54.310344827586206,966
separated,False,-2.0,116,71,61.206896551724135,966
separated,False,0.0,116,83,71.55172413793103,966
separated,False,1.0,116,96,82.75862068965517,966
separated,False,2.0,116,81,69.82758620689656,966
separated,False,3.0,116,70,60.3448275862069,966
separated,False,4.0,116,82,70.6896551724138,966
separated,False,5.0,116,72,62.06896551724138,966
single_speaker,False,-4.0,116,88,75.86206896551724,966
single_speaker,False,-2.0,116,81,69.82758620689656,966
single_speaker,False,0.0,116,83,71.55172413793103,966
single_speaker,False,1.0,116,89,76.72413793103449,966
single_speaker,False,2.0,116,96,82.75862068965517,966
single_speaker,False,3.0,116,86,74.13793103448276,966
single_speaker,False,4.0,116,96,82.75862068965517,966
single_speaker,False,5.0,116,83,71.55172413793103,966
colocated,False,-4.0,116,70,60.3448275862069,967
colocated,False,-2.0,116,67,57.758620689655174,967
colocated,False,0.0,116,71,61.206896551724135,967
colocated,False,1.0,116,78,67.24137931034483,967
colocated,False,2.0,116,89,76.72413793103449,967
colocated,False,3.0,116,65,56.03448275862068,967
colocated,False,4.0,116,78,67.24137931034483,967
colocated,False,5.0,116,67,57.758620689655174,967
separated,False,-4.0,116,71,61.206896551724135,967
separated,False,-2.0,116,76,65.51724137931035,967
separated,False,0.0,116,80,68.96551724137932,967
separated,False,1.0,116,98,84.48275862068965,967
separated,False,2.0,116,81,69.82758620689656,967
separated,False,3.0,116,64,55.172413793103445,967
separated,False,4.0,116,79,68.10344827586206,967
separated,False,5.0,116,76,65.51724137931035,967
single_speaker,False,-4.0,116,82,70.6896551724138,967
single_speaker,False,-2.0,116,87,75.0,967
single_speaker,False,0.0,116,88,75.86206896551724,967
single_speaker,False,1.0,116,93,80.17241379310344,967
single_speaker,False,2.0,116,100,86.20689655172413,967
single_speaker,False,3.0,116,82,70.6896551724138,967
single_speaker,False,4.0,116,99,85.34482758620689,967
single_speaker,False,5.0,116,82,70.6896551724138,967
colocated,False,-4.0,116,66,56.896551724137936,968
colocated,False,-2.0,116,74,63.793103448275865,968
colocated,False,0.0,116,69,59.48275862068966,968
colocated,False,1.0,116,81,69.82758620689656,968
colocated,False,2.0,116,84,72.41379310344827,968
colocated,False,3.0,116,55,47.41379310344828,968
colocated,False,4.0,116,80,68.96551724137932,968
colocated,False,5.0,116,83,71.55172413793103,968
separated,False,-4.0,116,60,51.724137931034484,968
separated,False,-2.0,116,70,60.3448275862069,968
separated,False,0.0,116,75,64.65517241379311,968
separated,False,1.0,116,92,79.3103448275862,968
separated,False,2.0,116,80,68.96551724137932,968
separated,False,3.0,116,66,56.896551724137936,968
separated,False,4.0,116,81,69.82758620689656,968
separated,False,5.0,116,78,67.24137931034483,968
single_speaker,False,-4.0,116,81,69.82758620689656,968
single_speaker,False,-2.0,116,81,69.82758620689656,968
single_speaker,False,0.0,116,83,71.55172413793103,968
single_speaker,False,1.0,116,95,81.89655172413794,968
single_speaker,False,2.0,116,94,81.03448275862068,968
single_speaker,False,3.0,116,78,67.24137931034483,968
single_speaker,False,4.0,116,85,73.27586206896551,968
single_speaker,False,5.0,116,85,73.27586206896551,968
colocated,False,-4.0,116,63,54.310344827586206,969
colocated,False,-2.0,116,64,55.172413793103445,969
colocated,False,0.0,116,84,72.41379310344827,969
colocated,False,1.0,116,84,72.41379310344827,969
colocated,False,2.0,116,93,80.17241379310344,969
colocated,False,3.0,116,63,54.310344827586206,969
colocated,False,4.0,116,77,66.37931034482759,969
colocated,False,5.0,116,74,63.793103448275865,969
separated,False,-4.0,116,62,53.44827586206896,969
separated,False,-2.0,116,79,68.10344827586206,969
separated,False,0.0,116,67,57.758620689655174,969
separated,False,1.0,116,94,81.03448275862068,969
separated,False,2.0,116,72,62.06896551724138,969
separated,False,3.0,116,71,61.206896551724135,969
separated,False,4.0,116,88,75.86206896551724,969
separated,False,5.0,116,81,69.82758620689656,969
single_speaker,False,-4.0,116,87,75.0,969
single_speaker,False,-2.0,116,85,73.27586206896551,969
single_speaker,False,0.0,116,88,75.86206896551724,969
single_speaker,False,1.0,116,96,82.75862068965517,969
single_speaker,False,2.0,116,101,87.06896551724138,969
single_speaker,False,3.0,116,83,71.55172413793103,969
single_speaker,False,4.0,116,91,78.44827586206897,969
single_speaker,False,5.0,116,85,73.27586206896551,969
colocated,False,-4.0,116,59,50.86206896551724,970
colocated,False,-2.0,116,67,57.758620689655174,970
colocated,False,0.0,116,60,51.724137931034484,970
colocated,False,1.0,116,72,62.06896551724138,970
colocated,False,2.0,116,85,73.27586206896551,970
colocated,False,3.0,116,73,62.93103448275862,970
colocated,False,4.0,116,81,69.82758620689656,970
colocated,False,5.0,116,70,60.3448275862069,970
separated,False,-4.0,116,63,54.310344827586206,970
separated,False,-2.0,116,73,62.93103448275862,970
separated,False,0.0,116,82,70.6896551724138,970
separated,False,1.0,116,99,85.34482758620689,970
separated,False,2.0,116,73,62.93103448275862,970
separated,False,3.0,116,71,61.206896551724135,970
separated,False,4.0,116,85,73.27586206896551,970
separated,False,5.0,116,81,69.82758620689656,970
single_speaker,False,-4.0,116,82,70.6896551724138,970
single_speaker,False,-2.0,116,76,65.51724137931035,970
single_speaker,False,0.0,116,80,68.96551724137932,970
single_speaker,False,1.0,116,92,79.3103448275862,970
single_speaker,False,2.0,116,103,88.79310344827587,970
single_speaker,False,3.0,116,83,71.55172413793103,970
single_speaker,False,4.0,116,91,78.44827586206897,970
single_speaker,False,5.0,116,93,80.17241379310344,970
colocated,False,-4.0,116,64,55.172413793103445,971
colocated,False,-2.0,116,60,51.724137931034484,971
colocated,False,0.0,116,70,60.3448275862069,971
colocated,False,1.0,116,70,60.3448275862069,971
colocated,False,2.0,116,89,76.72413793103449,971
colocated,False,3.0,116,68,58.620689655172406,971
colocated,False,4.0,116,82,70.6896551724138,971
colocated,False,5.0,116,80,68.96551724137932,971
separated,False,-4.0,116,65,56.03448275862068,971
separated,False,-2.0,116,63,54.310344827586206,971
separated,False,0.0,116,76,65.51724137931035,971
separated,False,1.0,116,99,85.34482758620689,971
separated,False,2.0,116,81,69.82758620689656,971
separated,False,3.0,116,69,59.48275862068966,971
separated,False,4.0,116,94,81.03448275862068,971
separated,False,5.0,116,85,73.27586206896551,971
single_speaker,False,-4.0,116,88,75.86206896551724,971
single_speaker,False,-2.0,116,88,75.86206896551724,971
single_speaker,False,0.0,116,89,76.72413793103449,971
single_speaker,False,1.0,116,94,81.03448275862068,971
single_speaker,False,2.0,116,101,87.06896551724138,971
single_speaker,False,3.0,116,85,73.27586206896551,971
single_speaker,False,4.0,116,97,83.62068965517241,971
single_speaker,False,5.0,116,88,75.86206896551724,971
colocated,False,-4.0,116,64,55.172413793103445,972
colocated,False,-2.0,116,64,55.172413793103445,972
colocated,False,0.0,116,78,67.24137931034483,972
colocated,False,1.0,116,72,62.06896551724138,972
colocated,False,2.0,116,85,73.27586206896551,972
colocated,False,3.0,116,73,62.93103448275862,972
colocated,False,4.0,116,70,60.3448275862069,972
colocated,False,5.0,116,75,64.65517241379311,972
separated,False,-4.0,116,60,51.724137931034484,972
separated,False,-2.0,116,78,67.24137931034483,972
separated,False,0.0,116,80,68.96551724137932,972
separated,False,1.0,116,91,78.44827586206897,972
separated,False,2.0,116,87,75.0,972
separated,False,3.0,116,73,62.93103448275862,972
separated,False,4.0,116,79,68.10344827586206,972
separated,False,5.0,116,84,72.41379310344827,972
single_speaker,False,-4.0,116,90,77.58620689655173,972
single_speaker,False,-2.0,116,94,81.03448275862068,972
single_speaker,False,0.0,116,86,74.13793103448276,972
single_speaker,False,1.0,116,96,82.75862068965517,972
single_speaker,False,2.0,116,91,78.44827586206897,972
single_speaker,False,3.0,116,85,73.27586206896551,972
single_speaker,False,4.0,116,95,81.89655172413794,972
single_speaker,False,5.0,116,77,66.37931034482759,972
colocated,False,-4.0,116,69,59.48275862068966,973
colocated,False,-2.0,116,71,61.206896551724135,973
colocated,False,0.0,116,82,70.6896551724138,973
colocated,False,1.0,116,72,62.06896551724138,973
colocated,False,2.0,116,84,72.41379310344827,973
colocated,False,3.0,116,60,51.724137931034484,973
colocated,False,4.0,116,76,65.51724137931035,973
colocated,False,5.0,116,72,62.06896551724138,973
separated,False,-4.0,116,71,61.206896551724135,973
separated,False,-2.0,116,70,60.3448275862069,973
separated,False,0.0,116,73,62.93103448275862,973
separated,False,1.0,116,92,79.3103448275862,973
separated,False,2.0,116,71,61.206896551724135,973
separated,False,3.0,116,79,68.10344827586206,973
separated,False,4.0,116,82,70.6896551724138,973
separated,False,5.0,116,70,60.3448275862069,973
single_speaker,False,-4.0,116,89,76.72413793103449,973
single_speaker,False,-2.0,116,78,67.24137931034483,973
single_speaker,False,0.0,116,87,75.0,973
single_speaker,False,1.0,116,96,82.75862068965517,973
single_speaker,False,2.0,116,97,83.62068965517241,973
single_speaker,False,3.0,116,84,72.41379310344827,973
single_speaker,False,4.0,116,97,83.62068965517241,973
single_speaker,False,5.0,116,87,75.0,973
colocated,False,-4.0,116,72,62.06896551724138,974
colocated,False,-2.0,116,72,62.06896551724138,974
colocated,False,0.0,116,70,60.3448275862069,974
colocated,False,1.0,116,81,69.82758620689656,974
colocated,False,2.0,116,83,71.55172413793103,974
colocated,False,3.0,116,74,63.793103448275865,974
colocated,False,4.0,116,85,73.27586206896551,974
colocated,False,5.0,116,77,66.37931034482759,974
separated,False,-4.0,116,68,58.620689655172406,974
separated,False,-2.0,116,80,68.96551724137932,974
separated,False,0.0,116,72,62.06896551724138,974
separated,False,1.0,116,95,81.89655172413794,974
separated,False,2.0,116,70,60.3448275862069,974
separated,False,3.0,116,63,54.310344827586206,974
separated,False,4.0,116,85,73.27586206896551,974
separated,False,5.0,116,78,67.24137931034483,974
single_speaker,False,-4.0,116,82,70.6896551724138,974
single_speaker,False,-2.0,116,75,64.65517241379311,974
single_speaker,False,0.0,116,85,73.27586206896551,974
single_speaker,False,1.0,116,94,81.03448275862068,974
single_speaker,False,2.0,116,100,86.20689655172413,974
single_speaker,False,3.0,116,82,70.6896551724138,974
single_speaker,False,4.0,116,94,81.03448275862068,974
single_speaker,False,5.0,116,75,64.65517241379311,974
colocated,False,-4.0,116,67,57.758620689655174,975
colocated,False,-2.0,116,67,57.758620689655174,975
colocated,False,0.0,116,72,62.06896551724138,975
colocated,False,1.0,116,78,67.24137931034483,975
colocated,False,2.0,116,83,71.55172413793103,975
colocated,False,3.0,116,64,55.172413793103445,975
colocated,False,4.0,116,77,66.37931034482759,975
colocated,False,5.0,116,75,64.65517241379311,975
separated,False,-4.0,116,54,46.55172413793103,975
separated,False,-2.0,116,76,65.51724137931035,975
separated,False,0.0,116,85,73.27586206896551,975
separated,False,1.0,116,97,83.62068965517241,975
separated,False,2.0,116,73,62.93103448275862,975
separated,False,3.0,116,62,53.44827586206896,975
separated,False,4.0,116,91,78.44827586206897,975
separated,False,5.0,116,73,62.93103448275862,975
single_speaker,False,-4.0,116,93,80.17241379310344,975
single_speaker,False,-2.0,116,87,75.0,975
single_speaker,False,0.0,116,87,75.0,975
single_speaker,False,1.0,116,91,78.44827586206897,975
single_speaker,False,2.0,116,102,87.93103448275862,975
single_speaker,False,3.0,116,85,73.27586206896551,975
single_speaker,False,4.0,116,95,81.89655172413794,975
single_speaker,False,5.0,116,83,71.55172413793103,975
colocated,False,-4.0,116,61,52.58620689655172,976
colocated,False,-2.0,116,59,50.86206896551724,976
colocated,False,0.0,116,74,63.793103448275865,976
colocated,False,1.0,116,78,67.24137931034483,976
colocated,False,2.0,116,87,75.0,976
colocated,False,3.0,116,68,58.620689655172406,976
colocated,False,4.0,116,73,62.93103448275862,976
colocated,False,5.0,116,78,67.24137931034483,976
separated,False,-4.0,116,54,46.55172413793103,976
separated,False,-2.0,116,77,66.37931034482759,976
separated,False,0.0,116,79,68.10344827586206,976
separated,False,1.0,116,98,84.48275862068965,976
separated,False,2.0,116,72,62.06896551724138,976
separated,False,3.0,116,63,54.310344827586206,976
separated,False,4.0,116,80,68.96551724137932,976
separated,False,5.0,116,84,72.41379310344827,976
single_speaker,False,-4.0,116,88,75.86206896551724,976
single_speaker,False,-2.0,116,73,62.93103448275862,976
single_speaker,False,0.0,116,93,80.17241379310344,976
single_speaker,False,1.0,116,94,81.03448275862068,976
single_speaker,False,2.0,116,94,81.03448275862068,976
single_speaker,False,3.0,116,82,70.6896551724138,976
single_speaker,False,4.0,116,86,74.13793103448276,976
single_speaker,False,5.0,116,88,75.86206896551724,976
colocated,False,-4.0,116,65,56.03448275862068,977
colocated,False,-2.0,116,71,61.206896551724135,977
colocated,False,0.0,116,70,60.3448275862069,977
colocated,False,1.0,116,85,73.27586206896551,977
colocated,False,2.0,116,86,74.13793103448276,977
colocated,False,3.0,116,73,62.93103448275862,977
colocated,False,4.0,116,81,69.82758620689656,977
colocated,False,5.0,116,82,70.6896551724138,977
separated,False,-4.0,116,61,52.58620689655172,977
separated,False,-2.0,116,71,61.206896551724135,977
separated,False,0.0,116,83,71.55172413793103,977
separated,False,1.0,116,87,75.0,977
separated,False,2.0,116,78,67.24137931034483,977
separated,False,3.0,116,70,60.3448275862069,977
separated,False,4.0,116,83,71.55172413793103,977
separated,False,5.0,116,74,63.793103448275865,977
single_speaker,False,-4.0,116,90,77.58620689655173,977
single_speaker,False,-2.0,116,82,70.6896551724138,977
single_speaker,False,0.0,116,90,77.58620689655173,977
single_speaker,False,1.0,116,94,81.03448275862068,977
single_speaker,False,2.0,116,102,87.93103448275862,977
single_speaker,False,3.0,116,91,78.44827586206897,977
single_speaker,False,4.0,116,101,87.06896551724138,977
single_speaker,False,5.0,116,90,77.58620689655173,977
colocated,False,-4.0,116,61,52.58620689655172,978
colocated,False,-2.0,116,61,52.58620689655172,978
colocated,False,0.0,116,67,57.758620689655174,978
colocated,False,1.0,116,69,59.48275862068966,978
colocated,False,2.0,116,90,77.58620689655173,978
colocated,False,3.0,116,68,58.620689655172406,978
colocated,False,4.0,116,80,68.96551724137932,978
colocated,False,5.0,116,80,68.96551724137932,978
separated,False,-4.0,116,61,52.58620689655172,978
separated,False,-2.0,116,87,75.0,978
separated,False,0.0,116,78,67.24137931034483,978
separated,False,1.0,116,99,85.34482758620689,978
separated,False,2.0,116,81,69.82758620689656,978
separated,False,3.0,116,76,65.51724137931035,978
separated,False,4.0,116,76,65.51724137931035,978
separated,False,5.0,116,74,63.793103448275865,978
single_speaker,False,-4.0,116,83,71.55172413793103,978
single_speaker,False,-2.0,116,77,66.37931034482759,978
single_speaker,False,0.0,116,78,67.24137931034483,978
single_speaker,False,1.0,116,99,85.34482758620689,978
single_speaker,False,2.0,116,102,87.93103448275862,978
single_speaker,False,3.0,116,84,72.41379310344827,978
single_speaker,False,4.0,116,98,84.48275862068965,978
single_speaker,False,5.0,116,85,73.27586206896551,978
colocated,False,-4.0,116,55,47.41379310344828,979
colocated,False,-2.0,116,58,50.0,979
colocated,False,0.0,116,68,58.620689655172406,979
colocated,False,1.0,116,85,73.27586206896551,979
colocated,False,2.0,116,95,81.89655172413794,979
colocated,False,3.0,116,62,53.44827586206896,979
colocated,False,4.0,116,85,73.27586206896551,979
colocated,False,5.0,116,77,66.37931034482759,979
separated,False,-4.0,116,55,47.41379310344828,979
separated,False,-2.0,116,71,61.206896551724135,979
separated,False,0.0,116,81,69.82758620689656,979
separated,False,1.0,116,97,83.62068965517241,979
separated,False,2.0,116,76,65.51724137931035,979
separated,False,3.0,116,72,62.06896551724138,979
separated,False,4.0,116,90,77.58620689655173,979
separated,False,5.0,116,87,75.0,979
single_speaker,False,-4.0,116,84,72.41379310344827,979
single_speaker,False,-2.0,116,89,76.72413793103449,979
single_speaker,False,0.0,116,89,76.72413793103449,979
single_speaker,False,1.0,116,91,78.44827586206897,979
single_speaker,False,2.0,116,102,87.93103448275862,979
single_speaker,False,3.0,116,90,77.58620689655173,979
single_speaker,False,4.0,116,96,82.75862068965517,979
single_speaker,False,5.0,116,83,71.55172413793103,979
colocated,False,-4.0,116,61,52.58620689655172,980
colocated,False,-2.0,116,70,60.3448275862069,980
colocated,False,0.0,116,69,59.48275862068966,980
colocated,False,1.0,116,70,60.3448275862069,980
colocated,False,2.0,116,85,73.27586206896551,980
colocated,False,3.0,116,56,48.275862068965516,980
colocated,False,4.0,116,77,66.37931034482759,980
colocated,False,5.0,116,84,72.41379310344827,980
separated,False,-4.0,116,57,49.137931034482754,980
separated,False,-2.0,116,64,55.172413793103445,980
separated,False,0.0,116,81,69.82758620689656,980
separated,False,1.0,116,96,82.75862068965517,980
separated,False,2.0,116,86,74.13793103448276,980
separated,False,3.0,116,71,61.206896551724135,980
separated,False,4.0,116,78,67.24137931034483,980
separated,False,5.0,116,80,68.96551724137932,980
single_speaker,False,-4.0,116,79,68.10344827586206,980
single_speaker,False,-2.0,116,83,71.55172413793103,980
single_speaker,False,0.0,116,77,66.37931034482759,980
single_speaker,False,1.0,116,95,81.89655172413794,980
single_speaker,False,2.0,116,98,84.48275862068965,980
single_speaker,False,3.0,116,84,72.41379310344827,980
single_speaker,False,4.0,116,95,81.89655172413794,980
single_speaker,False,5.0,116,80,68.96551724137932,980
colocated,False,-4.0,116,66,56.896551724137936,981
colocated,False,-2.0,116,68,58.620689655172406,981
colocated,False,0.0,116,75,64.65517241379311,981
colocated,False,1.0,116,82,70.6896551724138,981
colocated,False,2.0,116,87,75.0,981
colocated,False,3.0,116,66,56.896551724137936,981
colocated,False,4.0,116,75,64.65517241379311,981
colocated,False,5.0,116,87,75.0,981
separated,False,-4.0,116,61,52.58620689655172,981
separated,False,-2.0,116,67,57.758620689655174,981
separated,False,0.0,116,88,75.86206896551724,981
separated,False,1.0,116,97,83.62068965517241,981
separated,False,2.0,116,75,64.65517241379311,981
separated,False,3.0,116,69,59.48275862068966,981
separated,False,4.0,116,81,69.82758620689656,981
separated,False,5.0,116,82,70.6896551724138,981
single_speaker,False,-4.0,116,83,71.55172413793103,981
single_speaker,False,-2.0,116,83,71.55172413793103,981
single_speaker,False,0.0,116,86,74.13793103448276,981
single_speaker,False,1.0,116,98,84.48275862068965,981
single_speaker,False,2.0,116,98,84.48275862068965,981
single_speaker,False,3.0,116,84,72.41379310344827,981
single_speaker,False,4.0,116,89,76.72413793103449,981
single_speaker,False,5.0,116,78,67.24137931034483,981
colocated,False,-4.0,116,66,56.896551724137936,982
colocated,False,-2.0,116,65,56.03448275862068,982
colocated,False,0.0,116,71,61.206896551724135,982
colocated,False,1.0,116,79,68.10344827586206,982
colocated,False,2.0,116,87,75.0,982
colocated,False,3.0,116,61,52.58620689655172,982
colocated,False,4.0,116,72,62.06896551724138,982
colocated,False,5.0,116,76,65.51724137931035,982
separated,False,-4.0,116,57,49.137931034482754,982
separated,False,-2.0,116,70,60.3448275862069,982
separated,False,0.0,116,81,69.82758620689656,982
separated,False,1.0,116,91,78.44827586206897,982
separated,False,2.0,116,76,65.51724137931035,982
separated,False,3.0,116,68,58.620689655172406,982
separated,False,4.0,116,78,67.24137931034483,982
separated,False,5.0,116,69,59.48275862068966,982
single_speaker,False,-4.0,116,84,72.41379310344827,982
single_speaker,False,-2.0,116,79,68.10344827586206,982
single_speaker,False,0.0,116,93,80.17241379310344,982
single_speaker,False,1.0,116,91,78.44827586206897,982
single_speaker,False,2.0,116,113,97.41379310344827,982
single_speaker,False,3.0,116,87,75.0,982
single_speaker,False,4.0,116,92,79.3103448275862,982
single_speaker,False,5.0,116,83,71.55172413793103,982
colocated,False,-4.0,116,71,61.206896551724135,983
colocated,False,-2.0,116,69,59.48275862068966,983
colocated,False,0.0,116,71,61.206896551724135,983
colocated,False,1.0,116,80,68.96551724137932,983
colocated,False,2.0,116,95,81.89655172413794,983
colocated,False,3.0,116,61,52.58620689655172,983
colocated,False,4.0,116,72,62.06896551724138,983
colocated,False,5.0,116,82,70.6896551724138,983
separated,False,-4.0,116,61,52.58620689655172,983
separated,False,-2.0,116,74,63.793103448275865,983
separated,False,0.0,116,67,57.758620689655174,983
separated,False,1.0,116,90,77.58620689655173,983
separated,False,2.0,116,77,66.37931034482759,983
separated,False,3.0,116,75,64.65517241379311,983
separated,False,4.0,116,81,69.82758620689656,983
separated,False,5.0,116,77,66.37931034482759,983
single_speaker,False,-4.0,116,90,77.58620689655173,983
single_speaker,False,-2.0,116,79,68.10344827586206,983
single_speaker,False,0.0,116,77,66.37931034482759,983
single_speaker,False,1.0,116,96,82.75862068965517,983
single_speaker,False,2.0,116,98,84.48275862068965,983
single_speaker,False,3.0,116,80,68.96551724137932,983
single_speaker,False,4.0,116,98,84.48275862068965,983
single_speaker,False,5.0,116,81,69.82758620689656,983
colocated,False,-4.0,116,67,57.758620689655174,984
colocated,False,-2.0,116,62,53.44827586206896,984
colocated,False,0.0,116,74,63.793103448275865,984
colocated,False,1.0,116,68,58.620689655172406,984
colocated,False,2.0,116,83,71.55172413793103,984
colocated,False,3.0,116,67,57.758620689655174,984
colocated,False,4.0,116,77,66.37931034482759,984
colocated,False,5.0,116,82,70.6896551724138,984
separated,False,-4.0,116,59,50.86206896551724,984
separated,False,-2.0,116,72,62.06896551724138,984
separated,False,0.0,116,82,70.6896551724138,984
separated,False,1.0,116,91,78.44827586206897,984
separated,False,2.0,116,79,68.10344827586206,984
separated,False,3.0,116,72,62.06896551724138,984
separated,False,4.0,116,81,69.82758620689656,984
separated,False,5.0,116,75,64.65517241379311,984
single_speaker,False,-4.0,116,88,75.86206896551724,984
single_speaker,False,-2.0,116,79,68.10344827586206,984
single_speaker,False,0.0,116,87,75.0,984
single_speaker,False,1.0,116,95,81.89655172413794,984
single_speaker,False,2.0,116,102,87.93103448275862,984
single_speaker,False,3.0,116,84,72.41379310344827,984
single_speaker,False,4.0,116,88,75.86206896551724,984
single_speaker,False,5.0,116,86,74.13793103448276,984
colocated,False,-4.0,116,73,62.93103448275862,985
colocated,False,-2.0,116,61,52.58620689655172,985
colocated,False,0.0,116,70,60.3448275862069,985
colocated,False,1.0,116,73,62.93103448275862,985
colocated,False,2.0,116,85,73.27586206896551,985
colocated,False,3.0,116,63,54.310344827586206,985
colocated,False,4.0,116,74,63.793103448275865,985
colocated,False,5.0,116,91,78.44827586206897,985
separated,False,-4.0,116,63,54.310344827586206,985
separated,False,-2.0,116,77,66.37931034482759,985
separated,False,0.0,116,76,65.51724137931035,985
separated,False,1.0,116,95,81.89655172413794,985
separated,False,2.0,116,77,66.37931034482759,985
separated,False,3.0,116,76,65.51724137931035,985
separated,False,4.0,116,79,68.10344827586206,985
separated,False,5.0,116,82,70.6896551724138,985
single_speaker,False,-4.0,116,83,71.55172413793103,985
single_speaker,False,-2.0,116,89,76.72413793103449,985
single_speaker,False,0.0,116,91,78.44827586206897,985
single_speaker,False,1.0,116,94,81.03448275862068,985
single_speaker,False,2.0,116,101,87.06896551724138,985
single_speaker,False,3.0,116,79,68.10344827586206,985
single_speaker,False,4.0,116,89,76.72413793103449,985
single_speaker,False,5.0,116,92,79.3103448275862,985
colocated,False,-4.0,116,69,59.48275862068966,986
colocated,False,-2.0,116,59,50.86206896551724,986
colocated,False,0.0,116,74,63.793103448275865,986
colocated,False,1.0,116,81,69.82758620689656,986
colocated,False,2.0,116,79,68.10344827586206,986
colocated,False,3.0,116,66,56.896551724137936,986
colocated,False,4.0,116,78,67.24137931034483,986
colocated,False,5.0,116,79,68.10344827586206,986
separated,False,-4.0,116,59,50.86206896551724,986
separated,False,-2.0,116,72,62.06896551724138,986
separated,False,0.0,116,76,65.51724137931035,986
separated,False,1.0,116,93,80.17241379310344,986
separated,False,2.0,116,79,68.10344827586206,986
separated,False,3.0,116,63,54.310344827586206,986
separated,False,4.0,116,87,75.0,986
separated,False,5.0,116,72,62.06896551724138,986
single_speaker,False,-4.0,116,76,65.51724137931035,986
single_speaker,False,-2.0,116,76,65.51724137931035,986
single_speaker,False,0.0,116,85,73.27586206896551,986
single_speaker,False,1.0,116,100,86.20689655172413,986
single_speaker,False,2.0,116,108,93.10344827586206,986
single_speaker,False,3.0,116,89,76.72413793103449,986
single_speaker,False,4.0,116,100,86.20689655172413,986
single_speaker,False,5.0,116,91,78.44827586206897,986
colocated,False,-4.0,116,67,57.758620689655174,987
colocated,False,-2.0,116,71,61.206896551724135,987
colocated,False,0.0,116,69,59.48275862068966,987
colocated,False,1.0,116,78,67.24137931034483,987
colocated,False,2.0,116,89,76.72413793103449,987
colocated,False,3.0,116,71,61.206896551724135,987
colocated,False,4.0,116,77,66.37931034482759,987
colocated,False,5.0,116,77,66.37931034482759,987
separated,False,-4.0,116,69,59.48275862068966,987
separated,False,-2.0,116,76,65.51724137931035,987
separated,False,0.0,116,78,67.24137931034483,987
separated,False,1.0,116,95,81.89655172413794,987
separated,False,2.0,116,72,62.06896551724138,987
separated,False,3.0,116,72,62.06896551724138,987
separated,False,4.0,116,86,74.13793103448276,987
separated,False,5.0,116,75,64.65517241379311,987
single_speaker,False,-4.0,116,93,80.17241379310344,987
single_speaker,False,-2.0,116,88,75.86206896551724,987
single_speaker,False,0.0,116,90,77.58620689655173,987
single_speaker,False,1.0,116,91,78.44827586206897,987
single_speaker,False,2.0,116,100,86.20689655172413,987
single_speaker,False,3.0,116,88,75.86206896551724,987
single_speaker,False,4.0,116,97,83.62068965517241,987
single_speaker,False,5.0,116,82,70.6896551724138,987
colocated,False,-4.0,116,67,57.758620689655174,988
colocated,False,-2.0,116,66,56.896551724137936,988
colocated,False,0.0,116,72,62.06896551724138,988
colocated,False,1.0,116,82,70.6896551724138,988
colocated,False,2.0,116,93,80.17241379310344,988
colocated,False,3.0,116,72,62.06896551724138,988
colocated,False,4.0,116,80,68.96551724137932,988
colocated,False,5.0,116,80,68.96551724137932,988
separated,False,-4.0,116,64,55.172413793103445,988
separated,False,-2.0,116,81,69.82758620689656,988
separated,False,0.0,116,74,63.793103448275865,988
separated,False,1.0,116,88,75.86206896551724,988
separated,False,2.0,116,75,64.65517241379311,988
separated,False,3.0,116,73,62.93103448275862,988
separated,False,4.0,116,93,80.17241379310344,988
separated,False,5.0,116,76,65.51724137931035,988
single_speaker,False,-4.0,116,85,73.27586206896551,988
single_speaker,False,-2.0,116,80,68.96551724137932,988
single_speaker,False,0.0,116,82,70.6896551724138,988
single_speaker,False,1.0,116,92,79.3103448275862,988
single_speaker,False,2.0,116,102,87.93103448275862,988
single_speaker,False,3.0,116,81,69.82758620689656,988
single_speaker,False,4.0,116,92,79.3103448275862,988
single_speaker,False,5.0,116,86,74.13793103448276,988
colocated,False,-4.0,116,65,56.03448275862068,989
colocated,False,-2.0,116,67,57.758620689655174,989
colocated,False,0.0,116,70,60.3448275862069,989
colocated,False,1.0,116,85,73.27586206896551,989
colocated,False,2.0,116,90,77.58620689655173,989
colocated,False,3.0,116,59,50.86206896551724,989
colocated,False,4.0,116,77,66.37931034482759,989
colocated,False,5.0,116,78,67.24137931034483,989
separated,False,-4.0,116,63,54.310344827586206,989
separated,False,-2.0,116,70,60.3448275862069,989
separated,False,0.0,116,73,62.93103448275862,989
separated,False,1.0,116,98,84.48275862068965,989
separated,False,2.0,116,74,63.793103448275865,989
separated,False,3.0,116,69,59.48275862068966,989
separated,False,4.0,116,82,70.6896551724138,989
separated,False,5.0,116,78,67.24137931034483,989
single_speaker,False,-4.0,116,77,66.37931034482759,989
single_speaker,False,-2.0,116,77,66.37931034482759,989
single_speaker,False,0.0,116,82,70.6896551724138,989
single_speaker,False,1.0,116,92,79.3103448275862,989
single_speaker,False,2.0,116,97,83.62068965517241,989
single_speaker,False,3.0,116,83,71.55172413793103,989
single_speaker,False,4.0,116,92,79.3103448275862,989
single_speaker,False,5.0,116,75,64.65517241379311,989
colocated,False,-4.0,116,63,54.310344827586206,990
colocated,False,-2.0,116,66,56.896551724137936,990
colocated,False,0.0,116,77,66.37931034482759,990
colocated,False,1.0,116,78,67.24137931034483,990
colocated,False,2.0,116,91,78.44827586206897,990
colocated,False,3.0,116,56,48.275862068965516,990
colocated,False,4.0,116,75,64.65517241379311,990
colocated,False,5.0,116,79,68.10344827586206,990
separated,False,-4.0,116,55,47.41379310344828,990
separated,False,-2.0,116,77,66.37931034482759,990
separated,False,0.0,116,70,60.3448275862069,990
separated,False,1.0,116,96,82.75862068965517,990
separated,False,2.0,116,69,59.48275862068966,990
separated,False,3.0,116,75,64.65517241379311,990
separated,False,4.0,116,80,68.96551724137932,990
separated,False,5.0,116,73,62.93103448275862,990
single_speaker,False,-4.0,116,83,71.55172413793103,990
single_speaker,False,-2.0,116,80,68.96551724137932,990
single_speaker,False,0.0,116,90,77.58620689655173,990
single_speaker,False,1.0,116,86,74.13793103448276,990
single_speaker,False,2.0,116,102,87.93103448275862,990
single_speaker,False,3.0,116,79,68.10344827586206,990
single_speaker,False,4.0,116,90,77.58620689655173,990
single_speaker,False,5.0,116,81,69.82758620689656,990
colocated,False,-4.0,116,61,52.58620689655172,991
colocated,False,-2.0,116,66,56.896551724137936,991
colocated,False,0.0,116,71,61.206896551724135,991
colocated,False,1.0,116,72,62.06896551724138,991
colocated,False,2.0,116,93,80.17241379310344,991
colocated,False,3.0,116,68,58.620689655172406,991
colocated,False,4.0,116,81,69.82758620689656,991
colocated,False,5.0,116,92,79.3103448275862,991
separated,False,-4.0,116,63,54.310344827586206,991
separated,False,-2.0,116,69,59.48275862068966,991
separated,False,0.0,116,67,57.758620689655174,991
separated,False,1.0,116,92,79.3103448275862,991
separated,False,2.0,116,82,70.6896551724138,991
separated,False,3.0,116,65,56.03448275862068,991
separated,False,4.0,116,83,71.55172413793103,991
separated,False,5.0,116,71,61.206896551724135,991
single_speaker,False,-4.0,116,92,79.3103448275862,991
single_speaker,False,-2.0,116,83,71.55172413793103,991
single_speaker,False,0.0,116,79,68.10344827586206,991
single_speaker,False,1.0,116,85,73.27586206896551,991
single_speaker,False,2.0,116,94,81.03448275862068,991
single_speaker,False,3.0,116,81,69.82758620689656,991
single_speaker,False,4.0,116,92,79.3103448275862,991
single_speaker,False,5.0,116,88,75.86206896551724,991
colocated,False,-4.0,116,64,55.172413793103445,992
colocated,False,-2.0,116,60,51.724137931034484,992
colocated,False,0.0,116,73,62.93103448275862,992
colocated,False,1.0,116,84,72.41379310344827,992
colocated,False,2.0,116,84,72.41379310344827,992
colocated,False,3.0,116,69,59.48275862068966,992
colocated,False,4.0,116,66,56.896551724137936,992
colocated,False,5.0,116,78,67.24137931034483,992
separated,False,-4.0,116,73,62.93103448275862,992
separated,False,-2.0,116,69,59.48275862068966,992
separated,False,0.0,116,87,75.0,992
separated,False,1.0,116,99,85.34482758620689,992
separated,False,2.0,116,76,65.51724137931035,992
separated,False,3.0,116,69,59.48275862068966,992
separated,False,4.0,116,90,77.58620689655173,992
separated,False,5.0,116,76,65.51724137931035,992
single_speaker,False,-4.0,116,85,73.27586206896551,992
single_speaker,False,-2.0,116,79,68.10344827586206,992
single_speaker,False,0.0,116,80,68.96551724137932,992
single_speaker,False,1.0,116,82,70.6896551724138,992
single_speaker,False,2.0,116,93,80.17241379310344,992
single_speaker,False,3.0,116,77,66.37931034482759,992
single_speaker,False,4.0,116,97,83.62068965517241,992
single_speaker,False,5.0,116,86,74.13793103448276,992
colocated,False,-4.0,116,65,56.03448275862068,993
colocated,False,-2.0,116,58,50.0,993
colocated,False,0.0,116,71,61.206896551724135,993
colocated,False,1.0,116,82,70.6896551724138,993
colocated,False,2.0,116,91,78.44827586206897,993
colocated,False,3.0,116,64,55.172413793103445,993
colocated,False,4.0,116,74,63.793103448275865,993
colocated,False,5.0,116,86,74.13793103448276,993
separated,False,-4.0,116,65,56.03448275862068,993
separated,False,-2.0,116,76,65.51724137931035,993
separated,False,0.0,116,77,66.37931034482759,993
separated,False,1.0,116,89,76.72413793103449,993
separated,False,2.0,116,77,66.37931034482759,993
separated,False,3.0,116,69,59.48275862068966,993
separated,False,4.0,116,88,75.86206896551724,993
separated,False,5.0,116,79,68.10344827586206,993
single_speaker,False,-4.0,116,83,71.55172413793103,993
single_speaker,False,-2.0,116,83,71.55172413793103,993
single_speaker,False,0.0,116,82,70.6896551724138,993
single_speaker,False,1.0,116,96,82.75862068965517,993
single_speaker,False,2.0,116,103,88.79310344827587,993
single_speaker,False,3.0,116,88,75.86206896551724,993
single_speaker,False,4.0,116,92,79.3103448275862,993
single_speaker,False,5.0,116,81,69.82758620689656,993
colocated,False,-4.0,116,67,57.758620689655174,994
colocated,False,-2.0,116,65,56.03448275862068,994
colocated,False,0.0,116,73,62.93103448275862,994
colocated,False,1.0,116,78,67.24137931034483,994
colocated,False,2.0,116,85,73.27586206896551,994
colocated,False,3.0,116,75,64.65517241379311,994
colocated,False,4.0,116,79,68.10344827586206,994
colocated,False,5.0,116,72,62.06896551724138,994
separated,False,-4.0,116,65,56.03448275862068,994
separated,False,-2.0,116,73,62.93103448275862,994
separated,False,0.0,116,80,68.96551724137932,994
separated,False,1.0,116,95,81.89655172413794,994
separated,False,2.0,116,79,68.10344827586206,994
separated,False,3.0,116,74,63.793103448275865,994
separated,False,4.0,116,83,71.55172413793103,994
separated,False,5.0,116,82,70.6896551724138,994
single_speaker,False,-4.0,116,91,78.44827586206897,994
single_speaker,False,-2.0,116,85,73.27586206896551,994
single_speaker,False,0.0,116,80,68.96551724137932,994
single_speaker,False,1.0,116,82,70.6896551724138,994
single_speaker,False,2.0,116,95,81.89655172413794,994
single_speaker,False,3.0,116,84,72.41379310344827,994
single_speaker,False,4.0,116,95,81.89655172413794,994
single_speaker,False,5.0,116,79,68.10344827586206,994
colocated,False,-4.0,116,68,58.620689655172406,995
colocated,False,-2.0,116,67,57.758620689655174,995
colocated,False,0.0,116,77,66.37931034482759,995
colocated,False,1.0,116,77,66.37931034482759,995
colocated,False,2.0,116,82,70.6896551724138,995
colocated,False,3.0,116,66,56.896551724137936,995
colocated,False,4.0,116,84,72.41379310344827,995
colocated,False,5.0,116,78,67.24137931034483,995
separated,False,-4.0,116,64,55.172413793103445,995
separated,False,-2.0,116,77,66.37931034482759,995
separated,False,0.0,116,83,71.55172413793103,995
separated,False,1.0,116,93,80.17241379310344,995
separated,False,2.0,116,78,67.24137931034483,995
separated,False,3.0,116,64,55.172413793103445,995
separated,False,4.0,116,80,68.96551724137932,995
separated,False,5.0,116,69,59.48275862068966,995
single_speaker,False,-4.0,116,85,73.27586206896551,995
single_speaker,False,-2.0,116,76,65.51724137931035,995
single_speaker,False,0.0,116,78,67.24137931034483,995
single_speaker,False,1.0,116,93,80.17241379310344,995
single_speaker,False,2.0,116,105,90.51724137931035,995
single_speaker,False,3.0,116,84,72.41379310344827,995
single_speaker,False,4.0,116,95,81.89655172413794,995
single_speaker,False,5.0,116,83,71.55172413793103,995
colocated,False,-4.0,116,63,54.310344827586206,996
colocated,False,-2.0,116,63,54.310344827586206,996
colocated,False,0.0,116,72,62.06896551724138,996
colocated,False,1.0,116,76,65.51724137931035,996
colocated,False,2.0,116,94,81.03448275862068,996
colocated,False,3.0,116,61,52.58620689655172,996
colocated,False,4.0,116,78,67.24137931034483,996
colocated,False,5.0,116,82,70.6896551724138,996
separated,False,-4.0,116,56,48.275862068965516,996
separated,False,-2.0,116,76,65.51724137931035,996
separated,False,0.0,116,75,64.65517241379311,996
separated,False,1.0,116,98,84.48275862068965,996
separated,False,2.0,116,66,56.896551724137936,996
separated,False,3.0,116,70,60.3448275862069,996
separated,False,4.0,116,83,71.55172413793103,996
separated,False,5.0,116,79,68.10344827586206,996
single_speaker,False,-4.0,116,89,76.72413793103449,996
single_speaker,False,-2.0,116,77,66.37931034482759,996
single_speaker,False,0.0,116,89,76.72413793103449,996
single_speaker,False,1.0,116,98,84.48275862068965,996
single_speaker,False,2.0,116,96,82.75862068965517,996
single_speaker,False,3.0,116,81,69.82758620689656,996
single_speaker,False,4.0,116,100,86.20689655172413,996
single_speaker,False,5.0,116,79,68.10344827586206,996
colocated,False,-4.0,116,71,61.206896551724135,997
colocated,False,-2.0,116,69,59.48275862068966,997
colocated,False,0.0,116,67,57.758620689655174,997
colocated,False,1.0,116,82,70.6896551724138,997
colocated,False,2.0,116,83,71.55172413793103,997
colocated,False,3.0,116,62,53.44827586206896,997
colocated,False,4.0,116,77,66.37931034482759,997
colocated,False,5.0,116,78,67.24137931034483,997
separated,False,-4.0,116,68,58.620689655172406,997
separated,False,-2.0,116,76,65.51724137931035,997
separated,False,0.0,116,85,73.27586206896551,997
separated,False,1.0,116,92,79.3103448275862,997
separated,False,2.0,116,78,67.24137931034483,997
separated,False,3.0,116,69,59.48275862068966,997
separated,False,4.0,116,83,71.55172413793103,997
separated,False,5.0,116,74,63.793103448275865,997
single_speaker,False,-4.0,116,85,73.27586206896551,997
single_speaker,False,-2.0,116,79,68.10344827586206,997
single_speaker,False,0.0,116,81,69.82758620689656,997
single_speaker,False,1.0,116,94,81.03448275862068,997
single_speaker,False,2.0,116,95,81.89655172413794,997
single_speaker,False,3.0,116,86,74.13793103448276,997
single_speaker,False,4.0,116,99,85.34482758620689,997
single_speaker,False,5.0,116,81,69.82758620689656,997
colocated,False,-4.0,116,62,53.44827586206896,998
colocated,False,-2.0,116,66,56.896551724137936,998
colocated,False,0.0,116,74,63.793103448275865,998
colocated,False,1.0,116,83,71.55172413793103,998
colocated,False,2.0,116,87,75.0,998
colocated,False,3.0,116,60,51.724137931034484,998
colocated,False,4.0,116,77,66.37931034482759,998
colocated,False,5.0,116,81,69.82758620689656,998
separated,False,-4.0,116,57,49.137931034482754,998
separated,False,-2.0,116,80,68.96551724137932,998
separated,False,0.0,116,80,68.96551724137932,998
separated,False,1.0,116,93,80.17241379310344,998
separated,False,2.0,116,82,70.6896551724138,998
separated,False,3.0,116,67,57.758620689655174,998
separated,False,4.0,116,81,69.82758620689656,998
separated,False,5.0,116,80,68.96551724137932,998
single_speaker,False,-4.0,116,75,64.65517241379311,998
single_speaker,False,-2.0,116,80,68.96551724137932,998
single_speaker,False,0.0,116,90,77.58620689655173,998
single_speaker,False,1.0,116,88,75.86206896551724,998
single_speaker,False,2.0,116,97,83.62068965517241,998
single_speaker,False,3.0,116,85,73.27586206896551,998
single_speaker,False,4.0,116,96,82.75862068965517,998
single_speaker,False,5.0,116,83,71.55172413793103,998
colocated,False,-4.0,116,62,53.44827586206896,999
colocated,False,-2.0,116,68,58.620689655172406,999
colocated,False,0.0,116,66,56.896551724137936,999
colocated,False,1.0,116,79,68.10344827586206,999
colocated,False,2.0,116,78,67.24137931034483,999
colocated,False,3.0,116,78,67.24137931034483,999
colocated,False,4.0,116,67,57.758620689655174,999
colocated,False,5.0,116,77,66.37931034482759,999
separated,False,-4.0,116,66,56.896551724137936,999
separated,False,-2.0,116,67,57.758620689655174,999
separated,False,0.0,116,87,75.0,999
separated,False,1.0,116,93,80.17241379310344,999
separated,False,2.0,116,86,74.13793103448276,999
separated,False,3.0,116,70,60.3448275862069,999
separated,False,4.0,116,84,72.41379310344827,999
separated,False,5.0,116,75,64.65517241379311,999
single_speaker,False,-4.0,116,81,69.82758620689656,999
single_speaker,False,-2.0,116,75,64.65517241379311,999
single_speaker,False,0.0,116,81,69.82758620689656,999
single_speaker,False,1.0,116,96,82.75862068965517,999
single_speaker,False,2.0,116,102,87.93103448275862,999
single_speaker,False,3.0,116,86,74.13793103448276,999
single_speaker,False,4.0,116,90,77.58620689655173,999
single_speaker,False,5.0,116,88,75.86206896551724,999
